arc/python_arcpy/Precipitation/APHRO_MA_025deg_1998.txt
ncols	360 
nrows	280 
xllcorner	60.125 
yllcorner	-14.875 
cellsize	0.25 
NODATA_value	-99.9 
[rows 31 to 61 of 280, columns 210 to 279 of 360]
359.13 361.04 360.23 358.46 334.93 337.73 345.48 356.20 374.19 403.81 428.87 433.29 379.93 406.79 419.64 434.10 443.94 453.16 462.05 474.68 478.13 474.51 484.02 515.28 547.52 567.92 578.91 593.31 622.15 664.76 694.16 722.14 740.28 732.30 741.86 744.25 746.64 748.06 734.58 710.51 700.25 671.87 650.82 633.09 620.32 614.07 595.65 580.34 581.53 583.55 581.43 576.61 588.55 608.27 598.39 593.46 594.17 589.64 593.73 608.41 627.05 655.00 671.36 669.62 667.98 650.35 634.28 621.05 625.28 618.35
345.88 346.14 342.13 348.93 355.14 361.02 372.03 394.92 411.17 426.93 448.26 461.29 433.10 423.40 427.19 436.08 447.46 454.84 461.23 465.81 464.97 497.78 527.18 540.09 550.86 568.62 583.10 595.62 626.12 674.41 697.42 712.78 733.52 748.05 763.36 768.64 753.94 722.59 728.47 709.59 688.89 663.48 633.35 612.54 605.25 594.04 580.28 569.19 545.41 543.63 548.21 556.17 570.35 580.10 581.94 585.73 585.57 583.20 586.38 604.01 627.48 664.92 691.72 670.73 669.16 658.88 652.28 628.57 614.82 600.64
351.13 342.55 326.12 335.28 349.88 361.36 382.53 396.52 414.67 426.17 431.98 439.71 438.41 434.32 435.19 441.26 455.71 459.79 457.61 465.05 470.27 504.35 525.43 530.65 542.25 562.00 578.15 595.47 624.00 668.48 682.89 698.26 713.54 743.53 782.02 787.16 752.04 727.13 713.92 696.96 672.78 647.63 631.58 610.93 594.99 576.79 561.48 545.06 530.95 516.11 522.11 536.79 547.09 561.65 569.54 567.46 570.22 578.02 588.88 599.92 612.63 626.36 651.18 667.13 661.69 653.37 638.90 635.86 592.71 583.24
343.69 348.18 349.00 355.40 360.58 372.41 382.89 392.58 410.80 423.16 432.14 446.13 448.11 444.16 443.21 439.77 455.77 453.95 455.62 461.97 470.44 489.49 524.88 535.61 546.03 558.07 582.17 593.89 612.54 645.52 668.60 676.36 701.97 727.01 729.61 738.79 724.00 719.32 722.02 700.93 663.31 637.49 611.79 588.91 563.24 558.30 544.55 536.57 530.82 516.74 506.23 518.92 527.44 537.75 554.99 563.16 568.51 573.28 586.02 597.42 603.21 607.71 635.69 642.44 641.23 646.17 626.30 604.06 591.41 575.27
337.74 351.29 363.17 371.50 377.17 387.67 392.67 395.73 410.04 429.81 451.27 468.23 459.09 452.27 443.56 429.82 441.84 454.94 454.81 480.37 498.30 518.26 529.59 538.64 541.65 550.81 567.51 589.81 607.76 623.05 639.92 669.60 672.99 676.42 699.53 699.89 704.77 729.12 736.52 693.47 655.19 625.31 598.83 569.42 554.23 545.07 541.03 527.90 518.84 526.10 530.33 535.19 539.03 538.98 545.97 559.42 569.33 576.10 586.06 592.79 604.49 607.06 620.05 626.96 628.39 626.22 605.82 591.73 580.35 566.63
330.33 342.26 345.63 355.99 371.30 381.97 395.62 407.22 413.85 433.71 463.87 491.55 469.61 452.27 439.87 438.49 454.14 462.49 464.94 490.09 507.38 515.70 520.68 535.61 533.46 548.04 567.41 585.62 608.20 642.60 654.83 649.61 657.01 670.15 660.73 679.26 681.46 685.27 684.38 665.09 654.03 633.10 602.05 571.38 558.66 548.29 539.09 524.25 531.43 546.13 543.50 548.89 550.86 551.52 550.81 553.52 563.07 579.70 591.18 596.62 603.01 606.54 624.81 623.91 615.71 604.95 593.92 590.89 577.64 552.74
275.25 308.85 322.34 328.30 335.96 369.34 389.77 400.34 417.35 434.53 455.46 465.33 453.40 445.49 444.24 440.76 458.60 457.77 464.98 470.80 480.09 495.55 510.84 517.55 523.51 537.22 557.04 590.26 609.08 627.78 629.59 620.83 623.41 631.31 643.21 644.52 645.85 640.41 633.69 633.30 641.88 639.89 597.50 574.40 558.93 541.64 522.75 531.18 550.19 552.12 560.06 558.51 554.53 555.31 556.80 557.78 552.42 570.23 597.30 618.14 634.18 644.38 644.75 627.91 605.58 602.50 623.92 629.84 576.32 551.58
246.61 270.57 296.86 305.84 322.53 357.32 390.30 398.76 415.20 427.33 431.78 434.06 437.61 435.45 433.91 439.27 447.47 450.06 453.17 460.47 481.20 491.24 491.28 507.31 527.53 541.69 553.77 579.27 606.16 622.73 624.46 626.36 618.55 616.42 611.52 618.52 611.21 608.26 604.53 595.12 593.76 587.23 581.49 567.08 557.89 541.47 528.87 535.83 543.05 544.68 550.33 553.10 559.65 567.33 571.37 570.78 573.64 584.00 602.21 626.28 650.90 660.76 650.37 627.93 608.68 606.24 641.31 603.59 577.83 555.86
230.62 240.31 254.65 294.18 315.83 332.54 376.49 399.17 408.38 418.86 423.79 423.02 426.10 428.61 428.36 432.67 449.36 458.16 461.16 476.97 487.06 489.72 498.99 497.79 507.34 533.75 551.41 566.30 599.07 607.68 611.43 604.19 602.83 599.66 592.35 592.87 584.29 581.83 581.23 571.76 560.07 560.94 559.78 558.16 558.96 565.74 566.50 564.20 547.08 543.11 548.83 560.37 575.15 593.66 594.32 592.02 594.68 600.70 621.98 633.42 653.13 683.08 672.13 627.37 604.18 613.33 623.20 591.07 558.97 546.32
221.84 229.44 243.12 282.68 306.55 322.87 334.81 373.80 393.15 406.04 418.02 417.78 417.46 421.50 425.93 431.08 449.38 468.41 475.15 483.51 492.12 500.45 495.37 503.04 512.41 527.21 546.94 550.49 553.14 564.28 576.38 591.06 577.24 570.67 566.56 565.95 555.67 551.98 547.36 545.43 541.81 541.43 539.90 534.52 534.54 556.40 575.92 562.34 553.70 553.48 563.84 574.49 591.05 612.93 615.53 608.85 612.09 625.47 640.96 649.77 648.50 667.40 677.23 660.44 622.62 620.17 605.76 575.04 541.93 528.66
213.79 220.65 238.92 275.19 296.12 308.71 319.44 330.64 359.10 382.73 398.17 402.32 408.37 416.85 422.51 427.58 435.84 455.97 476.11 497.11 523.58 513.12 512.99 521.94 528.41 544.71 547.60 547.75 541.79 544.88 543.17 541.96 535.09 527.49 529.67 526.96 526.69 524.12 527.45 529.32 529.12 509.78 510.57 513.60 520.28 541.03 546.67 550.12 557.60 565.77 581.86 592.57 604.24 614.50 615.69 623.78 651.58 655.60 661.25 660.31 677.68 690.05 701.01 707.46 658.35 619.45 578.90 555.42 537.80 538.63
205.39 212.63 224.83 241.29 273.49 292.58 308.19 319.09 331.35 354.13 380.44 387.68 398.58 406.35 416.67 429.70 451.41 467.15 479.36 494.60 507.85 512.19 520.87 533.89 540.33 546.90 541.29 542.08 537.63 524.01 519.17 519.32 514.34 512.35 510.15 512.06 511.23 512.43 514.13 513.07 510.57 507.34 507.65 506.78 524.45 525.88 532.74 544.38 560.38 577.82 592.51 607.95 620.32 629.56 663.97 667.79 680.99 690.97 702.70 708.97 709.44 707.41 731.81 704.25 651.52 605.04 566.58 549.15 543.98 554.22
201.02 206.12 212.37 218.95 234.91 263.02 285.16 296.74 310.11 332.78 366.19 379.57 391.87 409.95 431.11 442.71 464.86 462.98 470.72 482.88 501.85 511.30 522.00 521.83 532.87 540.88 546.02 568.52 557.95 528.42 518.26 508.19 499.61 496.92 496.64 500.84 499.05 499.02 497.92 497.44 498.33 504.82 506.79 511.00 523.83 530.19 543.18 559.20 577.02 591.57 612.19 625.80 640.75 675.46 702.32 707.52 723.17 738.05 740.21 736.79 737.08 730.64 745.73 690.85 640.95 579.36 546.80 539.97 543.64 542.76
192.26 197.37 204.18 207.55 218.67 252.47 266.03 278.34 294.48 323.80 354.98 369.72 385.12 406.36 430.23 438.27 450.58 462.68 472.14 489.80 500.81 502.75 505.47 509.20 519.26 525.83 542.09 568.36 543.03 518.71 506.61 497.45 495.81 500.07 498.53 500.32 487.96 484.59 490.10 490.38 491.69 507.57 532.64 530.79 533.18 546.97 564.81 580.08 596.09 610.80 635.75 675.76 697.32 715.40 731.89 763.49 773.55 767.93 766.25 734.70 731.28 725.36 702.46 649.78 610.34 569.33 568.29 555.17 550.65 545.14
189.98 199.02 205.24 207.71 236.57 252.27 265.81 279.59 292.03 309.45 333.00 347.43 371.28 393.46 414.23 428.07 441.90 456.75 467.36 485.48 494.72 493.02 493.83 489.43 497.01 497.18 511.83 509.12 499.50 490.24 489.44 489.08 496.97 502.60 511.42 515.41 500.43 485.58 485.60 496.63 508.06 535.17 538.97 531.52 542.39 567.15 592.75 615.35 625.76 646.81 677.79 701.37 718.45 747.31 782.01 804.37 813.47 783.78 775.69 738.33 745.54 721.91 691.60 645.36 631.26 616.52 606.82 564.35 541.31 550.29
194.28 197.30 205.85 214.01 242.93 254.92 266.75 280.22 287.33 305.92 332.50 348.44 370.96 395.73 415.57 427.53 439.43 448.54 458.56 475.20 478.41 488.37 483.36 478.00 472.93 469.80 476.45 469.90 469.16 471.76 473.15 480.46 488.76 501.68 515.12 530.57 537.18 536.93 535.21 543.71 550.13 558.40 561.18 559.04 570.19 594.65 624.69 663.11 673.25 681.22 705.17 735.43 754.29 777.08 802.50 822.83 831.34 807.36 779.04 765.92 777.48 749.25 705.67 660.36 638.74 613.91 598.30 564.13 548.85 549.88
200.98 204.56 209.75 224.34 248.99 258.61 269.37 293.80 309.35 319.50 332.91 346.92 375.35 396.79 415.59 435.36 441.72 448.28 452.80 455.20 468.94 480.14 480.07 470.47 461.82 443.59 438.29 454.15 462.09 465.63 474.29 490.19 506.84 528.45 542.09 562.46 564.17 566.54 572.02 577.00 581.88 589.53 583.85 571.23 612.20 639.35 706.78 753.93 744.99 730.97 755.34 776.61 791.84 804.80 824.18 833.90 846.17 831.06 802.14 794.59 780.26 753.38 706.00 663.78 633.69 602.81 595.95 560.80 534.25 537.28
208.10 211.75 220.97 243.27 248.09 256.09 280.25 299.92 311.72 327.21 348.74 361.03 385.63 398.86 417.95 434.67 441.48 443.98 461.30 489.12 499.13 499.46 500.89 480.77 461.44 434.83 426.44 456.04 474.13 481.94 497.36 509.03 518.38 537.27 560.49 582.28 588.47 591.81 596.75 602.43 608.97 583.50 571.48 579.87 631.54 716.83 739.32 763.71 773.87 775.85 781.04 794.18 811.95 822.55 839.95 834.73 854.19 854.17 815.87 790.27 777.26 763.49 738.23 693.88 656.55 623.83 579.33 532.78 520.48 529.05
225.19 233.69 238.37 252.12 257.80 268.43 292.62 310.90 321.54 338.30 357.41 371.14 392.46 407.67 419.97 431.02 447.49 478.41 489.74 499.68 502.12 502.45 494.66 473.18 460.11 445.93 442.62 453.42 469.39 487.72 496.14 507.21 519.57 549.89 592.26 620.19 629.01 615.87 602.90 607.26 591.11 589.86 595.02 612.93 662.55 733.68 742.72 747.81 788.77 807.80 814.74 812.49 808.92 826.31 836.17 830.12 847.86 837.61 813.22 818.13 799.19 779.61 751.49 725.49 727.57 658.51 599.32 569.49 550.14 547.84
255.15 244.28 263.52 284.05 294.63 302.70 309.19 328.94 340.62 352.70 377.12 393.21 412.63 419.67 425.41 434.30 454.95 485.43 494.50 504.87 502.29 495.91 489.54 474.29 460.72 452.50 454.62 461.94 480.26 501.05 512.75 526.19 537.70 571.80 610.62 634.21 649.00 642.35 606.40 619.56 621.26 611.30 612.64 621.87 653.29 708.10 751.31 759.09 784.46 835.84 839.66 830.88 821.72 826.76 832.81 835.63 844.21 830.01 824.30 809.00 804.00 806.90 784.76 743.17 722.18 674.04 620.91 587.78 553.84 555.75
294.29 300.07 306.14 316.38 322.22 331.43 338.42 345.70 353.62 368.48 401.70 415.43 431.66 429.53 434.54 438.02 476.64 498.07 511.25 516.84 518.36 525.19 508.16 497.74 487.10 475.67 474.97 484.12 512.29 527.73 547.97 567.87 581.31 595.98 624.76 654.12 676.35 669.64 621.36 612.63 632.12 641.95 608.56 614.77 647.88 702.85 758.64 762.91 791.41 859.97 863.76 860.44 848.16 846.43 850.49 862.41 853.08 853.79 830.34 803.56 813.34 869.41 939.44 788.80 711.30 658.49 625.63 638.61 569.14 542.27
335.11 333.83 342.05 347.42 353.31 353.94 359.55 365.06 370.14 403.69 417.31 430.77 444.40 450.90 467.27 486.45 499.08 519.43 532.31 535.90 552.54 547.60 537.95 526.67 519.10 514.82 493.86 500.44 531.60 556.30 581.66 608.14 618.22 632.76 657.60 681.64 691.82 698.46 651.96 620.86 629.15 623.11 588.99 570.79 588.12 666.38 772.75 764.39 789.76 870.35 883.48 889.04 882.92 887.15 874.51 848.26 857.24 823.26 830.68 799.73 790.75 844.92 912.09 790.84 712.37 673.90 690.94 652.54 536.56 501.61
357.77 358.21 364.58 366.54 367.36 361.80 359.54 365.41 398.08 418.60 430.97 443.56 452.77 466.42 490.15 512.39 527.66 541.66 552.73 559.16 566.59 563.46 568.93 570.65 558.07 539.72 531.77 530.51 549.97 577.70 613.29 659.27 680.26 678.54 687.34 710.04 737.68 724.44 703.87 644.90 613.61 582.10 556.13 435.80 475.88 641.75 713.42 758.44 791.24 843.61 887.44 893.61 891.46 941.66 915.14 879.18 829.42 816.48 789.96 772.84 761.56 769.10 700.18 681.97 691.55 694.48 732.87 586.49 496.77 -99.90
394.08 391.01 387.86 385.57 381.10 362.97 363.28 370.88 417.99 431.39 440.77 450.29 463.58 486.37 516.16 541.12 572.16 579.95 583.45 588.91 590.32 602.04 595.71 599.42 585.13 578.70 574.34 564.61 552.83 587.38 635.96 677.67 704.32 730.08 743.83 737.12 745.14 732.44 691.62 661.90 630.00 601.55 573.67 557.45 606.49 688.03 722.08 757.45 811.92 868.13 885.36 861.62 883.08 911.82 929.83 877.99 828.69 811.57 770.93 712.06 671.53 643.53 603.98 620.03 679.19 658.94 603.76 534.80 489.68 513.72
430.03 428.24 427.30 410.12 382.18 373.52 375.18 409.86 429.17 437.65 444.27 461.78 468.40 492.26 518.28 563.17 607.96 604.91 611.07 618.98 625.01 633.52 633.50 638.26 627.98 626.16 627.10 619.56 627.30 640.87 668.19 685.65 709.83 752.39 833.10 781.63 745.16 719.55 688.91 647.16 607.62 610.96 607.01 635.52 680.08 721.56 755.11 794.99 847.85 930.27 925.52 880.32 898.33 916.66 918.47 878.79 830.31 768.89 721.97 655.56 630.16 634.93 582.76 589.15 643.90 602.30 561.89 534.65 530.30 -99.90
431.54 438.12 429.32 409.72 392.28 375.79 377.57 406.73 429.90 443.53 448.84 469.33 474.40 491.33 526.97 566.66 602.33 623.50 634.34 658.41 669.32 670.00 682.42 683.93 683.88 685.30 680.36 669.21 682.13 687.93 681.14 692.56 699.42 724.09 767.30 753.65 713.24 689.42 676.89 637.74 597.38 611.03 638.47 668.90 725.53 761.04 783.52 836.02 909.83 991.55 973.93 934.39 908.69 895.27 885.81 872.51 810.46 740.70 680.13 643.95 620.67 580.07 524.98 544.06 580.18 572.59 562.73 549.08 557.27 -99.90
461.82 440.46 417.45 398.28 393.94 387.54 380.04 402.52 425.33 438.47 437.57 446.38 470.66 495.06 534.06 575.52 604.56 638.34 660.21 689.65 721.23 734.74 736.07 743.82 747.51 746.74 720.65 710.07 715.86 712.93 699.05 686.31 680.71 708.42 -99.90 -99.90 -99.90 -99.90 650.23 651.05 622.50 614.57 650.74 679.57 735.92 801.94 836.27 891.68 956.98 995.09 981.45 948.22 918.57 914.94 881.15 839.90 787.56 716.00 652.26 616.24 615.17 598.42 551.83 548.10 552.03 566.26 577.92 566.78 -99.90 -99.90
474.42 453.19 429.72 401.73 391.54 364.68 385.19 415.44 427.23 433.15 433.47 417.99 434.33 479.18 543.16 587.04 610.54 647.15 684.58 717.39 753.53 781.66 774.56 764.87 789.04 815.92 761.71 722.74 711.35 718.97 716.96 716.03 687.17 676.21 -99.90 -99.90 -99.90 -99.90 603.97 607.52 639.49 682.42 709.10 751.86 798.57 840.10 893.56 958.05 997.12 990.10 986.15 973.91 939.64 901.79 862.25 836.28 780.53 719.23 643.19 607.12 605.06 601.49 571.03 569.40 574.17 600.90 612.44 -99.90 -99.90 -99.90
456.09 450.88 430.33 405.38 402.45 393.09 398.02 407.12 415.62 427.14 440.74 449.70 469.71 514.88 589.97 574.26 565.94 583.54 625.72 637.79 704.15 805.64 800.50 769.70 761.83 763.59 764.93 757.74 719.25 707.66 704.95 679.43 -99.90 -99.90 -99.90 -99.90 -99.90 610.72 564.62 609.19 647.90 703.96 739.62 780.24 826.61 878.38 929.50 1022.89 1007.05 991.24 1003.63 976.52 933.56 880.07 842.94 825.78 807.10 759.63 726.40 678.42 661.60 642.85 624.67 630.35 645.05 -99.90 -99.90 -99.90 -99.90 -99.90
449.16 459.54 442.10 424.84 416.60 424.13 417.03 413.12 414.26 435.74 450.17 453.14 476.01 529.34 574.86 565.85 551.92 513.15 527.79 556.28 610.53 666.26 743.66 759.79 740.42 729.55 728.38 721.90 732.40 707.74 -99.90 -99.90 -99.90 -99.90 -99.90 656.60 632.18 599.41 608.10 631.67 661.89 706.63 737.03 760.40 804.90 842.85 875.39 914.96 934.53 942.67 966.23 941.71 891.84 852.93 848.43 840.67 837.31 821.70 812.15 769.61 767.30 766.72 765.10 -99.90 -99.90 -99.90 -99.90 -99.90 -99.90 -99.90
476.79 463.88 455.12 441.59 441.18 441.70 422.26 425.45 448.02 441.33 444.07 469.61 504.13 539.64 540.33 508.81 511.14 445.04 439.33 501.86 552.90 608.71 704.01 696.37 709.97 687.49 681.95 697.71 -99.90 -99.90 -99.90 -99.90 -99.90 -99.90 653.32 638.94 619.34 609.42 617.60 640.12 669.04 724.64 740.04 762.30 -99.90 -99.90 -99.90 -99.90 859.94 903.14 910.06 882.71 813.90 823.67 855.78 873.99 886.52 901.70 897.30 874.18 892.33 -99.90 -99.90 -99.90 -99.90 -99.90 -99.90 -99.90 -99.90 -99.90
