arc/python_arcpy/Precipitation/APHRO_MA_025deg_2007.txt
ncols	360 
nrows	280 
xllcorner	60.125 
yllcorner	-14.875 
cellsize	0.25 
NODATA_value	-99.9 
[rows 0 to 30 of 280, columns 0 to 69 of 360]
105.48 101.22 100.41 101.09 101.42 97.57 90.50 81.92 74.78 70.89 66.87 61.86 51.35 47.87 44.32 42.38 39.80 39.28 35.72 31.77 30.62 29.01 27.62 27.50 26.57 25.04 23.10 21.31 20.06 21.50 21.08 21.75 22.58 23.68 24.96 27.31 31.11 31.91 32.81 33.10 36.36 38.72 42.43 47.92 48.94 52.72 59.25 65.14 71.91 78.92 88.34 99.36 110.51 127.07 137.38 143.64 152.37 157.37 167.63 184.98 198.02 213.79 240.69 267.04 293.84 301.52 308.53 322.94 340.32 353.60
89.04 88.01 88.35 86.70 84.26 81.49 74.57 68.70 65.26 61.57 58.84 54.92 46.49 43.13 39.14 37.07 34.74 32.32 29.69 28.13 27.18 25.70 24.97 25.52 24.82 21.87 20.79 18.93 18.58 19.51 19.37 20.29 20.95 21.26 23.37 25.23 26.96 27.89 30.66 31.18 33.75 35.91 38.09 41.36 44.05 47.25 54.05 61.93 66.13 69.33 77.08 89.54 102.21 112.44 123.70 131.44 141.91 152.71 157.83 171.51 186.90 199.53 216.79 240.54 256.19 274.17 289.43 309.40 323.26 335.66
80.28 80.02 77.42 74.41 71.27 68.35 63.66 59.48 56.80 53.97 51.03 47.53 43.16 38.30 35.72 34.19 31.87 29.60 26.96 25.25 24.53 23.16 23.28 23.47 21.73 19.64 18.59 17.12 16.76 17.85 17.89 18.77 18.85 18.83 19.48 22.17 23.25 23.85 26.79 29.71 32.32 33.81 35.98 38.27 40.97 43.74 49.17 57.83 61.98 65.95 72.01 79.88 91.83 102.21 112.67 121.98 135.07 140.39 147.02 162.34 178.43 192.90 213.19 230.67 243.66 256.08 276.80 300.15 329.25 345.69
69.90 65.33 65.00 62.74 59.93 56.60 52.02 49.98 49.20 47.45 44.44 42.53 38.38 36.09 33.68 31.85 29.27 26.54 24.03 23.03 22.40 21.50 22.01 21.00 19.80 18.37 16.97 15.92 15.02 16.25 16.80 16.97 16.72 16.53 17.26 19.88 20.57 22.01 24.29 28.20 31.48 32.34 34.08 36.71 38.77 42.14 48.48 53.86 59.79 64.47 72.06 74.55 83.21 95.56 107.63 117.45 126.39 133.60 135.27 144.42 166.95 185.87 202.85 215.65 229.39 241.79 254.10 269.79 293.11 311.88
59.29 56.69 54.15 51.56 50.35 48.79 46.47 44.81 43.99 42.58 37.42 36.16 34.68 33.54 31.34 28.76 26.30 24.46 22.42 21.45 20.51 19.84 19.99 18.95 18.16 17.58 16.46 15.02 14.70 15.32 15.21 15.51 15.08 14.61 15.52 18.14 19.28 20.57 22.16 25.30 28.46 30.34 32.35 35.69 37.97 40.41 45.37 50.34 60.26 65.85 70.20 73.99 80.30 91.40 106.50 117.48 124.21 136.45 142.27 148.56 162.22 175.48 189.20 198.00 206.83 210.58 224.41 249.23 267.20 284.92
50.49 49.82 48.21 46.57 45.31 44.42 42.71 40.39 39.66 38.17 34.16 33.10 32.18 29.89 27.34 24.97 23.33 22.23 21.38 19.71 18.06 16.99 17.39 17.29 16.75 16.20 15.45 13.93 13.41 12.99 12.66 13.25 13.78 13.25 14.34 16.07 17.35 18.58 20.11 23.54 25.96 28.73 31.64 33.60 35.64 37.11 40.23 47.55 52.44 59.66 66.18 72.94 80.06 89.39 102.27 115.04 126.33 133.15 139.36 146.05 153.69 157.97 167.06 182.29 193.24 203.55 216.85 231.48 246.66 256.63
45.39 46.02 45.46 43.50 42.07 38.99 37.21 35.77 32.37 30.17 29.12 27.51 26.24 23.59 21.04 19.78 19.19 18.66 18.25 17.32 16.10 15.31 15.24 15.14 14.71 14.20 13.18 12.29 12.00 11.43 11.59 12.47 12.48 11.75 12.02 13.52 14.27 15.16 16.63 20.48 23.74 26.81 29.92 31.63 33.69 35.80 38.60 44.10 50.87 56.73 60.93 68.44 75.92 86.14 97.46 112.79 123.42 132.66 137.97 141.22 140.17 133.18 151.80 172.10 190.26 204.40 214.30 223.72 236.48 246.13
43.94 43.26 43.17 40.94 38.34 36.36 34.78 33.00 29.19 27.42 26.05 25.16 22.85 19.36 16.74 16.83 16.85 16.57 16.21 15.68 14.84 13.68 13.71 13.79 13.65 12.72 11.24 9.72 10.41 10.15 9.81 9.93 10.08 10.04 9.85 11.05 12.14 13.16 15.77 18.70 22.50 25.81 28.67 31.72 33.29 34.96 37.43 41.48 48.80 54.32 58.19 64.21 75.37 82.59 93.53 107.20 120.98 131.11 136.39 140.11 143.77 148.08 159.77 170.38 184.40 200.04 209.80 218.59 226.67 235.84
42.36 40.54 38.59 36.16 33.30 32.04 31.35 29.74 27.36 25.45 24.26 22.09 20.55 18.60 16.96 16.41 15.62 14.90 14.75 14.51 13.52 13.50 13.22 13.14 12.56 11.32 9.63 7.88 7.94 7.47 7.17 7.71 8.13 8.36 8.23 9.19 11.06 12.96 15.78 18.03 21.05 24.26 27.74 30.52 32.07 34.16 37.83 42.58 46.83 52.03 56.99 64.21 74.21 81.44 88.95 100.16 112.46 124.80 135.68 142.80 148.16 154.40 160.88 166.78 163.35 173.94 178.46 198.44 213.02 226.68
35.78 33.92 32.50 31.12 29.64 28.82 27.75 25.90 25.76 24.45 22.15 20.32 19.14 18.32 16.87 16.05 15.31 14.07 13.28 12.74 12.74 13.02 13.03 12.15 11.10 10.43 8.64 6.95 6.73 6.68 6.85 6.81 7.52 7.32 7.11 8.65 10.22 11.97 14.84 18.30 20.84 23.52 26.11 29.36 31.45 34.15 37.24 40.27 45.87 51.30 58.09 63.35 69.50 75.78 83.73 96.46 106.25 116.34 131.01 138.18 142.62 148.29 149.65 150.12 151.15 155.06 154.90 162.57 178.96 213.04
34.52 33.22 30.17 28.84 27.21 25.08 24.02 22.82 22.12 21.35 19.85 18.73 18.08 17.30 16.00 15.25 14.68 13.31 12.56 12.15 12.24 12.44 11.95 11.45 10.27 9.27 8.11 7.19 6.92 6.67 6.78 6.40 6.67 6.57 6.83 8.56 9.82 11.09 13.89 16.84 20.78 23.62 25.22 28.25 30.81 33.41 37.50 40.61 45.49 49.25 56.09 62.20 68.42 72.73 75.99 85.71 96.87 109.81 126.20 134.61 137.28 136.06 141.97 142.95 145.25 146.24 145.07 147.03 161.29 189.04
33.90 31.32 29.41 26.62 24.85 23.89 22.07 20.37 19.58 19.15 18.59 17.85 16.79 15.81 14.82 14.12 13.46 11.75 10.35 10.84 11.31 11.35 11.01 10.40 9.45 8.72 7.66 6.88 6.62 6.39 6.63 6.25 6.58 6.53 7.07 8.42 9.40 10.51 13.24 16.00 19.97 23.09 24.33 27.34 29.45 32.26 35.60 41.97 46.87 49.97 53.63 59.03 64.71 65.07 70.60 81.32 97.80 106.90 120.07 124.26 121.08 133.12 140.48 146.10 146.86 144.41 148.29 150.43 154.95 167.72
29.89 28.47 26.72 24.10 22.25 21.39 19.96 19.19 18.49 18.02 17.28 16.28 15.75 14.75 13.37 12.74 11.77 10.45 9.12 8.91 8.88 8.88 8.97 8.89 8.34 7.63 6.68 5.82 5.80 5.90 6.07 5.87 6.07 6.81 7.39 8.94 9.80 10.83 13.51 15.79 17.93 20.12 21.78 24.27 27.22 32.09 35.36 40.51 46.25 49.49 52.95 61.29 63.77 60.78 64.64 80.13 93.77 103.96 113.61 124.74 130.73 135.41 139.52 145.87 142.96 144.85 149.71 153.08 155.09 163.27
26.84 24.89 22.69 21.61 20.43 19.22 18.38 17.41 16.43 16.33 15.55 14.41 13.58 12.75 12.50 11.62 10.83 9.71 8.93 8.71 8.46 7.91 7.78 7.90 7.57 6.89 6.15 5.26 5.27 5.29 5.22 5.48 6.01 6.47 7.01 8.67 9.61 10.34 11.19 13.00 14.55 15.49 17.70 20.13 24.89 29.07 30.57 35.77 43.71 49.27 53.94 57.87 60.85 59.19 63.11 75.06 90.35 101.37 117.26 128.00 135.52 136.69 141.80 140.49 143.82 145.33 146.20 150.42 154.78 156.63
23.45 22.83 21.99 21.01 20.22 18.16 16.81 15.70 14.90 14.46 13.94 13.08 12.71 11.76 11.12 10.39 9.44 8.86 7.95 7.87 7.93 7.36 6.96 6.70 6.13 5.85 5.48 4.92 4.30 4.32 4.57 4.89 5.35 6.06 6.67 8.61 9.43 9.63 10.54 12.11 12.88 13.20 12.88 14.29 21.69 23.92 26.31 30.27 37.25 44.15 49.06 53.51 56.76 59.31 57.89 70.79 89.33 100.31 116.75 127.80 135.46 138.96 145.18 150.19 152.10 153.47 154.78 153.27 152.87 153.35
21.91 20.68 19.96 19.14 18.29 17.23 15.81 14.80 13.71 13.00 12.18 11.68 11.15 10.15 9.04 8.63 8.42 7.81 7.03 7.39 7.29 6.97 6.65 6.30 5.62 5.32 4.81 4.26 3.89 3.97 4.21 4.65 4.76 5.16 6.04 7.90 8.52 9.00 9.89 11.41 11.87 12.28 11.98 12.65 19.88 22.87 25.38 26.31 34.59 38.56 43.24 45.61 50.46 54.43 56.10 65.37 80.66 91.31 110.56 118.32 125.09 132.14 135.37 143.17 152.90 159.58 155.60 157.47 164.50 166.23
21.77 18.53 17.41 16.28 15.35 14.58 13.79 12.56 11.76 11.05 10.74 9.86 9.37 9.10 8.28 7.68 7.35 6.88 6.32 6.42 6.49 6.47 6.30 6.02 5.44 4.52 4.11 3.81 3.55 3.56 3.85 4.27 4.65 4.88 5.16 6.06 7.11 7.88 9.24 10.75 11.09 11.31 11.19 12.06 15.16 18.65 20.31 22.39 30.10 35.36 39.44 42.07 45.34 46.90 49.22 58.17 72.18 85.04 98.52 104.04 111.28 118.48 128.03 133.08 142.09 150.21 157.74 163.60 165.24 163.31
19.73 16.85 15.75 15.27 14.30 13.64 13.41 12.20 11.27 10.48 9.83 9.21 8.47 8.16 7.84 7.29 6.85 6.55 5.90 5.76 5.53 5.45 5.65 5.64 5.45 4.48 3.83 3.30 3.28 3.40 3.60 3.85 4.47 4.58 4.75 5.15 5.65 6.69 7.71 8.76 9.73 11.11 11.59 11.86 13.56 16.29 18.72 21.18 26.79 30.45 33.92 35.31 37.96 39.14 41.74 54.70 69.79 83.32 92.71 99.61 106.12 110.33 116.75 124.69 128.53 137.87 146.62 150.01 151.85 151.98
18.55 15.80 14.77 14.28 13.36 12.46 11.96 11.23 9.94 9.15 8.64 8.00 7.50 6.98 6.79 6.59 6.47 6.32 5.61 5.36 4.77 4.53 4.32 4.11 3.86 3.45 3.43 3.28 3.29 3.33 3.76 3.94 4.13 4.24 4.37 5.00 4.79 5.31 6.35 7.31 7.59 8.18 9.07 10.43 12.10 13.01 14.84 18.27 24.19 27.44 30.42 32.06 33.47 34.46 38.60 49.33 62.73 73.36 83.63 93.89 100.43 105.56 113.10 116.70 121.40 129.20 130.58 139.34 139.27 143.13
16.37 14.62 13.40 12.91 12.36 11.47 10.83 9.79 9.28 8.44 8.30 7.86 7.17 6.76 6.65 6.33 5.99 5.84 4.93 4.52 4.16 3.93 3.87 3.94 3.77 3.53 3.46 3.08 3.14 3.51 3.64 3.89 4.08 4.10 4.10 4.45 3.93 3.79 4.80 6.51 6.98 7.23 7.26 8.08 10.64 11.51 12.78 15.48 20.20 23.63 26.59 28.20 29.18 31.35 38.62 46.18 56.94 63.74 72.79 78.07 85.52 91.91 95.30 101.16 108.21 118.08 123.52 132.16 144.42 134.81
14.40 14.08 12.68 12.37 11.89 11.03 10.14 9.18 8.64 8.12 8.01 7.62 6.47 6.38 5.98 5.72 5.53 5.25 4.40 4.12 3.88 3.70 3.67 3.62 3.58 3.38 3.18 2.99 2.99 3.01 2.83 3.06 3.40 3.37 3.38 3.79 3.59 3.68 4.02 4.52 5.61 6.33 7.03 8.38 9.99 11.36 12.02 16.49 20.75 23.78 24.59 26.75 27.85 31.69 36.84 44.78 48.40 53.36 64.83 69.25 73.62 76.73 78.79 79.50 88.41 93.32 103.48 109.89 114.69 119.96
14.54 13.17 11.84 10.90 10.56 9.84 8.23 7.86 7.58 7.46 7.32 6.09 5.40 5.36 5.42 5.08 4.84 4.64 4.16 3.94 3.79 3.78 3.56 3.42 3.20 3.01 2.93 2.81 2.57 2.58 2.49 2.53 2.61 2.62 2.82 3.16 3.18 3.26 3.70 3.89 4.16 4.70 6.33 8.22 10.34 11.58 13.08 18.87 20.14 21.90 22.34 24.62 27.18 32.26 35.16 38.65 43.85 49.85 56.86 58.08 58.38 59.37 63.41 72.32 76.40 77.32 78.58 80.34 81.35 85.90
12.49 11.38 11.03 9.93 9.34 8.93 7.56 6.69 6.59 6.50 5.73 5.36 5.21 5.02 4.98 4.78 4.55 4.30 3.93 3.76 3.84 3.73 3.60 3.20 2.98 2.71 2.92 2.66 2.56 2.54 2.60 2.61 2.61 2.57 2.40 2.63 2.81 2.98 3.23 3.50 3.68 4.04 4.89 6.33 8.89 10.46 11.58 13.87 16.90 19.78 22.56 22.41 23.71 26.73 27.95 31.60 38.58 43.50 46.99 49.00 50.11 51.14 55.09 61.14 64.38 68.25 71.07 70.27 66.42 64.44
11.74 11.26 10.43 9.43 8.74 7.95 7.57 6.06 5.56 5.22 4.93 4.61 4.50 4.31 4.23 4.06 4.03 3.96 3.69 3.46 3.39 3.36 3.32 3.18 2.62 2.58 2.69 2.59 2.52 2.41 2.42 2.49 2.53 2.44 2.30 2.27 2.43 2.61 2.79 2.97 3.11 3.36 3.97 4.99 6.56 8.32 10.32 12.48 14.31 16.47 20.01 20.26 20.77 23.78 24.61 26.88 32.02 37.15 39.68 41.49 43.01 43.79 50.04 51.35 53.47 57.78 57.53 54.10 52.22 52.03
10.54 10.12 9.81 9.29 8.54 7.75 6.96 5.25 4.78 4.68 4.29 4.14 3.99 4.01 3.98 3.93 3.87 3.78 3.67 3.42 3.31 3.21 3.09 2.80 2.62 2.47 2.58 2.53 2.43 2.34 2.35 2.37 2.44 2.40 2.19 2.10 2.11 2.33 2.54 2.75 2.94 3.02 3.35 4.10 5.20 7.52 10.33 12.12 12.33 13.38 15.17 16.93 17.34 18.81 19.69 21.19 24.81 30.05 32.88 34.69 36.06 37.95 38.01 37.62 36.45 38.90 42.17 42.98 43.68 44.73
9.61 9.28 9.02 8.77 7.85 7.14 6.58 5.16 4.77 4.76 4.41 4.11 3.74 3.73 3.71 3.70 3.69 3.55 3.48 3.27 3.21 3.01 2.90 2.83 2.72 2.72 2.75 2.62 2.51 2.33 2.31 2.32 2.33 2.31 2.32 2.18 2.13 2.25 2.36 2.43 2.64 2.86 3.09 3.58 4.39 5.69 7.14 9.23 8.55 9.96 11.92 13.27 14.25 15.27 15.82 16.86 18.03 20.48 23.54 25.58 26.49 29.06 27.60 27.37 27.57 27.96 30.52 32.89 34.87 36.21
10.21 10.27 9.91 9.57 8.84 7.38 6.58 5.68 5.41 5.40 5.58 6.00 5.66 5.46 4.99 4.50 3.83 3.35 3.28 3.20 3.49 3.29 3.49 3.61 3.09 2.81 2.92 2.73 2.55 2.30 2.29 2.28 2.29 2.30 2.34 2.41 2.41 2.34 2.29 2.35 2.49 2.65 3.07 3.36 3.82 4.69 5.29 5.84 6.21 7.37 8.12 9.17 10.38 11.37 12.07 14.06 14.98 15.41 16.98 17.83 18.85 19.84 21.13 22.48 24.04 24.30 24.68 25.53 27.62 28.40
10.00 9.77 9.52 8.91 8.40 7.25 6.70 6.66 7.03 7.08 8.03 8.22 8.23 8.00 7.61 7.90 7.89 7.85 7.64 7.68 7.05 5.78 4.94 4.85 4.35 4.26 4.27 4.26 4.36 4.13 3.97 3.94 3.92 3.80 2.42 2.39 2.45 2.50 2.54 2.55 2.63 2.88 3.18 3.39 3.57 4.08 4.56 4.62 4.92 5.58 5.67 6.17 6.74 7.85 8.70 9.33 10.16 10.77 11.45 11.82 12.14 13.11 13.73 15.47 16.99 17.56 18.42 18.50 19.72 22.01
9.92 9.69 9.00 8.37 7.63 6.78 7.70 7.85 8.04 8.37 8.52 8.50 8.71 9.23 9.66 9.70 9.74 9.97 9.83 9.71 9.56 9.34 8.91 8.17 6.92 6.02 5.35 5.15 5.18 4.69 4.71 4.55 4.20 4.02 3.91 3.71 3.67 3.59 3.01 2.82 2.74 2.95 3.07 3.15 3.23 3.68 4.16 4.30 4.42 4.46 4.51 4.71 5.00 5.60 5.92 6.02 6.06 6.49 7.15 7.72 8.01 9.04 10.44 11.30 12.00 12.66 13.01 13.24 13.30 15.20
10.07 8.93 8.28 7.87 7.57 7.18 8.28 8.03 7.95 8.33 8.43 8.76 9.14 9.53 9.90 10.08 10.16 10.17 10.08 9.96 9.76 9.61 9.29 9.66 9.48 9.11 8.74 7.94 7.58 7.18 6.72 5.27 4.84 4.46 4.38 4.29 4.24 4.30 3.68 3.28 3.15 3.12 3.05 3.07 3.32 3.83 4.16 4.30 4.64 4.47 4.50 4.83 5.00 5.09 5.14 5.11 4.90 4.51 4.65 5.43 5.86 6.40 6.92 7.46 8.07 8.04 8.25 8.83 8.56 9.22
9.31 8.83 8.64 8.46 8.18 7.89 9.16 9.09 9.68 9.54 9.38 9.41 9.54 9.67 9.81 9.97 10.18 10.19 10.10 9.97 9.76 9.58 9.74 10.36 10.24 10.38 10.43 10.09 8.94 8.06 7.68 7.06 6.20 5.81 5.41 5.04 5.00 4.90 4.87 4.57 3.89 3.46 3.28 3.18 3.47 3.93 4.27 4.20 4.50 4.36 4.59 4.74 4.92 4.88 4.78 4.57 4.53 4.53 4.47 4.20 4.47 4.89 5.32 5.31 5.12 5.26 6.09 6.82 7.67 9.05
