arc/python_arcpy/Precipitation/APHRO_MA_025deg_1993.txt
ncols	360 
nrows	280 
xllcorner	60.125 
yllcorner	-14.875 
cellsize	0.25 
NODATA_value	-99.9 
[rows 0 to 30 of 280, columns 70 to 139 of 360]
336.36 334.83 334.93 342.29 341.04 345.59 343.46 340.10 331.41 325.65 323.41 339.66 345.46 360.80 378.07 398.07 429.17 468.62 490.07 521.41 524.21 526.48 532.12 541.43 536.79 528.87 506.36 500.27 481.50 464.95 448.51 447.77 425.44 414.03 420.36 464.37 520.62 550.06 562.76 653.10 681.32 731.77 768.03 802.81 941.90 984.80 703.63 550.49 431.76 367.60 344.47 332.79 299.18 262.23 261.96 277.12 289.57 325.11 328.78 336.35 348.69 376.61 380.29 386.82 392.48 385.74 385.01 379.92 379.98 361.39
321.44 325.45 323.96 326.83 323.85 332.15 347.36 344.09 337.85 350.60 359.32 365.32 368.10 371.60 382.74 414.26 450.51 497.78 504.80 516.72 523.40 524.94 528.45 540.67 534.66 538.34 539.40 524.04 490.77 478.43 463.19 439.29 417.98 403.93 401.66 426.79 452.30 492.37 514.51 587.53 644.48 690.30 719.62 769.68 852.14 800.07 647.39 504.59 393.41 302.07 290.81 291.32 251.21 241.35 253.54 270.06 278.66 292.71 306.66 319.83 338.34 366.19 385.13 408.66 419.99 421.49 414.57 408.26 414.46 412.73
309.60 309.52 336.29 338.46 335.71 346.25 350.53 352.29 351.19 366.59 372.00 380.33 394.64 398.08 406.56 421.56 431.14 476.14 497.20 521.65 527.82 523.94 526.37 529.45 540.03 529.00 533.30 517.25 489.90 476.07 461.23 443.97 424.78 367.84 361.79 384.72 401.52 435.74 492.23 506.24 594.70 623.28 672.12 719.01 694.29 630.27 582.82 482.97 390.32 311.14 284.26 249.40 238.70 225.54 226.53 236.33 256.30 267.46 269.82 287.77 308.93 353.38 387.65 406.00 412.48 416.57 427.53 438.01 445.89 443.89
321.63 330.69 336.08 338.30 342.74 344.60 361.14 370.02 376.40 375.29 373.54 379.14 395.78 403.28 407.55 416.88 417.38 442.23 470.42 486.94 501.49 494.01 491.55 499.04 506.82 506.21 504.28 491.48 473.44 457.63 450.86 435.00 412.65 390.25 372.41 373.11 373.85 397.75 426.81 433.19 514.62 587.78 579.86 584.06 555.29 553.62 536.19 468.57 396.14 348.29 301.46 264.80 253.38 241.14 235.72 241.37 255.01 271.18 272.99 279.05 294.58 315.94 359.90 395.47 411.17 419.37 433.14 442.72 443.93 429.99
342.78 345.77 350.54 353.91 366.02 360.88 370.36 389.30 404.97 402.64 401.17 397.71 393.30 393.89 399.53 412.38 418.06 442.39 441.09 447.57 458.31 457.78 460.96 478.67 516.16 505.16 483.26 466.70 460.54 443.35 429.76 416.63 405.25 386.44 378.25 377.70 367.65 363.30 392.57 414.03 460.54 497.75 489.68 512.65 532.03 530.00 525.89 457.59 377.14 323.46 275.19 247.49 250.34 248.95 255.24 256.25 268.49 272.33 276.01 280.41 290.93 314.89 361.14 407.55 424.68 436.91 449.22 470.08 459.11 433.90
356.32 360.89 370.50 367.26 367.00 368.12 375.43 393.03 414.07 399.31 412.59 408.50 389.89 384.35 379.21 379.49 379.22 398.54 417.04 409.23 416.28 428.72 439.52 456.41 473.87 480.29 470.45 471.11 464.53 447.50 434.96 410.90 410.51 411.23 397.09 389.51 393.53 389.66 402.78 437.55 472.23 480.98 483.50 479.18 476.22 458.47 461.54 416.26 370.34 346.52 293.32 255.88 255.81 265.06 268.05 276.27 279.27 288.48 301.71 319.90 338.60 375.73 423.24 458.41 486.57 522.11 508.49 509.45 511.66 478.39
358.24 360.37 367.26 366.33 369.41 372.91 376.82 379.93 388.00 386.42 383.91 378.02 364.57 357.92 352.51 350.81 380.98 404.05 401.31 386.10 366.26 403.09 423.73 437.28 453.77 455.86 462.82 464.30 464.33 466.43 441.34 417.91 406.09 399.17 419.46 436.11 440.14 426.60 418.15 456.80 485.85 495.30 495.33 491.84 496.66 483.36 489.41 433.31 393.53 351.12 316.67 303.52 287.02 283.06 282.35 287.41 289.53 302.45 331.18 371.02 401.84 434.52 459.69 481.62 510.42 522.70 530.85 528.88 517.45 489.91
364.41 361.94 361.24 362.63 368.31 366.61 359.09 359.56 355.79 358.49 360.45 358.85 350.17 340.52 340.88 336.02 384.05 400.66 406.45 422.28 414.80 419.78 424.64 430.02 434.24 447.08 447.51 457.72 471.37 468.22 445.16 424.48 427.23 438.17 455.54 460.28 466.43 470.44 482.97 498.39 514.11 530.37 526.89 515.07 508.21 485.55 465.63 431.72 399.19 357.77 325.72 310.77 303.64 308.32 303.68 297.01 307.89 324.45 361.20 398.91 437.92 478.28 513.01 524.74 553.67 579.04 546.86 546.89 529.98 472.52
361.40 353.42 348.58 349.76 344.67 353.63 348.80 343.48 338.71 338.64 347.63 353.22 338.71 324.17 321.50 352.39 392.87 397.94 408.44 417.91 421.89 424.84 426.35 429.96 430.94 443.14 450.93 464.52 460.34 461.15 437.39 458.22 473.49 484.81 497.64 518.50 524.06 534.66 544.10 552.01 558.15 553.53 545.21 516.38 499.24 477.50 432.41 400.39 382.06 365.14 339.41 323.89 323.62 317.84 320.56 324.58 348.82 378.02 416.16 446.49 489.97 587.83 720.88 681.31 634.23 608.34 564.67 510.16 489.45 456.91
344.04 337.26 332.96 330.88 331.66 333.72 333.08 333.45 332.38 332.44 337.79 332.70 320.80 310.87 344.64 366.15 380.24 380.78 395.28 407.65 425.80 437.95 425.54 435.69 437.23 443.84 450.03 451.18 448.02 442.46 436.03 467.12 498.85 501.34 507.44 521.45 550.63 581.45 610.35 612.38 592.82 572.65 558.90 538.56 514.26 504.58 472.33 404.12 375.09 356.62 339.80 321.31 318.56 314.59 317.24 333.08 338.98 353.29 373.02 417.30 457.26 527.51 591.07 558.47 507.79 512.26 509.18 472.05 425.70 401.28
308.83 315.25 314.79 319.40 322.19 321.04 323.38 322.30 322.55 319.39 320.63 320.57 309.38 302.08 332.23 367.02 393.11 394.69 391.11 395.68 414.64 426.38 420.36 432.83 431.76 430.39 433.52 430.61 428.91 423.28 442.03 444.05 459.77 474.89 493.80 518.95 550.53 594.33 674.64 665.72 616.52 569.98 559.38 543.24 520.51 509.33 494.12 470.13 403.34 340.07 330.85 323.53 314.26 309.57 313.18 331.94 340.73 357.17 348.11 334.83 363.21 396.88 395.18 404.90 418.01 401.95 374.99 391.47 379.16 382.90
302.34 308.95 307.36 313.63 309.87 316.09 314.85 311.89 310.49 312.00 312.49 314.52 306.75 315.36 343.20 364.40 379.29 392.54 398.51 401.38 406.22 414.91 437.24 433.55 430.88 416.05 401.80 396.32 394.03 402.80 431.27 426.54 434.27 449.47 475.85 495.09 521.15 556.00 595.10 594.92 573.94 558.57 549.37 535.25 516.31 507.63 482.20 441.40 393.57 340.03 313.47 303.66 289.31 297.73 298.27 311.60 312.83 310.47 285.24 288.04 309.06 310.41 325.13 329.15 303.40 273.22 290.54 310.03 333.93 352.03
303.41 304.46 308.92 302.70 298.81 308.12 311.73 304.02 304.00 307.35 307.01 306.30 308.59 334.17 343.07 364.33 387.81 393.82 416.89 420.95 414.81 419.47 426.19 423.52 415.45 409.94 401.56 397.66 390.10 378.73 399.01 387.77 396.67 417.18 449.03 469.86 500.95 523.23 542.65 561.10 563.78 542.03 517.39 503.54 482.26 452.01 421.70 409.75 363.33 335.34 301.18 280.45 268.93 273.45 264.92 267.34 268.27 278.87 280.19 304.58 321.00 320.27 312.77 305.09 298.41 283.06 277.56 252.47 265.16 296.80
282.32 270.96 288.99 291.80 283.64 280.76 302.35 292.65 296.43 304.37 311.10 310.57 325.01 335.75 327.42 345.47 382.63 420.62 442.46 442.20 422.37 424.63 430.61 431.48 440.18 432.00 407.35 383.87 364.80 359.13 365.05 362.48 362.69 387.54 424.54 446.98 457.89 472.21 489.32 494.86 491.61 465.89 442.94 432.73 375.41 366.41 344.96 309.55 300.83 289.18 254.84 251.01 252.50 244.75 237.50 233.18 231.18 228.00 228.31 231.63 245.91 255.13 253.56 250.03 248.19 250.90 238.65 222.77 228.58 242.88
271.74 262.06 259.61 266.49 269.69 277.57 293.31 296.76 297.50 303.55 310.42 313.35 314.66 334.57 342.34 371.24 403.39 451.26 484.81 491.14 490.71 481.69 472.52 451.95 447.44 455.80 444.27 392.58 360.76 353.50 348.44 345.73 347.86 355.15 363.61 385.96 413.38 419.04 413.54 410.79 399.85 398.49 340.22 300.42 293.46 277.78 265.03 246.57 249.90 239.94 228.92 215.55 200.11 203.13 185.83 178.39 188.83 205.86 207.24 213.98 221.18 219.70 233.73 232.25 228.80 219.99 211.62 225.59 222.74 235.08
268.07 250.07 237.19 231.04 233.11 240.99 256.49 281.90 292.47 303.14 303.29 307.00 313.60 335.21 363.02 379.16 427.12 471.67 583.63 590.89 534.28 523.61 506.99 494.96 480.87 456.47 429.34 383.93 354.09 303.75 303.63 314.66 326.79 322.40 310.92 317.45 335.31 358.10 354.70 352.29 322.74 317.69 284.71 271.92 254.90 234.16 217.24 223.25 220.35 205.06 178.98 169.69 156.86 166.15 170.83 172.37 181.97 201.18 220.02 233.35 236.70 235.37 239.18 230.39 222.20 236.37 242.39 241.09 226.78 227.42
276.87 258.82 222.67 210.09 224.83 237.67 246.08 253.03 264.23 271.91 290.81 313.87 333.41 365.06 377.88 386.98 436.70 467.71 536.95 582.41 565.42 542.03 547.98 539.11 529.16 503.06 458.91 429.00 354.11 283.08 290.67 304.29 292.51 283.45 284.45 285.77 297.47 303.36 300.36 291.58 281.94 263.28 259.31 211.04 202.62 201.54 203.27 196.45 189.40 173.10 153.12 152.05 153.45 164.06 166.34 175.29 186.72 199.82 206.78 217.80 218.84 226.35 225.54 236.35 250.79 250.87 243.93 254.89 260.37 247.95
272.44 262.08 229.67 231.58 237.19 244.50 248.80 250.73 251.95 269.60 283.80 299.17 325.97 351.75 381.29 400.18 437.50 452.55 516.58 565.54 561.28 556.45 571.97 600.19 568.68 540.07 493.28 445.07 408.34 367.89 363.43 338.93 330.69 313.36 287.19 272.29 273.09 280.52 275.85 264.67 256.67 229.37 208.02 191.19 188.10 185.98 178.49 168.05 170.20 173.59 169.23 175.06 165.56 169.84 174.07 165.83 161.56 166.66 157.33 160.29 166.70 173.47 184.79 191.57 196.48 199.40 199.91 207.96 220.45 231.74
275.39 264.47 238.51 244.64 247.01 250.95 253.89 253.18 254.79 263.71 292.81 299.11 293.09 297.69 338.39 370.80 405.21 443.37 486.22 518.41 574.69 551.08 577.05 624.46 667.61 605.28 521.61 464.78 425.68 401.88 381.49 373.70 369.63 352.08 356.12 312.78 281.83 270.02 261.78 254.69 241.01 218.84 195.43 179.80 160.45 152.58 151.40 148.40 144.61 145.61 159.00 169.56 174.06 177.96 169.37 162.30 152.42 151.92 153.67 154.12 155.29 159.89 162.85 169.91 180.59 189.87 197.04 207.73 209.24 210.76
275.02 263.08 240.77 247.93 250.88 252.70 249.87 254.66 262.32 268.07 275.74 280.62 280.50 277.58 284.16 358.57 402.43 411.25 454.40 484.82 508.36 525.24 567.52 590.92 613.90 604.79 545.85 499.77 452.87 434.03 415.30 378.10 372.82 350.35 338.93 343.85 323.76 286.64 278.30 272.28 241.54 196.96 186.46 164.97 145.04 133.73 137.60 141.75 144.41 144.58 153.26 154.39 156.03 163.75 154.58 150.45 154.20 156.71 164.40 151.19 149.83 154.80 158.91 162.68 171.93 188.32 194.15 201.80 205.39 211.06
273.19 247.62 249.64 251.41 251.38 250.52 251.68 255.72 262.56 266.27 273.45 278.14 279.85 279.77 280.74 347.37 388.76 412.99 444.31 466.30 475.02 492.88 511.92 534.35 555.70 549.19 521.05 506.12 471.95 450.08 466.26 426.00 431.23 434.57 426.45 415.24 367.08 324.05 291.11 283.00 264.29 214.08 196.93 156.88 132.08 122.71 130.43 142.94 146.27 152.88 143.51 143.12 148.56 150.62 156.25 151.93 145.83 132.60 120.28 134.66 146.43 150.93 159.01 165.19 170.71 183.89 194.12 201.40 208.40 211.71
255.60 247.33 249.95 249.89 251.08 255.31 256.33 260.79 265.44 270.41 274.96 278.13 281.78 285.35 303.69 346.27 365.05 387.92 415.87 460.92 486.82 496.67 487.47 462.85 461.51 494.62 507.09 511.29 479.02 450.58 475.89 447.80 447.52 452.26 441.60 417.85 392.31 353.23 311.29 283.12 236.55 230.12 218.17 176.76 155.06 150.06 143.99 143.15 139.86 142.16 133.24 125.65 129.31 154.81 162.55 178.46 149.31 125.69 121.93 133.93 151.48 159.04 167.43 185.57 191.98 195.36 199.14 204.16 208.70 211.89
246.32 250.58 252.73 253.40 255.08 259.49 265.91 271.12 275.73 285.70 288.68 286.48 286.76 291.38 288.82 303.68 350.50 367.04 381.69 435.74 485.73 498.02 488.20 468.35 444.68 439.64 439.30 441.50 431.39 428.08 421.19 420.69 412.52 434.75 453.07 412.56 403.87 382.59 334.82 294.30 249.97 235.72 213.80 174.29 169.48 161.64 147.35 154.27 141.12 134.92 150.58 125.16 131.81 147.32 157.14 159.69 150.39 146.94 139.86 140.08 135.52 133.63 146.59 163.86 183.73 191.68 204.42 207.79 236.19 229.29
254.34 257.11 258.11 259.63 264.88 267.12 268.24 267.73 281.51 287.23 292.25 293.61 343.37 334.33 338.18 350.02 359.54 361.56 366.94 385.75 424.21 398.71 396.47 413.60 411.65 387.79 388.39 403.72 413.04 460.50 474.82 450.22 439.13 457.41 470.75 482.32 437.51 410.55 378.60 315.63 275.64 250.71 206.56 177.87 177.57 165.32 146.81 135.63 134.95 142.54 151.68 133.29 151.39 147.72 145.14 145.00 142.00 144.89 147.92 119.60 116.90 120.65 122.89 128.33 146.57 170.64 185.42 197.80 196.19 204.04
260.45 263.95 269.30 271.15 272.72 275.56 282.09 276.53 280.40 290.26 295.19 336.04 369.15 388.69 383.56 370.82 358.24 343.80 348.14 332.02 317.06 324.07 323.41 319.33 324.62 363.22 399.11 420.41 421.83 458.32 489.29 514.49 516.25 557.06 544.17 480.85 420.79 373.75 350.89 323.34 280.88 251.45 207.60 189.94 179.40 172.68 156.84 148.31 135.22 135.83 140.05 163.87 159.08 136.95 108.52 127.66 153.37 147.96 128.91 118.29 120.00 127.00 135.18 132.83 134.33 171.30 171.35 173.25 186.08 198.17
250.38 257.18 265.58 275.71 279.49 280.57 284.64 287.81 286.71 291.33 297.17 346.26 373.93 380.66 393.62 369.07 335.39 320.82 295.08 273.52 262.17 257.31 253.93 257.32 254.37 256.45 258.88 263.45 325.73 419.78 462.21 481.16 508.44 542.57 534.32 462.34 377.17 372.57 335.82 294.62 285.40 276.90 202.86 199.52 199.91 192.31 189.50 169.05 139.64 138.54 163.42 173.37 167.83 171.01 140.69 119.81 132.39 137.60 118.40 119.81 119.49 122.71 126.29 125.95 124.94 143.42 168.65 171.75 180.21 190.49
227.60 234.07 236.22 242.34 259.72 287.05 288.79 292.17 299.77 296.19 299.13 317.13 366.20 376.88 372.65 354.92 333.76 314.01 288.42 275.20 260.39 254.33 257.23 249.62 239.33 242.88 252.14 256.41 270.10 291.59 295.76 318.62 333.23 340.51 346.97 362.52 347.12 349.45 333.90 291.63 282.58 255.89 237.84 223.20 211.87 199.46 204.74 187.36 170.18 175.64 161.48 155.87 168.53 144.47 126.33 126.94 119.58 117.04 118.38 118.10 113.69 117.27 120.60 121.14 121.03 133.02 168.39 169.91 169.81 184.94
225.78 231.20 238.04 244.96 261.29 276.33 276.02 288.02 303.58 304.56 307.17 315.47 335.36 365.16 366.32 364.23 352.87 321.58 286.36 277.52 270.94 267.35 259.17 243.52 244.27 245.52 248.30 255.80 264.92 273.32 282.47 285.01 289.24 283.34 275.97 268.74 267.02 268.23 263.66 274.86 263.22 261.03 252.28 242.88 221.46 205.75 196.47 202.98 188.17 173.82 181.01 160.14 169.55 172.42 146.92 125.47 123.09 118.65 110.14 114.96 110.00 112.06 112.85 115.79 116.24 118.18 135.53 165.80 168.62 182.52
225.30 228.93 237.40 246.12 250.54 251.33 250.74 253.41 263.44 270.40 277.45 310.75 356.33 334.53 389.20 400.17 360.83 336.93 312.75 291.66 277.61 274.96 274.35 263.36 255.62 248.26 242.83 256.26 269.14 276.53 281.63 284.91 286.17 287.45 283.38 269.75 257.45 250.08 245.83 248.96 238.57 238.96 234.69 234.75 208.56 195.31 188.84 196.65 203.53 190.43 187.79 168.64 147.99 167.29 148.75 128.41 121.81 112.11 106.26 109.06 111.05 104.79 108.91 108.92 110.17 111.15 119.67 137.18 159.78 167.47
227.59 231.59 236.96 244.00 247.17 252.60 256.65 255.15 257.51 260.28 262.20 282.82 329.23 353.25 390.32 427.77 429.51 374.93 348.44 336.70 305.86 290.01 286.33 287.32 283.93 283.55 275.96 285.13 295.50 319.22 305.39 292.18 291.03 290.62 281.22 267.95 253.54 244.95 239.42 237.45 237.08 236.65 237.45 232.56 221.64 211.36 204.09 196.50 190.30 197.30 197.84 192.22 164.87 162.80 170.43 158.57 138.48 121.84 115.66 109.38 127.55 99.16 112.78 114.48 111.80 114.53 121.22 123.62 127.18 135.91
240.12 247.15 251.43 252.31 253.27 259.27 261.16 258.28 260.61 265.04 264.68 295.51 313.06 354.29 400.42 485.40 495.08 466.93 418.84 381.09 388.85 374.14 349.43 335.55 327.17 322.09 391.43 392.58 384.42 413.26 388.77 339.77 330.75 313.45 280.65 262.53 252.71 243.99 234.59 231.46 226.55 228.36 230.81 230.20 228.77 227.57 223.45 204.99 202.84 208.82 203.01 202.82 191.92 183.06 180.89 169.42 138.55 126.32 112.44 104.45 93.18 101.60 120.62 118.02 119.60 121.90 124.66 123.48 126.89 127.20
