arc/python_arcpy/Precipitation/APHRO_MA_025deg_1990.txt
ncols	360 
nrows	280 
xllcorner	60.125 
yllcorner	-14.875 
cellsize	0.25 
NODATA_value	-99.9 
[rows 62 to 92 of 280, columns 0 to 69 of 360]
89.58 93.38 95.35 95.55 95.19 96.57 99.12 105.66 110.56 112.05 111.77 110.94 109.37 111.90 116.03 117.55 115.41 112.99 115.93 121.02 125.39 160.07 224.98 260.06 303.83 378.83 419.27 447.70 448.98 439.96 434.39 395.55 432.22 405.44 358.86 452.59 436.68 377.95 296.65 313.53 370.47 453.64 558.20 630.38 687.27 687.04 581.33 627.61 529.88 500.05 554.86 525.50 421.07 309.91 236.29 186.13 174.91 167.17 149.76 135.95 105.26 92.58 83.34 75.40 70.04 68.08 66.47 66.77 66.59 66.99
94.51 96.17 97.65 98.82 95.59 96.51 97.22 103.71 104.58 105.75 106.25 104.75 105.68 112.55 119.20 114.68 110.71 110.41 117.41 115.55 133.87 192.24 227.96 253.62 291.99 350.16 386.65 412.77 457.54 494.30 523.49 565.29 583.57 473.51 730.32 698.82 621.88 619.14 515.59 534.26 618.49 678.90 683.27 718.49 717.27 742.76 707.87 791.53 586.12 511.11 624.50 502.46 343.09 221.44 147.92 136.67 148.31 144.98 140.63 130.34 108.80 91.14 79.78 74.38 70.97 66.42 63.78 62.48 61.49 62.84
98.99 99.41 98.74 98.89 99.25 98.50 101.21 104.93 105.55 105.15 104.08 103.32 105.27 109.12 111.94 110.29 109.90 116.22 116.25 116.23 151.88 196.37 207.33 238.93 290.93 324.00 374.37 434.21 478.38 546.44 531.29 587.14 715.65 754.17 928.94 812.86 858.39 735.35 736.69 759.81 786.47 840.72 807.20 813.55 790.55 833.54 854.33 1028.03 1231.12 976.51 607.67 444.66 252.91 169.66 130.46 127.78 131.81 134.24 132.11 121.53 112.02 91.86 78.96 73.33 69.11 65.98 62.08 59.81 58.97 59.41
100.90 103.41 103.68 103.85 106.98 107.83 107.98 106.92 105.55 105.49 104.76 103.08 104.17 104.03 103.71 104.81 111.88 117.95 117.59 124.78 150.00 197.98 224.55 248.89 283.38 330.04 372.01 459.33 504.71 528.73 510.04 472.62 540.06 622.50 619.63 619.52 635.42 732.26 764.91 807.47 831.98 820.25 735.35 632.52 648.88 753.83 816.36 684.16 771.70 777.52 429.49 244.04 184.91 165.66 136.71 127.81 122.12 123.38 124.28 118.89 110.96 98.21 89.25 83.31 70.15 64.79 61.12 59.03 56.04 55.16
111.18 109.72 110.78 111.33 110.20 111.23 112.09 110.93 108.68 105.49 104.33 103.49 101.88 100.97 99.54 103.75 112.15 111.77 118.31 126.58 156.45 218.64 252.10 262.71 290.88 336.19 362.32 408.39 460.12 474.46 453.25 366.13 399.90 464.29 488.19 524.69 587.83 631.71 674.50 745.07 769.32 737.60 591.18 462.21 405.50 363.46 460.33 530.57 474.74 303.45 206.57 188.52 145.55 137.56 126.40 115.28 115.17 117.80 115.58 109.42 102.45 96.32 94.33 86.37 79.98 70.84 61.41 57.53 52.27 47.98
133.48 123.79 121.47 118.68 114.81 112.53 115.18 113.39 112.32 109.01 101.91 96.58 101.97 105.29 112.73 116.77 115.11 118.24 125.60 131.57 148.08 177.73 252.82 262.46 293.02 324.95 369.47 376.38 348.71 343.44 324.45 331.08 373.36 377.12 390.01 386.73 479.61 512.16 536.59 587.56 692.83 648.22 575.90 494.25 432.31 325.91 372.92 332.67 255.33 239.14 159.20 134.22 124.95 120.02 112.95 101.18 102.39 108.20 111.42 103.62 91.44 94.00 91.57 81.44 74.88 70.99 64.04 57.97 53.83 50.39
176.28 140.04 124.68 119.11 120.17 117.18 117.10 116.29 115.65 113.88 110.05 107.40 110.64 118.97 123.76 125.22 124.76 122.51 130.87 147.56 154.67 172.17 228.41 251.96 278.16 300.53 351.49 305.46 289.52 293.68 284.73 298.25 331.62 337.02 305.53 298.95 351.83 378.28 385.46 460.02 546.66 576.22 483.10 427.34 352.29 289.26 228.87 244.93 266.64 216.92 153.17 115.12 112.71 113.49 109.57 108.51 109.65 111.71 113.97 108.78 80.19 77.45 88.24 80.33 73.50 68.80 61.17 57.14 52.83 51.14
167.12 150.19 143.13 127.13 121.07 122.16 118.68 117.70 134.67 136.69 131.51 129.72 125.98 123.95 128.00 129.85 130.89 129.32 134.78 159.73 160.71 165.71 201.98 195.57 192.99 226.93 263.91 218.34 204.66 229.16 251.88 262.53 261.89 254.60 237.48 242.17 285.19 291.58 334.16 399.96 460.21 476.19 413.80 345.15 294.56 265.04 198.27 167.82 191.48 155.30 122.84 114.14 113.62 109.61 108.23 109.01 111.54 115.55 123.33 131.77 98.70 83.38 89.91 96.09 84.51 80.43 68.99 62.52 52.08 50.25
175.06 148.25 140.82 136.79 140.86 132.12 124.23 130.53 145.97 157.78 147.18 139.34 134.39 130.36 131.88 133.82 134.84 135.88 138.06 174.69 178.05 174.51 196.60 165.92 166.30 171.37 173.33 174.24 177.35 180.74 183.72 203.80 191.66 213.13 215.60 225.78 257.50 259.67 299.72 383.52 441.27 441.75 386.19 282.43 222.39 201.53 165.11 157.83 151.49 131.00 128.17 116.75 111.29 111.85 108.42 109.81 113.78 117.92 126.60 130.52 116.95 101.01 110.39 103.31 94.18 92.42 80.70 65.65 60.72 56.71
191.18 168.14 140.85 136.92 137.31 141.09 141.60 143.02 145.16 150.16 146.76 143.23 141.50 147.74 161.86 166.83 162.28 167.10 168.59 181.62 190.12 196.63 194.39 179.89 169.32 170.18 169.77 171.18 176.01 177.61 172.10 173.52 163.86 192.67 201.58 222.37 226.29 255.33 298.60 372.91 371.50 358.01 306.72 273.66 191.87 160.92 153.44 136.40 146.41 143.95 129.89 123.14 121.69 121.79 109.14 109.12 109.58 113.68 116.90 118.48 116.14 112.38 117.80 111.88 113.71 107.47 92.84 73.95 73.02 74.43
210.69 175.26 150.84 140.34 134.54 143.43 144.07 153.36 162.57 161.32 168.57 172.67 191.70 206.05 210.72 210.40 196.53 193.14 183.09 193.69 198.55 222.93 201.98 188.35 179.09 166.97 167.43 169.52 174.01 175.18 168.81 164.26 164.93 196.43 214.70 227.22 241.13 272.79 299.73 326.34 323.50 293.48 264.71 241.90 219.04 174.01 122.54 135.90 131.68 135.92 134.71 123.25 114.47 115.78 117.86 115.01 114.50 105.97 108.51 110.20 115.54 127.85 126.27 126.10 129.81 121.72 119.94 108.65 109.15 113.14
206.36 189.55 181.84 166.96 155.40 173.36 189.85 197.83 210.63 208.25 219.66 224.66 224.15 230.81 232.35 231.95 227.59 223.59 205.64 204.84 227.23 253.81 248.23 193.45 183.01 170.84 186.42 181.23 206.43 240.42 207.42 200.76 201.70 205.38 236.28 229.70 251.22 278.21 316.52 340.54 307.61 277.74 262.51 242.12 241.08 163.77 112.52 140.90 175.50 152.39 135.93 118.70 117.38 114.37 118.05 109.80 111.45 114.36 115.49 117.34 121.01 125.45 123.77 128.04 123.34 126.06 124.94 124.23 136.99 134.60
189.27 193.69 194.52 187.04 186.53 194.94 207.80 213.40 215.62 223.38 228.17 244.89 261.35 266.70 272.99 280.77 267.89 243.44 237.62 230.81 245.89 260.68 253.71 206.35 193.48 196.24 191.49 189.42 229.65 264.50 225.12 215.17 247.23 236.43 232.09 235.16 279.81 322.86 372.94 306.46 281.84 300.01 277.60 299.90 301.95 241.96 251.24 222.20 195.07 174.55 154.22 138.21 121.25 109.19 115.10 121.05 132.59 124.09 123.99 123.18 129.63 125.74 126.27 127.09 128.10 128.52 126.57 128.54 137.44 142.30
173.65 188.34 191.49 192.69 198.64 202.21 207.79 214.44 224.92 235.04 225.60 239.38 256.11 268.51 276.14 280.68 284.68 262.71 260.49 273.21 258.69 259.81 258.39 248.78 225.17 210.74 201.08 195.57 199.92 209.85 230.32 261.03 252.72 259.78 213.16 237.14 278.84 373.33 337.06 325.20 334.25 364.45 367.39 373.84 330.57 317.94 301.42 302.01 258.25 196.66 184.72 155.53 128.90 107.16 112.34 118.87 122.38 115.36 144.74 153.52 164.07 159.12 147.27 135.60 131.49 132.05 132.20 128.85 128.12 124.95
179.99 172.73 169.95 176.40 181.25 194.77 223.11 249.93 244.09 246.29 247.02 223.95 243.45 261.46 268.96 278.19 286.70 285.19 278.77 273.97 259.08 256.09 259.60 264.30 233.73 214.38 212.74 209.27 209.15 210.17 264.73 268.16 282.28 286.82 211.53 246.66 328.48 387.79 401.96 366.42 382.69 377.87 409.98 379.97 393.66 356.51 361.45 346.44 308.08 254.60 222.33 185.16 137.81 112.89 114.57 121.03 117.43 117.69 145.62 170.61 215.11 202.11 198.30 185.89 175.88 165.19 142.70 133.86 125.57 109.90
159.28 158.87 157.99 156.28 147.97 183.48 222.98 237.45 244.15 251.84 253.20 257.25 260.65 263.60 267.61 270.57 284.81 286.63 292.23 287.44 264.56 253.22 254.67 261.97 262.67 269.60 231.27 225.78 256.68 264.08 267.65 257.16 341.46 279.93 249.76 277.50 356.23 407.65 543.42 495.21 438.60 453.35 451.81 469.34 459.49 499.35 446.66 413.02 434.42 376.61 305.12 238.33 184.25 141.39 132.93 134.28 150.70 155.09 165.25 191.41 219.25 219.61 216.34 201.86 202.49 165.36 148.51 143.94 133.63 127.57
154.15 151.20 148.74 160.91 165.31 179.81 211.98 231.34 244.93 262.12 260.62 259.42 263.80 266.90 267.38 269.80 273.55 286.49 293.07 289.56 278.20 260.31 256.89 258.46 272.47 238.55 260.49 278.78 266.90 277.18 246.20 250.84 259.73 307.94 424.80 463.40 522.05 553.45 583.35 512.84 593.98 530.38 601.85 612.11 635.86 721.63 758.20 777.56 733.51 552.97 538.69 382.98 371.39 272.30 168.95 167.02 176.47 175.20 193.17 275.97 250.36 253.95 241.59 212.85 191.12 162.84 159.22 154.09 149.43 143.64
147.78 150.68 154.53 161.76 167.72 180.18 195.36 228.28 242.49 258.98 260.95 258.52 258.35 256.55 255.35 255.12 258.30 265.39 280.26 288.66 267.04 259.08 250.38 256.76 262.47 243.61 274.36 287.14 281.34 295.02 220.84 277.01 337.05 450.02 484.02 445.37 432.46 426.63 575.52 597.31 630.75 597.20 702.80 752.27 795.97 841.71 1014.52 1309.57 1100.17 983.81 910.66 915.02 775.74 418.58 288.58 214.83 196.17 172.48 160.70 331.92 314.48 279.83 253.08 230.42 197.07 169.47 166.50 160.37 152.95 154.76
155.64 151.04 155.06 159.50 166.31 177.25 202.14 223.38 232.65 244.99 252.88 255.47 253.75 246.88 242.76 243.35 251.89 261.55 269.59 290.06 282.39 255.78 247.69 254.10 266.43 268.06 245.98 294.35 293.71 304.85 299.50 299.57 349.77 390.98 382.12 470.48 388.21 394.98 449.34 589.46 591.77 573.47 826.81 793.25 714.33 865.28 1033.46 1182.84 1243.58 1207.91 1311.64 1375.93 1063.80 677.18 639.20 460.17 393.26 371.84 313.17 375.88 419.49 343.84 282.61 196.84 176.67 167.17 166.96 166.15 164.29 167.48
163.13 173.66 173.49 172.97 175.20 178.66 198.58 216.29 224.96 232.50 243.58 245.66 249.03 247.38 247.84 243.72 240.93 248.97 260.68 273.60 269.71 253.46 252.33 239.66 226.91 234.60 286.75 275.24 304.76 328.48 343.51 359.79 378.63 397.47 448.80 468.70 345.95 422.58 424.11 449.75 398.04 449.12 531.03 601.41 685.52 669.14 865.92 929.69 1079.39 1463.32 1474.41 1548.68 1537.86 1377.97 1093.08 944.88 764.55 728.44 597.02 554.70 543.22 426.98 322.74 225.28 189.57 177.82 178.68 168.98 175.84 181.70
181.30 175.46 182.68 186.39 186.43 191.50 205.50 227.39 225.77 222.56 229.17 236.97 242.96 242.81 235.36 228.16 227.64 230.33 236.83 259.51 260.65 257.97 255.65 253.71 255.04 266.91 293.11 296.80 298.07 293.76 287.95 298.08 337.54 384.33 399.48 386.44 363.79 442.42 489.51 465.27 428.53 357.40 368.83 422.69 522.32 569.45 634.57 766.42 944.94 1217.61 1376.69 1592.10 1737.06 1708.22 1329.56 992.26 882.31 911.82 785.37 681.09 663.07 532.87 381.88 253.64 194.34 187.24 189.28 183.41 180.04 187.92
191.36 162.49 155.79 178.31 183.00 200.99 231.44 233.66 240.74 229.78 226.92 222.83 220.81 228.12 226.40 228.94 231.57 228.99 225.98 237.61 247.36 258.01 255.02 263.12 271.03 272.97 294.98 301.55 291.74 294.68 343.91 325.84 317.59 344.85 341.57 350.82 354.31 466.24 509.56 577.29 622.60 597.96 515.44 486.76 510.43 489.64 501.50 647.78 806.75 962.59 1119.47 1348.26 1602.09 1660.73 1202.28 911.85 938.90 1043.59 863.45 856.82 779.45 622.92 455.42 261.36 185.32 185.20 193.44 206.81 215.88 216.34
168.58 162.18 162.15 188.74 187.31 192.77 220.43 234.20 240.69 244.73 235.54 226.26 217.06 216.42 221.36 227.08 227.57 223.71 221.46 223.80 236.73 248.04 251.59 265.52 263.21 276.14 293.24 294.39 295.26 322.87 351.25 332.99 352.41 336.08 349.14 335.29 376.17 477.02 486.58 593.81 707.98 716.13 714.43 676.93 604.12 535.01 575.02 680.25 769.33 926.04 1043.83 1226.55 1452.90 1545.15 1159.84 919.68 859.66 908.38 834.46 772.08 755.12 750.50 590.56 393.35 223.51 214.94 221.11 220.24 217.51 217.22
178.16 166.69 162.94 176.83 186.72 184.25 190.43 204.16 209.74 208.46 217.33 206.94 207.32 205.74 207.89 208.98 210.54 210.17 204.45 218.76 209.36 234.76 238.43 261.62 245.16 260.24 267.72 296.14 321.42 303.11 333.15 313.46 323.91 323.80 343.05 366.38 390.21 427.24 489.42 531.14 580.31 571.00 641.80 625.23 560.48 590.40 631.05 665.85 717.43 799.82 976.19 1159.03 1231.18 1322.63 1254.02 1157.32 860.00 881.56 779.83 983.60 1070.74 1090.98 908.18 794.30 406.26 228.78 245.01 258.11 234.61 228.84
195.17 171.71 173.95 154.86 182.61 190.94 190.53 191.53 189.99 191.86 194.40 194.21 190.82 177.05 178.54 186.95 193.40 200.04 213.76 203.75 197.70 219.60 240.30 246.90 239.81 251.54 282.31 298.30 303.88 307.36 308.41 319.49 296.83 290.53 315.53 334.35 368.74 417.72 440.16 462.80 476.46 481.29 462.99 502.87 483.87 506.76 535.04 611.46 655.80 730.69 897.52 1002.69 1075.20 1173.88 1304.18 1301.54 1026.39 1132.94 1148.97 1235.68 1257.92 1180.41 1137.44 1045.55 814.22 476.72 409.93 403.30 400.04 406.10
190.86 191.04 160.19 161.68 173.01 188.95 195.97 200.35 197.35 187.59 160.37 147.59 151.20 146.23 143.36 148.37 172.82 182.24 200.85 187.38 185.09 215.68 221.61 231.89 239.44 249.61 266.89 282.83 304.03 306.03 298.43 244.64 226.77 265.62 303.69 326.65 370.44 379.95 425.76 455.27 451.27 386.51 401.47 409.65 450.60 483.87 461.84 497.66 560.93 615.45 661.39 762.34 884.98 973.94 1119.16 1299.83 1365.37 1463.53 1444.90 1607.41 1369.94 1302.65 1258.02 1155.97 921.89 1000.79 792.49 754.43 665.35 570.49
176.47 172.69 150.71 143.01 149.88 161.88 178.97 158.36 133.71 100.80 90.97 85.87 90.11 92.72 129.34 141.87 150.37 162.04 163.86 161.20 184.27 199.65 209.88 225.09 242.17 251.31 258.49 298.97 249.45 237.51 240.66 228.78 223.48 257.75 283.96 313.36 330.52 372.71 409.63 427.17 399.52 337.43 332.63 357.77 390.78 401.08 416.61 429.78 432.18 473.04 528.01 580.60 664.78 766.45 853.38 1008.92 1200.97 1463.28 1681.29 1866.83 1794.89 1459.20 1227.51 1204.19 1644.34 1318.69 1004.87 892.44 751.50 717.25
183.77 169.35 141.70 134.62 139.64 125.11 100.58 90.56 84.04 83.08 83.11 79.28 72.82 78.31 99.31 119.69 135.83 140.65 137.63 157.42 181.20 193.99 202.05 217.21 234.66 262.33 279.56 282.55 236.50 222.61 230.63 231.49 219.61 225.82 273.57 282.35 307.73 362.64 387.44 380.06 367.12 311.04 280.16 309.62 329.20 332.79 372.75 386.92 398.26 390.07 434.53 490.36 546.78 638.27 755.31 855.60 987.85 1275.63 1367.96 1431.57 1608.46 1515.69 1377.55 1372.17 2455.96 1836.19 1186.49 1010.31 836.67 796.97
181.00 154.85 138.97 104.95 95.18 89.05 82.45 77.39 73.86 71.12 68.86 65.42 63.66 64.86 64.67 78.21 119.19 118.20 130.80 140.41 158.32 192.82 210.84 224.47 239.83 251.18 262.11 282.39 269.98 228.53 230.72 214.67 221.19 238.74 258.86 248.22 279.38 303.13 314.52 286.74 253.79 232.14 235.69 259.20 275.18 278.54 295.50 315.74 325.95 319.12 336.27 417.83 473.38 536.84 616.24 703.72 773.14 986.50 1037.75 1091.26 1113.79 1209.04 1285.31 1543.03 2697.99 3124.18 2003.01 1168.70 1045.47 986.60
180.67 131.03 100.29 92.23 87.67 79.03 73.74 69.45 66.68 65.75 64.23 63.42 62.43 60.97 59.75 67.91 72.76 76.71 99.00 121.90 155.66 193.66 204.17 223.09 236.19 242.73 264.21 273.79 283.61 256.28 226.65 221.47 217.62 217.62 219.30 222.56 234.25 254.52 251.91 250.69 206.74 191.93 191.18 190.27 201.36 221.50 234.88 245.22 263.03 292.20 288.97 347.15 402.36 438.43 486.80 571.75 662.86 749.18 790.05 841.29 923.47 1034.39 1139.60 1353.79 2222.75 3200.05 2253.51 1261.94 1264.99 1103.27
159.47 109.75 91.60 84.59 76.44 71.81 67.37 64.76 62.38 60.68 60.03 59.30 58.65 57.79 61.95 71.54 70.64 68.28 78.39 109.28 146.98 184.64 186.92 204.12 223.84 257.49 265.91 276.31 277.74 270.33 223.49 211.95 210.85 214.14 215.25 223.14 243.14 247.52 258.20 256.39 196.19 165.98 161.64 140.79 157.22 181.67 193.42 209.96 237.61 250.62 266.01 295.80 348.74 408.09 450.14 525.15 617.62 711.59 730.62 745.38 815.25 904.51 944.75 1114.74 1439.92 1592.87 1786.65 1483.66 1160.42 1028.17
