arc/python_arcpy/Precipitation/APHRO_MA_025deg_2006.txt
ncols	360 
nrows	280 
xllcorner	60.125 
yllcorner	-14.875 
cellsize	0.25 
NODATA_value	-99.9 
[rows 62 to 92 of 280, columns 70 to 139 of 360]
75.22 77.73 74.58 70.41 67.53 66.92 62.54 63.41 64.91 63.63 61.20 60.52 53.69 51.30 49.46 47.11 46.50 45.64 44.81 44.08 41.95 40.43 39.76 38.73 38.07 38.43 38.36 34.87 35.31 36.14 37.00 36.97 38.17 39.74 37.29 37.07 36.65 36.64 37.47 37.07 35.86 35.23 34.34 34.10 32.30 29.28 29.00 28.05 27.94 27.60 27.66 27.01 27.45 29.16 29.31 29.19 28.99 29.12 30.06 30.47 30.14 30.89 28.26 25.89 28.76 32.69 32.27 30.66 35.94 39.58
74.96 75.68 72.72 70.20 65.84 65.22 60.42 61.79 62.07 61.55 61.87 60.04 52.67 46.79 45.52 43.24 41.11 40.63 42.52 40.18 39.37 38.45 35.44 31.97 27.80 30.07 33.34 33.07 33.81 34.38 35.79 36.09 35.94 35.84 33.68 34.27 35.58 35.87 36.80 36.58 36.45 34.73 33.60 32.16 29.96 29.26 28.70 28.26 27.32 26.95 26.15 24.08 24.71 25.83 24.81 24.15 23.58 23.65 25.83 25.12 23.28 21.93 20.76 20.28 21.07 25.82 27.77 28.60 30.61 40.42
73.21 72.34 70.45 70.38 65.52 64.09 60.12 59.27 60.35 57.31 54.22 52.98 50.67 45.07 42.88 41.77 41.02 39.90 36.41 35.26 34.89 34.96 33.45 31.10 27.10 28.79 31.81 31.43 31.24 33.36 34.62 34.93 35.01 34.97 33.11 31.88 31.95 32.95 35.07 36.06 35.97 35.06 31.98 29.72 27.26 25.45 25.33 25.56 25.72 23.65 23.49 23.43 23.69 24.73 26.27 25.08 24.88 25.03 24.85 23.96 22.14 20.02 17.51 16.10 20.47 24.51 27.37 28.93 31.00 35.53
67.68 66.29 67.74 68.77 65.38 64.10 61.30 59.84 56.62 53.54 52.66 50.81 48.80 43.91 42.71 41.86 41.06 39.48 35.90 35.32 34.72 34.01 32.58 31.28 31.31 31.94 30.78 30.19 30.17 30.77 33.53 32.41 32.18 32.78 32.63 31.50 31.66 31.80 31.93 32.54 34.34 33.70 27.94 24.18 21.92 21.89 25.11 24.66 24.15 23.84 24.00 23.78 24.93 26.65 27.53 27.23 26.51 26.14 25.06 23.83 22.44 21.77 19.78 18.99 21.96 24.64 30.01 32.41 37.72 42.58
64.23 64.62 66.67 67.54 65.59 63.32 63.55 56.62 54.23 53.32 52.57 49.66 46.98 43.69 42.84 41.97 41.07 37.85 36.11 35.23 35.00 34.44 33.60 32.59 31.95 30.88 30.63 29.75 30.32 30.43 30.22 30.82 30.55 31.10 31.64 31.84 31.71 31.98 32.25 32.51 32.66 26.28 22.69 21.60 21.80 23.29 25.19 25.28 24.02 24.00 24.66 26.18 27.36 27.11 27.79 27.23 26.23 25.98 25.31 24.61 24.10 24.48 23.92 24.82 26.81 28.56 30.33 35.22 40.26 40.99
64.92 65.44 65.57 66.26 61.88 64.02 59.36 55.59 53.98 53.15 52.39 48.76 45.51 43.90 43.12 42.31 41.18 37.04 36.07 35.20 34.36 34.72 34.32 33.67 32.12 29.65 29.23 28.74 29.09 30.81 30.24 29.16 28.91 30.50 31.59 32.43 33.21 32.98 33.12 32.60 30.37 24.20 21.06 21.24 22.67 23.12 23.21 23.58 23.78 25.03 27.54 27.86 27.75 27.57 27.35 27.17 26.50 26.95 26.81 26.55 26.44 28.07 29.26 29.46 30.14 31.62 31.81 34.44 36.52 41.38
65.72 66.12 65.66 62.49 61.00 59.45 56.77 54.55 53.56 52.62 51.87 48.44 46.13 44.11 43.45 42.73 40.52 37.56 36.72 35.81 34.89 34.28 34.30 33.83 31.20 30.55 30.00 29.78 29.30 30.71 31.00 30.34 30.43 31.21 32.08 32.48 33.66 33.18 31.90 31.03 23.98 22.80 20.19 22.54 23.36 23.27 23.34 25.32 28.01 28.31 28.24 28.17 28.16 28.01 28.15 28.74 28.65 28.46 28.33 28.14 28.71 32.89 33.14 33.17 33.42 34.02 35.81 38.33 41.14 43.44
67.62 67.16 65.29 64.44 60.99 58.99 56.43 54.22 52.96 51.87 50.93 47.20 46.55 45.21 43.90 43.32 39.90 38.40 37.47 36.47 35.42 34.49 34.02 32.44 31.68 31.26 30.75 30.54 30.32 30.16 30.50 31.50 31.51 32.66 32.67 32.68 32.66 32.13 31.58 30.41 22.86 21.57 23.07 23.29 23.26 23.11 23.70 27.10 28.55 28.45 28.50 28.38 28.12 28.90 29.10 29.81 29.51 29.57 29.29 30.48 32.80 34.35 34.45 34.90 35.80 37.20 38.83 40.95 45.68 51.16
68.18 63.91 62.40 61.60 59.79 57.13 56.10 54.51 52.25 50.65 48.32 46.49 46.44 46.36 45.04 43.68 40.42 39.51 38.45 37.31 35.94 34.68 33.99 33.15 31.87 31.76 31.46 31.44 31.20 31.31 31.02 32.10 32.89 32.63 32.81 33.08 33.23 33.26 32.59 27.54 22.54 22.73 23.13 23.15 23.12 24.29 27.79 27.83 28.61 28.70 28.52 28.38 28.24 27.94 29.74 29.89 31.17 33.98 35.38 35.65 35.34 36.00 35.82 36.07 36.92 39.41 44.24 49.08 51.73 54.78
72.01 68.31 62.94 60.99 59.40 56.94 55.70 54.20 52.15 48.37 45.85 46.22 46.58 46.78 46.83 44.11 42.45 41.09 39.72 38.60 36.94 34.80 34.36 34.04 32.65 32.55 32.50 32.38 32.43 31.91 31.22 31.15 33.51 33.24 32.85 33.01 33.03 33.42 28.84 24.30 23.10 23.20 23.15 23.20 23.31 26.23 28.32 36.05 51.11 42.30 33.26 28.86 28.90 29.14 31.31 35.04 50.92 46.00 39.96 37.22 38.14 38.75 38.24 38.19 38.90 40.95 45.20 50.04 53.16 57.71
101.71 103.16 87.98 72.47 63.42 57.52 56.21 54.20 52.55 49.79 47.02 46.94 47.12 47.23 47.54 46.24 46.64 42.86 40.77 39.69 38.49 36.64 35.69 35.70 33.84 33.58 34.38 32.23 34.70 45.29 57.49 65.73 70.93 73.62 74.61 83.27 73.55 73.33 56.84 26.77 26.61 23.37 23.67 23.95 23.80 43.79 51.67 71.45 69.27 68.53 65.56 61.73 52.72 42.18 50.01 58.71 62.39 60.34 55.07 48.98 44.53 41.61 39.84 39.02 38.24 42.82 48.80 52.11 53.60 56.25
134.37 133.94 112.13 102.03 81.16 57.78 57.42 55.65 55.26 52.29 52.45 48.48 47.04 47.27 47.21 46.49 45.09 42.93 41.82 40.48 38.22 38.04 37.02 36.74 38.46 52.01 63.05 74.40 81.12 80.81 80.48 82.82 84.19 83.61 84.12 85.10 85.13 87.49 80.42 65.80 29.17 24.19 23.97 24.12 58.40 82.33 81.60 85.67 82.07 78.31 80.21 84.75 92.16 91.63 96.19 82.42 65.13 56.40 52.51 51.24 50.26 55.24 49.81 42.62 45.72 49.94 51.51 52.46 52.60 54.46
147.64 136.42 119.53 112.06 118.34 93.05 66.89 62.27 60.31 62.18 61.27 56.06 50.18 47.78 47.10 47.06 47.26 47.87 55.62 53.71 51.11 56.41 66.83 75.87 80.42 81.85 83.53 82.44 82.65 82.95 83.19 84.16 85.53 86.96 87.36 87.59 95.35 106.15 104.85 98.69 99.33 93.38 82.34 70.28 91.06 87.73 88.56 92.68 101.55 104.20 99.17 97.70 94.54 104.02 112.37 107.09 102.75 97.33 79.03 75.12 74.47 75.70 73.86 65.80 59.06 56.21 55.05 55.98 54.59 55.58
147.09 149.98 148.04 135.92 130.15 114.87 118.43 101.67 85.31 73.83 79.62 68.88 61.90 53.67 53.98 55.94 61.76 70.90 82.82 84.85 86.08 86.89 88.10 88.66 87.35 87.19 87.79 87.38 86.35 87.08 87.75 88.60 89.23 89.45 89.59 92.70 106.72 107.58 107.52 108.10 106.15 101.54 96.00 94.29 92.45 93.72 110.54 113.78 105.07 112.26 121.10 118.62 120.51 130.89 136.62 123.85 132.13 130.64 118.11 105.06 114.51 118.44 116.85 110.13 102.08 90.94 80.74 76.94 69.15 75.19
161.58 157.44 158.62 160.50 157.23 150.08 128.34 130.57 121.84 105.61 90.35 89.79 88.82 86.49 80.02 81.06 84.32 86.28 86.01 86.48 89.21 89.40 90.08 91.33 91.43 91.60 91.52 91.64 91.83 90.98 89.32 88.95 89.24 90.76 90.40 100.60 106.18 105.98 106.62 107.45 106.40 103.49 109.51 116.21 110.96 116.72 123.44 129.42 127.69 127.81 136.92 129.75 139.09 155.22 144.92 145.61 145.47 146.90 135.32 136.31 148.91 151.00 141.64 130.38 125.60 109.36 93.32 97.29 100.38 99.00
162.71 164.48 162.39 161.54 160.23 139.33 128.89 127.87 130.91 125.09 116.51 94.13 89.61 86.89 84.43 85.25 87.51 90.50 88.41 91.07 91.86 91.87 92.03 91.60 91.65 91.53 91.46 91.91 92.49 92.53 92.60 91.89 93.49 107.45 123.30 115.54 106.36 106.48 106.85 107.03 106.27 106.00 121.02 121.57 124.64 145.76 149.06 145.90 151.37 149.71 151.77 157.56 153.37 156.63 161.27 161.37 165.75 164.52 164.24 161.88 166.83 159.24 156.68 160.07 168.93 166.06 167.35 172.18 165.16 164.05
165.32 166.84 163.98 161.24 147.05 144.55 133.66 126.53 127.45 128.37 124.52 115.07 93.38 91.25 92.91 92.11 93.42 91.44 93.86 92.95 92.79 93.36 93.08 92.56 92.24 92.35 92.41 92.39 92.64 93.21 103.87 123.42 139.05 146.29 150.11 149.62 146.13 130.72 119.27 109.27 106.57 116.17 128.44 142.74 167.35 171.01 165.20 168.57 169.23 162.94 160.83 161.43 164.33 177.66 178.41 192.66 193.67 191.77 199.77 202.43 201.35 205.12 199.32 189.75 182.45 187.26 208.70 218.71 217.02 218.29
167.92 166.70 151.23 150.56 145.76 145.76 139.94 135.84 127.75 123.53 124.87 113.52 100.42 100.17 98.66 95.77 95.43 95.73 94.75 94.99 93.76 93.31 93.54 93.93 93.92 100.44 96.06 100.13 115.66 132.76 146.09 147.47 143.24 147.43 150.93 151.94 153.33 152.77 153.01 146.74 152.70 168.15 180.64 186.49 198.10 194.57 183.38 178.09 187.84 187.27 186.79 197.66 206.70 216.17 224.89 228.74 233.13 232.04 224.86 228.06 231.59 236.99 246.42 238.88 231.46 229.70 230.53 229.26 231.18 233.87
173.72 150.51 149.23 149.06 145.77 145.19 142.40 141.49 138.89 132.53 120.47 100.56 99.57 98.85 97.96 95.09 93.83 94.93 95.25 94.26 95.11 94.88 96.97 111.88 119.29 123.13 130.83 143.43 149.16 149.69 151.58 152.99 147.47 153.45 153.07 155.40 157.39 159.55 165.55 175.40 183.09 190.07 198.48 205.62 209.24 209.05 208.12 213.47 218.82 219.55 219.29 223.43 233.54 240.54 246.57 246.61 243.96 253.59 254.26 249.68 245.59 243.98 246.52 250.44 252.90 260.34 263.26 258.65 261.86 252.77
172.77 155.14 147.58 151.13 146.04 145.38 142.16 140.94 139.54 138.44 124.74 99.26 98.08 97.58 97.43 97.11 97.24 96.15 95.31 104.80 95.74 103.93 118.73 124.42 127.37 131.44 146.81 148.08 151.37 154.89 156.56 153.97 153.25 157.81 160.32 163.02 163.72 168.07 175.14 192.98 192.51 205.38 211.43 209.92 210.00 212.02 215.85 227.88 231.07 231.98 234.42 234.92 237.52 250.45 254.52 255.14 254.35 261.20 262.03 265.44 265.84 270.47 269.30 263.33 264.06 262.69 273.17 274.59 277.17 279.17
162.06 160.21 149.77 149.90 144.51 143.92 144.91 139.77 134.04 130.81 102.85 98.62 99.15 98.75 99.28 100.25 100.01 103.18 101.91 104.47 115.58 129.04 131.55 130.02 129.92 143.30 148.88 149.02 152.69 160.35 153.66 156.04 161.55 165.15 167.12 168.39 171.18 176.47 188.88 197.87 200.46 215.00 219.04 221.61 223.00 222.65 232.69 239.74 245.08 245.33 244.08 245.05 246.20 248.75 259.46 259.77 264.64 272.21 272.57 275.62 277.10 282.80 287.10 289.87 299.47 286.10 292.30 300.85 305.81 334.33
168.43 155.84 148.11 147.37 145.61 142.35 141.45 141.17 120.47 108.76 99.60 99.94 99.68 102.50 101.74 101.95 103.68 107.55 118.08 105.01 114.92 132.48 133.93 135.46 138.09 141.93 155.49 158.80 159.44 159.71 155.96 157.24 165.70 169.06 167.39 169.97 175.51 176.70 193.47 202.34 214.30 218.97 224.27 227.56 234.87 242.68 245.25 250.63 254.60 258.94 264.34 265.85 268.82 270.99 272.64 279.53 287.65 291.62 292.24 290.26 293.01 298.51 301.08 304.32 310.23 326.08 330.63 334.10 355.87 365.91
155.27 154.48 149.74 147.45 145.92 140.93 140.09 131.77 110.67 104.03 100.03 99.67 102.19 102.06 101.78 101.91 101.40 102.59 103.00 107.91 109.58 113.31 120.19 134.63 143.82 156.96 160.29 160.06 160.86 160.36 161.36 162.45 166.73 167.02 164.66 169.60 170.36 177.13 198.12 212.43 217.13 218.83 228.18 230.47 245.42 252.32 257.45 261.34 264.06 267.46 271.67 274.24 277.89 280.52 283.31 286.91 294.63 303.82 306.77 308.43 312.04 314.72 316.21 320.02 338.53 365.94 372.12 376.55 382.00 396.66
153.65 150.31 149.93 155.90 141.81 142.94 134.13 120.50 108.11 108.52 104.26 102.87 102.77 102.23 102.44 103.94 107.60 104.37 104.46 118.60 122.78 131.33 138.27 139.01 140.84 145.63 154.26 156.70 158.97 163.34 165.27 160.82 162.24 161.85 169.50 175.87 196.41 210.24 214.38 218.90 223.31 226.79 227.79 231.95 246.08 256.99 261.60 269.84 271.58 274.55 279.99 284.40 286.85 292.66 298.04 301.76 305.78 313.00 323.65 328.17 333.20 338.49 348.05 357.83 377.47 384.59 388.74 394.85 410.65 418.92
278.03 285.75 290.27 297.91 241.29 187.72 155.55 124.95 108.04 107.48 107.04 104.24 107.32 108.79 128.97 143.70 156.54 159.29 144.92 135.26 127.29 127.03 140.38 143.18 150.87 152.75 158.60 159.22 159.97 159.43 156.28 154.95 149.73 165.77 170.67 182.86 204.80 217.18 221.98 224.09 227.71 230.88 232.96 238.53 249.46 262.95 269.39 274.43 276.41 278.42 282.26 287.80 292.34 299.22 304.34 308.71 313.26 318.14 324.39 335.97 342.78 352.43 386.27 388.03 392.95 398.58 407.66 419.66 431.98 434.05
378.38 354.13 335.86 336.09 257.08 226.58 167.55 119.56 108.52 111.52 111.70 114.63 127.62 136.80 144.86 161.51 169.02 169.55 172.13 172.75 171.56 166.85 169.25 168.83 165.86 163.95 161.38 159.11 158.66 155.72 152.99 149.00 147.74 158.95 162.53 173.08 202.65 219.36 223.85 227.63 233.30 237.80 240.63 246.96 251.73 268.37 274.95 281.36 284.81 283.99 284.67 291.55 298.12 305.74 311.62 316.60 321.16 325.02 331.82 340.00 351.19 377.30 399.59 402.92 408.51 415.61 426.60 439.10 445.53 447.72
448.13 446.23 410.49 387.79 300.92 237.73 145.95 109.84 105.31 112.02 143.72 168.58 157.75 144.61 146.76 169.59 170.69 174.91 174.13 176.80 173.52 171.39 172.43 170.65 168.84 164.93 161.89 161.35 161.76 155.49 155.98 150.98 154.77 159.36 163.72 177.66 205.00 219.08 226.27 229.30 233.12 238.95 244.42 251.37 257.06 269.97 273.98 280.61 288.86 292.37 290.55 298.62 305.43 312.76 322.28 328.15 330.63 336.85 351.41 377.50 385.50 394.12 411.00 420.75 425.19 430.22 440.87 449.22 456.55 457.72
475.91 482.67 432.07 416.46 313.83 167.67 165.60 155.54 114.95 112.11 131.22 175.58 167.99 161.02 166.45 173.07 176.59 178.65 179.58 178.54 176.33 176.47 176.64 175.04 173.52 168.11 168.14 168.24 163.02 162.22 160.71 152.04 156.80 160.66 161.82 180.48 204.42 219.70 221.33 228.06 234.98 238.37 247.56 254.24 264.39 268.91 281.49 284.41 288.26 294.01 299.85 302.14 312.04 323.09 336.35 340.30 340.60 344.92 370.86 388.17 396.77 405.71 416.29 435.18 448.08 452.52 459.10 456.82 468.65 470.84
549.35 568.42 565.38 396.39 274.69 206.22 178.40 176.85 172.45 165.42 169.96 186.53 182.03 184.91 183.48 177.29 179.53 183.24 186.14 176.25 175.89 180.90 178.75 177.69 178.69 171.16 171.18 173.85 172.25 167.96 162.39 156.49 155.28 159.76 159.35 177.02 205.12 220.12 223.17 225.15 230.80 243.97 254.26 259.80 267.53 271.40 287.77 293.86 296.69 301.16 305.82 310.78 319.79 333.21 355.73 348.55 349.35 361.39 390.74 402.98 414.76 426.98 448.47 466.13 473.85 482.92 479.78 475.00 474.86 479.38
806.72 722.06 543.34 376.40 305.56 268.50 197.12 194.18 218.49 211.17 214.80 208.55 193.82 199.07 198.22 186.89 184.56 192.58 184.56 179.79 179.90 180.88 180.22 181.99 182.72 171.29 171.96 185.06 177.76 168.20 164.39 155.60 155.55 157.86 160.58 176.74 206.26 222.40 226.39 230.94 236.99 245.27 262.50 266.85 269.73 272.29 292.67 299.44 299.84 302.71 306.57 314.32 326.13 340.52 352.17 358.04 360.62 372.65 404.83 419.05 430.87 448.37 458.49 477.15 495.19 492.60 505.44 510.39 492.50 489.67
989.69 784.92 540.87 341.18 336.31 316.77 270.77 272.05 283.92 273.93 267.18 256.87 205.10 205.84 204.41 196.39 196.12 193.81 184.65 181.23 184.72 188.36 192.68 185.04 176.70 171.40 171.22 174.28 172.21 169.43 164.39 157.96 156.39 159.68 161.08 176.06 207.29 226.30 230.96 235.54 243.94 252.11 261.30 267.32 275.10 278.12 290.34 299.30 300.15 301.70 303.92 310.96 317.45 330.41 356.35 370.91 374.37 375.49 398.51 415.68 435.99 459.67 468.90 474.64 506.03 521.69 516.44 527.48 498.77 497.70
