arc/python_arcpy/Precipitation/APHRO_MA_025deg_1989.txt
ncols	360 
nrows	280 
xllcorner	60.125 
yllcorner	-14.875 
cellsize	0.25 
NODATA_value	-99.9 
[rows 124 to 154 of 280, columns 140 to 209 of 360]
1508.61 1436.25 1419.56 1299.14 1193.75 1182.92 1213.29 1265.30 1272.52 1307.24 1221.58 1194.74 1162.51 1106.78 1074.89 1097.86 1033.81 987.45 968.20 947.70 958.11 892.08 909.76 873.51 845.03 797.20 744.87 657.24 685.72 725.83 767.79 796.45 815.76 827.70 875.58 965.66 948.51 888.33 916.44 905.04 873.47 878.08 909.63 880.72 854.41 866.87 824.67 857.20 925.29 972.33 1023.79 1065.58 1113.92 1076.09 1051.76 984.13 908.98 852.36 865.45 921.99 970.65 1007.36 1035.35 1064.84 1085.70 1122.39 1168.17 1249.41 1344.45 1403.67
1350.96 1256.30 1193.03 1129.61 1091.18 1108.21 1122.37 1164.03 1241.94 1275.86 1282.71 1204.41 1137.35 1109.80 1103.79 1145.90 1188.68 1096.79 1065.18 1023.58 1013.62 963.09 965.15 950.74 897.18 874.85 865.48 701.86 696.60 774.86 811.66 826.21 841.85 905.84 1092.13 1160.72 1055.61 1015.68 1008.10 1002.99 989.15 964.99 969.37 944.30 935.51 936.63 908.99 892.62 893.95 962.67 1017.57 1034.69 1044.40 1043.07 1027.04 933.18 851.87 808.31 811.52 894.45 963.46 1006.38 1033.74 1040.17 1035.68 1084.82 1153.25 1247.03 1340.98 1473.85
1163.87 1091.93 1006.31 976.40 1008.87 1029.87 1054.03 1197.62 1363.45 1323.10 1235.94 1219.40 1127.56 1151.85 1169.04 1169.22 1185.85 1139.97 1116.85 1104.50 1068.82 1048.19 1029.27 1018.19 1020.77 980.94 952.36 955.26 918.94 863.28 918.98 965.77 1050.38 937.48 1220.54 1366.98 1179.90 1079.19 1083.50 1106.33 1072.34 1045.68 1029.46 1023.72 1013.21 1021.30 978.06 927.94 935.34 957.28 987.06 999.54 997.12 986.76 949.25 896.34 847.03 817.04 821.07 913.23 993.78 1030.51 1063.76 1035.35 1020.70 1079.10 1151.20 1245.94 1335.48 1467.45
963.15 888.67 879.90 884.20 979.58 1069.42 1086.27 1220.24 1394.64 1248.64 1216.07 1197.21 1198.68 1157.29 1137.40 1139.96 1158.09 1166.53 1169.71 1163.54 1137.24 1115.88 1082.73 1105.84 1134.77 1097.09 1088.17 1093.89 1140.06 1141.62 1062.78 1087.40 1155.97 1198.72 1321.76 1356.65 1360.20 1266.65 1241.03 1233.17 1196.29 1154.07 1090.44 1064.09 1095.66 1135.88 1060.28 986.44 963.37 978.54 960.15 936.22 893.38 893.10 887.61 865.36 832.62 837.82 859.29 918.53 985.85 1035.49 1061.91 1061.32 1088.77 1123.76 1189.25 1255.85 1362.07 1538.36
822.75 757.40 768.93 818.60 998.92 1294.09 1412.88 1372.79 1334.95 1215.60 1186.01 1172.40 1173.69 1163.45 1112.89 1127.66 1126.79 1176.35 1213.60 1255.53 1251.36 1160.85 1138.76 1188.21 1219.62 1220.92 1231.36 1227.82 1267.73 1286.27 1283.64 1239.08 1339.24 1437.43 1496.71 1476.81 1514.29 1502.61 1426.78 1570.73 1476.55 1276.73 1170.00 1143.60 1105.80 1151.92 1083.72 1019.33 1002.50 1007.84 971.19 913.38 858.14 823.12 832.00 825.38 823.18 856.46 866.68 881.95 954.66 1030.13 1054.90 1058.54 1114.54 1184.42 1237.30 1298.15 1397.48 1456.85
741.46 703.59 733.68 778.90 848.04 1080.78 1290.92 1264.20 1228.63 1158.06 1128.84 1130.96 1184.98 1142.01 1107.70 1139.35 1132.28 1176.18 1241.27 1339.60 1291.88 1192.36 1138.09 1182.94 1209.77 1205.01 1328.90 1479.70 1341.81 1340.95 1422.14 1491.81 1463.26 1675.60 1771.08 1584.13 1523.87 1584.37 1572.94 1659.03 1560.73 1368.02 1276.06 1238.54 1129.33 1091.42 1061.85 1023.84 1002.42 1010.87 1005.30 967.99 880.44 842.95 875.75 868.67 853.58 861.79 859.92 845.24 912.95 1020.66 1069.94 1126.50 1180.13 1224.57 1271.91 1362.31 1399.51 1377.87
705.73 689.50 666.78 671.86 737.49 926.14 1115.31 1139.52 1164.47 1117.17 1146.61 1133.98 1177.24 1177.20 1104.40 1152.74 1131.05 1174.37 1234.39 1278.19 1256.91 1179.41 1089.31 1095.33 1103.71 1176.79 1276.89 1361.92 1387.96 1332.97 1451.87 1626.25 1593.83 1657.57 1938.32 2038.81 1638.03 1582.11 1627.85 1655.04 1595.84 1470.86 1370.98 1340.57 1256.81 1143.92 1056.41 1042.66 1040.69 1063.42 1106.91 1100.81 1037.83 1010.68 985.42 956.85 917.68 893.82 888.24 874.87 928.99 1022.20 1101.56 1213.58 1220.01 1244.55 1329.48 1384.79 1431.32 1366.26
754.25 709.86 655.26 623.28 649.44 934.60 1023.75 1130.92 1065.30 1116.66 1182.14 1154.05 1153.92 1171.53 1151.03 1120.40 1103.38 1182.73 1171.77 1202.09 1185.19 1151.53 1098.97 1005.61 1023.26 1080.37 1175.50 1221.89 1239.48 1285.98 1354.72 1446.11 1514.37 1548.61 1667.60 1796.29 1658.40 1579.69 1597.23 1600.49 1567.82 1509.15 1483.02 1437.81 1305.73 1163.14 1008.00 1048.20 1121.35 1188.77 1285.35 1305.27 1246.35 1203.37 1118.03 1057.77 1022.75 985.66 957.53 929.00 975.17 1037.28 1113.11 1159.94 1193.90 1247.35 1374.36 1428.64 1450.44 1406.91
865.40 713.23 643.73 615.31 627.39 893.82 982.67 1094.64 1101.62 1173.87 1220.85 1215.19 1162.94 1139.98 1119.45 1123.84 1107.22 1155.75 1107.36 1130.03 1160.34 1135.59 1083.41 940.41 974.04 1013.08 1087.61 1134.83 1138.32 1179.96 1203.97 1276.29 1365.60 1404.33 1402.06 1402.91 1645.56 1568.74 1577.17 1649.28 1556.77 1525.51 1590.15 1539.08 1359.49 1227.67 1109.85 1114.99 1155.24 1302.39 1419.72 1493.42 1494.15 1449.13 1304.32 1186.07 1109.63 1052.99 1019.94 1019.66 1036.00 1057.05 1110.03 1155.85 1208.93 1265.95 1321.06 1408.22 1484.88 1482.09
634.46 607.81 632.52 613.48 610.02 779.79 1022.48 1147.68 1131.67 1237.95 1209.48 1207.51 1153.10 1112.65 1097.51 1127.09 1204.93 1174.10 1140.80 1091.43 1083.75 1126.90 1060.04 1039.79 1061.16 1059.08 1080.16 1107.27 1089.22 1103.38 1113.65 1162.80 1224.77 1234.46 1216.00 1184.78 1366.04 1491.88 1516.30 1656.94 1542.53 1514.15 1636.91 1746.20 1471.55 1292.06 1186.98 1138.93 1197.33 1393.72 1577.55 1859.95 1758.31 1551.85 1392.75 1289.13 1203.36 1114.86 1058.37 1045.79 1068.20 1107.67 1118.90 1132.74 1168.74 1243.45 1333.47 1402.67 1378.74 1422.58
584.17 580.38 613.15 610.00 601.84 812.63 1164.20 1326.32 1246.38 1266.69 1217.98 1194.64 1158.29 1096.48 1072.42 1104.34 1179.64 1215.40 1139.67 1152.38 1095.47 1116.44 1097.18 1126.88 1124.40 1107.58 1115.77 1092.80 1072.38 1068.88 1105.86 1120.92 1124.13 1123.05 1082.39 1068.80 1106.51 1361.20 1419.80 1459.37 1518.19 1498.72 1551.09 1620.25 1521.95 1350.38 1303.37 1270.38 1394.97 1687.66 1776.64 1837.18 1725.26 -99.90 -99.90 -99.90 1291.49 1187.77 1135.44 1091.71 1148.05 1226.28 1202.83 1187.64 1179.22 1237.33 -99.90 -99.90 -99.90 -99.90
629.11 600.42 595.57 598.68 649.79 926.98 1319.56 1427.75 1335.48 1308.35 1214.77 1183.34 1152.41 1095.30 1041.60 1059.31 1152.11 1208.02 1244.45 1286.92 1278.68 1245.34 1189.59 1218.36 1203.19 1187.38 1146.68 1123.95 1111.79 1080.97 1054.67 1047.26 1043.02 1047.77 965.96 1015.84 1080.61 1136.04 1253.14 1389.58 1420.57 1449.14 1547.48 1562.70 1515.63 1405.37 1398.78 1429.81 1575.35 1752.30 1658.31 1591.94 -99.90 -99.90 -99.90 -99.90 1260.23 -99.90 1126.58 1087.20 1154.19 1287.62 1233.07 -99.90 -99.90 -99.90 -99.90 -99.90 -99.90 -99.90
613.33 607.78 586.13 573.55 646.99 870.42 1255.49 1354.89 1430.59 1287.44 1203.67 1148.78 1110.65 1068.10 1025.96 1047.07 1111.08 1228.72 1270.73 1312.63 1359.13 1412.07 1382.02 1291.95 1223.02 1140.21 1091.59 1080.88 1089.74 1125.78 1095.02 1066.19 1043.07 1052.94 1017.05 1030.59 1080.60 1173.66 1330.15 1449.77 1526.02 1596.29 1619.60 1588.87 1539.80 1491.21 1451.46 1410.49 1531.36 1538.96 1529.92 1498.55 -99.90 -99.90 -99.90 -99.90 -99.90 -99.90 1145.07 1057.89 1128.67 1226.84 1237.93 -99.90 -99.90 -99.90 -99.90 -99.90 -99.90 -99.90
594.34 606.58 627.53 657.11 695.43 901.49 1158.61 1226.07 1308.37 1261.33 1191.67 1118.27 1058.69 1012.11 999.86 1046.55 1097.40 1207.42 1308.22 1381.81 1447.92 1479.89 1397.98 1334.14 1174.79 1116.31 1078.53 1081.44 1090.61 1090.26 1089.92 1112.44 1171.35 1146.53 1134.23 1096.45 1162.88 1181.69 1307.22 1487.09 1595.06 1715.82 1710.16 1648.10 1633.47 1572.79 1546.68 1501.27 1390.68 -99.90 -99.90 -99.90 -99.90 -99.90 -99.90 -99.90 -99.90 -99.90 -99.90 1037.26 1151.02 1238.12 -99.90 -99.90 -99.90 -99.90 -99.90 -99.90 -99.90 -99.90
629.60 646.40 692.01 773.73 789.66 913.68 1070.35 1106.64 1133.72 1141.02 1091.04 1049.13 1039.67 943.33 937.64 1005.36 1082.09 1175.32 1406.99 1523.36 1529.94 1496.68 1391.63 1323.28 1171.07 1133.64 1066.69 1121.01 1150.23 1161.20 1280.55 1309.31 1225.33 1205.55 1177.78 1214.65 1253.72 1249.28 1314.71 1498.89 1634.67 1757.29 1805.86 1764.18 1747.95 1662.73 1614.70 -99.90 -99.90 -99.90 -99.90 -99.90 -99.90 -99.90 -99.90 -99.90 -99.90 -99.90 -99.90 1159.21 1201.85 1337.31 1351.56 -99.90 -99.90 -99.90 -99.90 -99.90 -99.90 -99.90
657.76 656.77 697.87 751.57 779.23 879.37 954.83 1028.74 1038.23 1061.91 1063.54 1002.03 945.11 911.19 869.85 896.41 998.79 1179.43 1423.00 1611.70 1479.41 1380.54 1297.63 1198.49 1112.79 1143.30 1146.05 1160.36 1187.51 1236.62 1350.18 1387.11 1348.27 1323.43 1215.61 1249.38 1251.81 1246.86 1350.96 1473.86 1618.42 1718.78 1752.46 1820.94 1806.01 1695.98 -99.90 -99.90 -99.90 -99.90 -99.90 -99.90 -99.90 -99.90 -99.90 -99.90 -99.90 -99.90 -99.90 -99.90 1379.15 1408.65 1472.56 1439.52 -99.90 -99.90 -99.90 -99.90 -99.90 -99.90
670.61 659.91 689.71 748.90 844.13 902.71 928.12 976.27 951.01 1000.01 1035.93 1016.65 986.20 949.09 885.35 832.95 924.69 1069.94 1311.43 1375.49 1176.94 1042.88 1113.35 1085.29 1046.66 1110.14 1076.50 1116.92 1205.82 1308.52 1447.39 1445.93 1399.72 1407.30 1373.98 1224.78 1299.66 1318.71 1415.92 1561.14 1618.93 1791.59 1778.84 1769.43 1760.62 -99.90 -99.90 -99.90 -99.90 -99.90 -99.90 -99.90 -99.90 -99.90 -99.90 -99.90 1249.77 1153.93 970.20 1097.87 1343.41 1508.44 1605.83 1671.81 -99.90 -99.90 -99.90 -99.90 -99.90 -99.90
727.25 683.00 712.52 798.10 925.48 961.61 949.19 934.23 893.21 962.37 1050.33 995.74 1014.81 1013.92 974.04 867.15 763.47 876.70 984.96 1050.30 1042.18 1034.98 1028.54 1038.25 1040.44 1093.65 1099.00 1115.72 1291.59 1534.08 1612.60 1534.49 1495.90 1398.58 1325.39 1310.84 1229.27 1276.13 1508.16 1545.25 1618.16 1782.46 1797.85 1707.41 -99.90 -99.90 -99.90 -99.90 -99.90 -99.90 -99.90 -99.90 -99.90 -99.90 -99.90 1198.52 1176.02 1256.62 1495.29 1485.06 1557.96 1680.34 1753.74 1742.71 1613.86 -99.90 -99.90 -99.90 -99.90 -99.90
820.23 747.10 728.61 822.14 961.90 1054.94 978.34 937.01 907.70 958.48 1001.18 1073.61 1047.24 1038.44 1061.35 1058.16 942.16 804.18 785.43 978.34 1040.01 1050.15 1054.67 1097.55 1070.20 1055.51 1093.21 1248.24 1467.23 1781.76 1765.07 1647.10 1456.00 1359.32 1318.17 1273.07 1264.27 1333.57 1410.77 1476.14 1546.46 1659.94 1796.47 1829.71 -99.90 -99.90 -99.90 -99.90 -99.90 -99.90 -99.90 -99.90 -99.90 -99.90 1032.45 1036.04 1245.04 1598.38 1932.62 1915.11 1896.58 1872.09 1838.90 1761.18 -99.90 -99.90 -99.90 -99.90 -99.90 -99.90
917.07 827.26 805.62 882.31 1055.58 1220.89 1098.86 1023.63 982.32 993.35 945.39 972.36 942.30 975.66 1018.96 1038.09 1013.14 899.93 849.50 965.05 1021.26 1036.18 1019.66 1004.18 1006.40 1061.32 1106.52 1352.93 1682.55 1942.11 1892.69 1781.07 1496.43 1502.74 1388.43 1379.67 1466.10 1454.44 1541.40 1580.15 1625.53 1681.03 1781.52 -99.90 -99.90 -99.90 -99.90 -99.90 -99.90 -99.90 -99.90 -99.90 -99.90 -99.90 844.40 1037.18 1382.52 1740.92 2125.70 2318.42 2089.98 1972.89 1854.69 -99.90 -99.90 -99.90 -99.90 -99.90 -99.90 -99.90
1065.23 944.90 956.68 1019.52 1203.34 1446.78 1421.07 1089.34 944.94 1026.38 821.45 795.22 885.84 916.85 912.66 943.78 876.97 908.68 931.81 904.17 961.47 1000.72 945.19 944.95 953.85 1041.33 1131.69 1453.33 1851.88 2366.11 2292.00 2134.63 1577.16 1813.91 2084.80 1868.29 1679.13 1527.49 1530.62 1657.48 1739.45 1925.01 1974.52 -99.90 -99.90 -99.90 -99.90 -99.90 -99.90 -99.90 -99.90 -99.90 -99.90 -99.90 1031.51 1177.11 1423.04 1715.08 2025.35 2166.72 2033.39 1929.71 1836.71 -99.90 -99.90 -99.90 -99.90 -99.90 -99.90 -99.90
1252.35 1060.47 1080.13 1169.11 1346.35 1648.91 1745.32 1208.81 985.02 1058.62 838.81 786.25 770.68 785.68 803.75 852.71 838.52 897.73 908.18 977.01 980.88 936.73 905.38 921.82 961.34 1006.59 1153.21 1410.85 1738.56 1988.26 2175.86 2237.84 2293.03 2210.51 2562.31 2409.33 2009.79 1734.59 1534.92 1572.64 1675.75 1848.06 2120.96 2290.52 -99.90 -99.90 -99.90 -99.90 -99.90 -99.90 -99.90 -99.90 -99.90 -99.90 1182.49 1278.66 1376.28 1615.05 1740.00 1773.06 1817.86 1792.87 -99.90 -99.90 -99.90 -99.90 -99.90 -99.90 -99.90 -99.90
1380.65 1162.37 1205.73 1309.81 1512.04 1838.68 2026.24 1541.44 1099.99 1142.32 974.03 812.33 768.94 777.72 751.71 790.17 982.93 1037.09 910.39 915.40 805.11 868.41 871.87 889.64 965.21 1044.04 1152.68 1335.49 1558.23 1775.62 1820.79 1914.15 2338.69 2603.28 2737.06 2487.20 2198.13 1751.75 1584.63 1431.29 1356.77 1823.04 2236.74 2597.20 2616.91 -99.90 -99.90 -99.90 -99.90 -99.90 -99.90 -99.90 -99.90 -99.90 -99.90 1268.82 1360.02 1476.42 1574.33 1571.17 1636.66 -99.90 -99.90 -99.90 -99.90 -99.90 -99.90 -99.90 -99.90 -99.90
1567.33 1357.09 1377.16 1453.69 1639.59 1947.18 2200.95 2193.89 1409.16 1390.48 1104.93 898.41 801.52 810.33 764.23 767.64 968.62 1010.04 959.16 836.55 682.86 730.74 825.64 850.66 927.77 1029.47 1097.59 1258.70 1398.45 1485.36 1438.03 1492.18 1760.60 1925.13 2162.04 2209.90 2227.58 2036.35 1759.12 1460.85 1387.48 1790.90 2563.83 2895.67 3178.12 3003.29 -99.90 -99.90 -99.90 -99.90 -99.90 -99.90 -99.90 -99.90 -99.90 -99.90 -99.90 1414.48 1491.39 -99.90 -99.90 -99.90 -99.90 -99.90 -99.90 -99.90 -99.90 -99.90 -99.90 -99.90
1733.68 1591.15 1566.38 1648.19 1833.88 2130.06 2405.61 2502.34 1862.23 1943.44 1340.17 1039.04 875.36 814.48 772.34 770.55 872.27 954.51 1082.66 889.54 744.48 765.10 783.35 813.10 899.95 1002.82 1061.50 1106.29 1170.87 1240.30 1136.98 1196.57 1339.51 1515.61 1685.79 1803.72 1982.15 2076.15 1972.28 1701.76 1654.64 1762.68 2087.66 2547.11 2743.73 2634.72 -99.90 -99.90 -99.90 -99.90 -99.90 -99.90 -99.90 -99.90 -99.90 -99.90 -99.90 -99.90 -99.90 -99.90 -99.90 -99.90 -99.90 -99.90 -99.90 -99.90 -99.90 -99.90 -99.90 -99.90
1865.63 1769.60 1735.65 1830.70 2034.80 2389.34 2750.20 2897.30 2400.31 2121.38 1617.61 1213.96 981.61 836.09 792.16 788.95 800.88 886.63 1023.37 900.13 864.64 821.06 780.08 818.51 907.97 962.08 978.68 998.59 1065.32 1107.01 1149.32 1172.26 1203.80 1244.11 1317.91 1514.08 1641.11 1755.03 1768.60 1763.23 1788.55 1869.86 1907.10 2096.20 2145.86 2224.63 2296.63 -99.90 -99.90 -99.90 -99.90 -99.90 -99.90 -99.90 -99.90 -99.90 -99.90 -99.90 -99.90 -99.90 -99.90 -99.90 -99.90 -99.90 -99.90 -99.90 -99.90 -99.90 -99.90 -99.90
1884.45 1782.90 1773.52 1900.15 2128.36 2507.47 2940.37 3332.57 3047.80 2384.16 1737.58 1391.65 1140.86 896.88 773.94 725.32 735.99 841.31 966.00 965.73 973.22 907.11 849.87 861.94 930.45 958.06 974.66 996.22 1029.40 1060.31 1126.48 1163.49 1112.26 1138.62 1140.86 1273.40 1421.01 1555.48 1598.67 1665.71 1808.05 1865.62 1818.34 1841.38 1796.53 1889.72 1957.90 1857.77 -99.90 -99.90 -99.90 -99.90 -99.90 -99.90 -99.90 -99.90 -99.90 -99.90 -99.90 -99.90 -99.90 -99.90 -99.90 -99.90 -99.90 -99.90 -99.90 -99.90 -99.90 -99.90
1900.55 1806.77 1792.96 1914.93 2128.31 2383.59 2864.80 3215.72 3413.42 3076.17 1999.80 1790.00 1393.56 1095.76 773.25 707.68 745.06 817.21 928.17 1016.69 1089.86 1017.47 960.68 948.37 908.05 969.33 1012.35 1009.17 1043.75 1057.46 1070.90 1088.23 1061.45 1025.26 1049.59 1172.90 1287.45 1384.98 1438.11 1475.07 1573.77 1556.72 1533.84 1452.52 1516.87 1594.09 1555.97 1567.54 1687.52 -99.90 -99.90 -99.90 -99.90 -99.90 -99.90 -99.90 -99.90 -99.90 -99.90 -99.90 -99.90 -99.90 -99.90 -99.90 -99.90 -99.90 -99.90 -99.90 -99.90 -99.90
1913.23 1845.56 1863.12 1830.53 2088.03 2320.31 2740.68 3109.93 3418.31 4182.84 3109.87 2441.34 1778.51 1202.32 888.38 857.98 871.86 849.74 876.34 962.03 1020.16 1125.17 1012.67 921.72 905.23 972.73 1028.57 1103.98 1052.89 1032.54 1033.14 1027.78 990.54 942.59 1010.42 1094.56 1239.24 1347.95 1364.82 1394.20 1414.71 1449.13 1369.06 1277.39 1357.78 1452.39 1554.45 1482.98 1536.69 1408.94 -99.90 -99.90 -99.90 -99.90 -99.90 -99.90 -99.90 -99.90 -99.90 -99.90 -99.90 -99.90 -99.90 -99.90 -99.90 -99.90 -99.90 -99.90 -99.90 -99.90
1924.34 1899.02 1886.25 1659.75 1947.75 2351.35 2762.86 2946.32 -99.90 3862.34 3789.12 3108.92 2540.10 1370.86 914.07 850.08 899.99 858.96 885.26 899.27 874.27 971.43 975.76 881.89 937.11 939.22 929.86 985.75 987.06 1018.76 1012.25 1008.27 992.22 936.23 976.95 1049.05 1221.48 1378.62 1344.24 1320.44 1354.41 1447.29 1304.90 1178.73 1232.63 1250.84 1456.66 1542.06 1426.40 1372.06 1417.95 -99.90 -99.90 -99.90 -99.90 -99.90 -99.90 -99.90 -99.90 -99.90 -99.90 -99.90 -99.90 -99.90 -99.90 -99.90 -99.90 -99.90 -99.90 -99.90
2013.62 1985.09 1955.62 1903.85 2103.03 2540.61 -99.90 -99.90 -99.90 3344.80 3733.40 3207.40 2578.99 1479.77 942.00 828.50 847.15 844.81 806.82 805.96 756.97 853.46 898.56 885.12 948.19 886.20 852.63 841.45 877.26 911.18 955.56 1015.85 980.91 930.93 922.71 1033.61 1200.96 1401.03 1456.17 1400.69 1410.72 1336.73 1310.34 1144.70 1002.45 1231.63 1487.10 1605.53 1495.58 1323.66 1406.59 1408.68 1214.67 -99.90 -99.90 -99.90 -99.90 -99.90 -99.90 -99.90 -99.90 -99.90 -99.90 -99.90 -99.90 -99.90 -99.90 -99.90 -99.90 -99.90
