arc/python_arcpy/Precipitation/APHRO_MA_025deg_2007.txt
ncols	360 
nrows	280 
xllcorner	60.125 
yllcorner	-14.875 
cellsize	0.25 
NODATA_value	-99.9 
[rows 31 to 61 of 280, columns 140 to 209 of 360]
90.30 108.24 97.94 112.59 110.60 127.14 132.83 138.39 140.22 141.27 128.67 136.20 152.15 155.55 156.34 157.61 160.62 170.18 180.90 196.87 206.41 212.27 218.15 223.99 231.95 238.57 239.43 243.37 243.68 243.33 240.28 226.80 213.34 204.18 189.07 180.50 189.71 188.44 177.53 174.56 169.23 167.54 167.63 165.26 162.40 159.52 158.56 156.11 149.35 144.86 146.59 147.12 156.01 152.43 148.70 141.80 136.07 135.17 135.63 146.93 148.08 149.93 152.76 149.61 146.59 144.40 142.92 139.93 133.42 129.88
89.23 113.15 119.81 116.39 118.36 124.52 129.79 133.67 136.04 126.28 127.70 135.00 128.83 135.00 133.17 151.23 152.86 156.69 170.16 178.94 183.77 195.91 208.22 217.46 225.13 231.43 233.83 235.86 234.46 236.21 235.74 225.61 209.28 196.82 182.08 169.13 170.56 171.64 162.30 157.41 155.77 157.46 157.51 155.36 151.39 149.28 149.99 148.92 142.81 138.98 137.49 139.56 141.83 141.26 138.33 134.88 132.46 132.72 132.93 134.66 136.85 139.06 140.81 143.75 141.64 138.56 133.97 128.62 124.55 120.96
78.23 87.61 110.42 126.57 128.86 125.74 125.24 108.80 115.59 114.34 117.25 119.05 120.35 121.86 129.59 147.56 148.92 150.83 157.10 160.77 166.69 186.16 203.72 212.51 219.94 228.61 232.74 240.56 241.52 236.50 230.84 218.52 205.23 194.36 187.71 179.00 167.99 161.27 158.36 151.59 146.16 145.19 144.00 142.65 137.91 138.57 138.24 137.52 137.06 133.41 132.36 131.35 131.11 130.72 132.64 130.04 128.28 128.43 128.16 127.51 126.34 128.75 136.23 137.88 133.78 126.47 122.37 119.50 117.93 116.02
79.98 82.79 86.54 104.56 122.35 125.66 123.09 107.42 108.76 113.44 114.83 114.87 115.39 117.05 122.48 136.09 140.09 141.28 156.26 170.51 181.56 190.56 205.92 214.21 221.40 226.87 226.76 231.29 229.62 222.38 216.14 205.98 198.44 187.44 178.89 169.27 161.14 158.69 150.53 144.40 135.68 130.48 129.02 131.22 125.36 122.16 121.88 121.87 125.46 124.62 127.59 127.49 124.11 123.46 124.99 123.15 124.20 123.27 121.27 120.92 120.28 127.96 129.49 128.15 126.46 123.47 118.01 113.93 111.05 110.43
81.64 83.27 84.26 86.93 104.82 118.26 115.96 115.18 114.26 109.05 112.16 106.35 112.26 113.51 114.53 116.48 117.34 127.33 149.79 158.04 166.64 183.67 210.39 212.07 212.11 218.99 215.09 220.09 220.97 216.02 212.56 207.51 190.31 179.33 170.35 160.24 154.27 146.59 138.81 135.24 129.87 123.54 119.78 116.97 114.10 114.15 115.41 117.20 120.20 117.38 114.51 115.61 112.56 109.90 107.13 105.08 101.15 103.18 105.84 105.28 109.63 117.47 119.39 119.37 120.41 119.22 118.01 110.75 104.93 106.38
87.50 89.95 96.66 94.89 93.01 91.82 91.95 88.29 93.50 100.77 106.67 98.30 98.51 102.75 108.45 113.08 117.01 120.12 125.45 142.05 156.93 165.75 181.81 185.76 195.72 194.45 200.30 199.45 201.57 204.24 201.44 196.45 181.07 167.28 156.60 150.16 144.63 140.02 135.16 131.17 126.08 122.29 117.04 108.69 99.24 95.34 104.54 110.82 114.34 113.71 113.74 112.06 109.11 105.43 104.59 103.26 98.96 98.29 101.99 105.81 113.10 114.97 115.12 116.46 116.94 115.56 112.80 107.16 98.13 94.99
99.92 95.73 90.23 89.38 97.06 99.53 102.16 100.41 89.97 93.58 94.37 93.45 94.55 94.64 100.00 101.69 112.85 118.54 122.13 124.21 135.68 154.81 158.82 164.94 173.17 179.38 185.41 186.57 189.90 189.73 189.20 179.14 166.95 159.03 152.23 132.48 124.91 125.50 131.11 120.73 121.28 120.21 115.21 107.96 100.34 97.97 103.82 106.86 109.26 110.25 111.76 110.48 105.93 102.16 101.53 101.41 100.61 103.36 103.61 105.26 111.35 112.79 113.69 116.73 114.72 113.21 111.05 109.03 104.63 97.15
96.77 94.78 88.62 85.78 86.19 87.07 92.98 97.22 102.62 103.40 101.96 102.16 102.09 99.37 104.29 110.33 113.21 117.56 118.86 123.34 133.09 148.01 151.64 154.34 157.18 161.10 170.32 176.68 175.36 169.06 166.26 161.33 155.42 152.55 134.96 122.59 116.84 112.79 108.45 104.22 104.19 103.35 105.08 105.22 107.15 106.60 107.58 108.14 109.33 110.51 111.76 110.16 105.55 102.15 101.20 102.23 100.79 103.40 103.43 103.30 107.34 109.15 104.20 112.28 114.35 113.37 112.11 111.28 109.71 110.18
96.70 91.08 89.71 84.50 80.57 80.22 81.87 83.36 85.25 93.15 95.40 94.84 100.21 102.85 106.09 117.22 114.95 113.72 121.49 129.46 133.42 138.21 140.19 151.25 150.90 155.46 159.55 159.57 160.18 158.19 155.62 154.25 149.65 140.14 118.24 118.45 115.29 109.17 109.25 104.41 102.34 99.36 94.10 89.32 94.33 107.32 110.86 110.67 111.25 111.91 111.31 111.69 108.66 105.98 103.27 100.90 99.63 103.09 104.89 105.88 92.96 84.54 93.91 108.55 113.63 114.52 116.50 118.38 119.18 120.32
102.45 93.83 91.48 82.91 80.20 78.39 78.46 78.79 79.53 81.48 80.57 86.98 92.52 94.97 98.51 93.03 91.37 97.34 112.39 124.98 127.78 140.31 149.31 152.88 152.72 159.22 170.40 161.96 156.68 156.13 155.49 150.99 137.74 111.52 108.76 103.95 98.12 94.76 93.10 90.10 88.09 86.66 81.90 78.97 77.69 83.80 91.39 93.22 100.76 99.95 110.24 111.70 109.32 106.97 106.78 105.06 103.12 96.07 92.26 85.94 85.35 84.01 90.18 108.49 113.91 116.53 118.67 121.90 123.79 127.10
86.51 89.76 89.13 84.08 82.05 79.92 78.46 81.16 84.19 82.26 80.78 81.90 82.03 82.44 87.40 88.35 92.65 105.24 107.87 108.40 94.33 95.76 105.89 127.41 134.83 136.89 143.74 153.78 155.03 154.09 152.76 132.82 102.02 98.75 98.70 98.25 96.53 95.42 94.05 92.18 89.34 86.76 83.32 80.76 80.26 80.18 79.40 79.27 78.79 79.47 87.38 93.88 93.32 94.31 93.26 91.85 87.52 81.51 81.81 82.83 84.58 85.16 86.96 101.37 114.11 116.88 120.48 125.16 130.35 134.94
69.99 75.13 78.39 82.04 83.38 82.16 80.59 79.04 78.74 82.19 84.02 82.45 81.18 81.99 84.53 86.89 88.27 94.76 102.10 109.03 102.30 109.64 110.78 103.71 99.99 100.76 105.54 117.31 130.05 131.45 136.46 134.03 102.89 100.49 99.91 98.45 97.82 97.18 95.18 93.84 93.37 90.70 85.44 83.28 81.82 81.30 80.29 80.05 81.95 83.94 87.99 91.47 94.03 91.37 79.58 77.65 79.62 81.69 83.01 83.74 84.16 86.40 87.68 91.49 108.35 118.80 123.55 126.47 132.09 139.21
58.43 60.25 64.51 71.17 76.34 76.03 75.71 75.28 76.33 78.04 80.43 82.87 84.46 85.39 83.91 84.54 87.63 89.18 89.49 90.96 90.17 91.83 93.11 96.78 94.19 96.05 96.74 97.36 96.74 100.27 101.72 102.49 101.92 98.92 97.52 98.32 99.15 98.10 96.49 94.62 93.28 90.50 86.88 84.77 83.79 82.25 80.83 79.76 80.45 80.96 80.90 80.78 82.56 80.31 78.32 80.61 82.32 83.79 84.35 84.89 84.95 87.52 88.89 108.21 122.15 123.28 125.30 127.70 134.02 140.42
44.24 50.82 59.35 64.27 69.03 71.23 72.30 73.65 76.09 76.36 77.82 79.82 80.40 80.96 78.12 80.82 82.48 85.17 86.48 85.64 84.84 88.30 93.32 95.96 95.03 95.25 94.72 95.57 95.82 97.35 118.92 123.55 123.95 123.84 108.51 97.36 101.40 103.15 100.91 97.51 93.82 90.70 88.86 86.62 84.83 82.75 81.05 80.04 80.30 81.07 81.46 81.70 81.49 79.61 81.94 83.60 83.58 84.85 86.05 90.41 93.19 95.50 101.96 114.56 126.39 127.31 129.68 133.15 136.88 143.65
44.37 49.63 58.51 65.34 70.20 71.52 71.27 73.36 75.05 75.90 75.73 74.28 74.77 75.40 74.87 76.29 79.59 79.81 82.68 85.19 89.39 93.83 94.53 103.36 97.92 94.38 94.68 98.14 99.92 99.05 115.12 111.37 115.60 111.86 121.93 140.60 117.43 117.20 108.21 100.17 95.40 92.58 89.84 87.23 84.77 82.76 81.72 81.27 80.28 81.70 82.11 83.29 87.52 88.35 88.58 85.56 85.34 86.28 90.18 101.40 102.82 113.07 125.54 129.00 131.09 132.11 132.55 133.95 141.07 148.26
74.79 66.04 66.09 69.07 72.14 76.72 79.99 78.01 78.31 77.19 76.37 73.87 74.38 75.31 75.96 74.06 76.04 81.90 82.03 85.54 89.74 94.75 97.18 96.33 92.00 91.40 92.05 90.58 89.80 88.84 95.05 98.27 98.25 95.01 95.44 112.52 132.15 115.89 108.24 103.34 98.69 94.22 89.81 86.80 85.75 85.22 84.61 83.60 83.08 83.41 87.39 96.60 98.33 100.20 99.27 98.52 98.30 101.59 110.20 114.08 124.45 132.68 131.13 132.79 135.35 137.65 139.79 145.57 147.35 148.04
88.93 78.68 75.42 76.07 76.30 77.83 80.27 80.64 82.72 83.75 82.54 79.82 78.87 78.50 77.61 74.06 76.82 81.03 82.73 86.89 90.46 92.89 95.08 90.25 89.94 88.93 88.36 90.21 90.54 94.28 92.85 91.82 92.38 95.96 99.54 100.91 105.65 114.06 123.09 108.73 103.79 104.27 98.65 95.66 91.73 90.46 89.49 88.23 92.26 96.82 99.78 99.50 100.66 101.11 103.83 107.69 109.42 118.77 127.13 131.58 138.43 140.14 141.37 143.15 145.64 148.38 154.41 155.94 152.88 151.84
91.91 87.71 83.21 78.31 82.27 78.92 78.54 80.72 81.83 81.22 83.55 80.38 81.10 80.66 79.79 80.46 81.92 80.67 82.13 85.80 91.31 89.85 86.61 84.95 84.18 84.66 86.30 85.99 88.63 88.16 89.42 91.48 93.32 94.42 95.83 97.09 102.76 107.01 115.90 106.45 102.87 103.73 104.51 99.17 93.97 91.59 90.79 96.17 102.20 101.15 101.60 102.81 111.43 121.33 124.00 125.43 128.73 131.81 136.03 141.72 145.43 148.59 149.24 148.83 150.68 153.14 158.15 161.68 157.78 154.07
79.65 76.79 78.06 81.42 84.51 83.36 82.45 82.14 81.93 84.21 86.65 83.53 81.89 82.90 87.23 89.39 86.38 86.70 86.55 87.62 86.35 84.23 80.53 77.36 78.32 79.79 82.77 85.04 85.69 87.94 91.35 93.43 92.63 93.15 94.57 97.52 100.11 106.05 108.18 106.68 105.78 104.78 102.88 101.68 98.89 94.97 95.51 102.17 103.30 107.58 116.00 121.46 127.42 130.26 133.49 139.16 144.80 143.36 146.73 154.38 160.44 160.45 159.56 159.26 160.64 168.13 171.71 173.13 168.66 163.79
78.26 75.34 78.04 82.81 84.60 86.59 87.54 87.99 88.65 88.17 88.60 85.87 87.93 93.68 96.84 97.16 92.56 91.70 90.39 88.02 83.47 79.55 75.93 72.92 70.53 74.80 79.57 84.16 87.46 90.16 92.94 95.11 95.91 95.30 97.68 101.46 103.81 107.31 107.14 106.62 108.43 108.58 107.46 105.47 103.12 100.05 106.65 105.66 113.25 123.08 127.58 131.61 135.71 137.88 142.64 148.21 155.78 157.08 159.06 167.20 174.53 175.16 172.56 184.33 195.25 195.79 192.84 189.68 184.59 179.00
73.96 75.88 81.56 86.72 88.99 91.29 92.71 94.03 95.17 93.84 95.80 97.96 99.25 98.56 97.43 97.85 97.25 94.27 91.90 92.74 89.92 83.71 76.11 66.36 60.41 69.20 78.77 83.35 85.95 89.27 90.29 92.35 94.72 97.23 99.39 101.24 102.59 107.04 108.52 108.91 109.81 110.25 108.85 107.06 105.42 110.14 114.49 122.54 126.21 129.92 134.07 137.71 140.22 143.42 151.53 156.30 164.95 168.63 172.87 179.30 185.38 195.89 204.01 205.18 210.53 212.69 211.57 207.67 199.62 190.74
74.78 81.11 86.33 90.27 91.91 94.14 95.82 100.21 105.99 105.25 105.05 102.05 99.80 101.20 100.68 104.39 101.54 99.12 98.02 95.28 92.38 89.52 83.49 73.29 63.39 74.50 79.24 83.15 88.55 91.59 96.07 94.87 96.19 98.74 100.35 102.05 103.85 111.32 112.54 111.49 112.57 112.60 110.05 107.11 110.48 119.55 126.42 127.94 129.79 132.08 136.31 140.74 145.74 152.74 160.13 164.72 174.95 182.81 191.95 203.00 219.73 235.79 244.68 241.44 239.64 238.34 234.48 229.89 226.96 222.81
79.03 83.35 86.86 89.58 91.86 95.67 100.81 106.13 109.14 108.98 106.11 103.55 102.60 103.82 105.21 107.43 106.59 102.18 99.52 96.90 95.58 93.24 91.06 87.52 84.03 84.73 87.59 88.17 89.22 92.22 98.19 99.66 98.25 99.81 101.58 103.39 107.27 113.94 114.34 113.90 115.49 113.15 108.73 106.61 122.69 125.23 128.54 132.77 132.99 135.09 140.57 146.23 154.95 161.92 165.72 168.56 187.37 193.56 203.75 221.24 249.41 276.43 270.46 262.70 256.28 254.60 260.63 249.52 244.93 237.99
78.94 83.01 86.49 89.32 95.62 101.72 104.54 106.89 108.36 109.23 107.60 107.70 107.05 105.70 109.24 108.62 108.71 106.68 102.17 100.25 100.37 100.01 97.40 95.66 94.11 92.58 92.72 92.24 91.54 91.76 99.88 103.25 103.25 102.11 103.85 105.39 111.61 115.47 115.60 115.11 114.07 112.79 110.88 113.38 129.98 124.21 131.04 138.33 142.71 140.78 146.98 155.18 161.29 167.17 172.39 183.06 194.12 202.00 219.39 245.55 263.60 275.69 281.20 276.25 268.04 266.02 270.72 268.40 263.25 257.61
81.13 82.84 87.18 92.64 98.14 101.01 104.12 106.91 108.60 108.88 111.19 117.41 116.98 113.34 111.92 112.02 110.87 109.14 105.26 107.45 108.66 104.08 102.40 101.10 101.40 101.04 99.81 101.08 100.62 102.09 104.58 106.91 104.82 105.20 107.20 107.70 113.34 120.28 121.85 120.47 117.94 117.19 115.51 130.90 137.61 137.36 141.85 146.92 148.11 149.38 153.18 165.83 173.90 176.53 180.85 189.72 201.56 222.13 246.25 265.81 274.02 285.05 293.86 288.91 287.90 280.36 274.22 273.37 269.81 268.43
80.54 82.52 86.17 91.05 95.37 98.67 102.24 105.55 107.94 110.26 116.32 119.37 119.63 119.92 117.67 117.54 115.88 116.06 113.79 113.51 114.28 112.74 111.50 108.96 109.56 109.80 112.16 114.01 111.06 108.79 111.01 113.69 111.83 111.30 112.65 117.14 123.06 132.15 134.34 126.66 124.03 120.78 130.64 140.88 144.13 145.07 146.27 152.30 160.99 160.75 162.14 169.84 178.62 182.06 190.15 201.33 217.94 236.12 260.70 261.75 272.70 285.18 295.24 296.84 295.25 293.93 286.65 278.98 268.83 275.98
80.70 81.40 79.42 84.82 93.09 98.27 102.43 106.60 111.01 115.74 121.05 122.40 124.53 124.36 126.57 127.12 123.03 120.17 119.00 121.12 121.06 120.31 117.91 115.80 115.43 115.61 118.27 121.48 115.40 113.80 117.77 118.23 119.48 115.37 120.13 123.96 128.14 135.35 137.34 132.58 130.85 133.76 141.52 143.01 148.55 144.30 149.90 156.20 161.30 165.44 168.37 173.00 185.68 189.92 202.06 213.62 244.58 253.67 265.08 258.13 269.97 285.14 293.30 296.24 299.46 308.15 320.57 321.01 318.71 320.92
83.43 83.60 82.40 88.05 95.36 99.11 103.88 111.04 119.42 122.25 124.55 126.29 127.65 128.39 134.13 132.97 129.14 120.07 118.13 127.37 129.64 130.24 125.21 122.29 122.76 122.40 122.42 123.14 122.89 125.33 123.78 123.68 124.66 127.89 129.96 130.46 129.10 131.46 133.03 134.07 147.26 153.01 149.50 136.74 137.57 144.93 149.93 158.26 162.18 167.58 171.57 180.80 194.88 200.31 215.59 236.77 248.72 274.83 287.78 289.16 293.13 301.09 309.80 315.71 321.28 331.08 338.99 343.32 352.67 355.70
85.10 83.46 88.14 95.66 101.66 105.04 109.48 116.82 123.30 125.07 128.18 131.02 132.46 139.10 140.49 133.18 131.68 130.37 134.23 140.85 144.90 144.97 143.41 135.21 131.22 131.67 132.09 132.43 136.94 137.03 136.84 136.70 135.40 136.36 137.71 135.76 138.13 147.92 144.35 145.56 154.25 151.50 143.00 140.17 138.69 148.83 153.68 160.59 165.53 171.13 178.68 194.35 203.91 212.65 240.28 258.45 294.58 307.26 315.57 325.22 326.00 328.88 332.27 340.32 356.58 354.64 359.14 373.63 370.99 353.25
80.71 79.82 83.13 98.54 110.02 114.89 119.95 121.87 131.03 133.26 137.82 140.75 146.48 156.15 154.36 144.20 142.87 145.18 147.52 149.44 151.56 153.39 153.75 149.96 146.05 143.23 141.37 142.07 148.92 145.18 142.25 146.95 150.67 154.46 151.90 156.57 149.74 155.05 157.40 165.02 165.14 152.27 147.33 145.54 154.70 165.03 173.28 178.01 182.30 183.71 192.37 203.89 211.25 237.92 253.92 289.80 321.11 332.97 346.89 367.34 369.56 357.11 354.16 369.03 391.72 399.11 415.41 411.61 402.10 383.44
75.78 82.69 89.49 96.45 113.47 131.59 134.05 132.85 182.34 225.15 214.09 186.81 171.88 164.71 161.82 156.81 154.16 155.88 157.60 159.34 159.86 156.94 155.16 155.12 155.42 154.99 162.31 169.81 168.77 165.00 161.45 166.19 164.23 160.65 164.23 163.70 161.95 157.43 158.38 158.09 158.43 156.31 153.29 158.58 169.83 174.50 177.22 183.92 192.02 196.32 202.31 212.93 237.15 253.99 290.14 325.17 341.52 354.72 368.25 383.38 387.81 382.46 380.49 382.33 410.06 434.33 445.61 448.87 438.61 432.12
