arc/python_arcpy/Precipitation/APHRO_MA_025deg_1990.txt
ncols	360 
nrows	280 
xllcorner	60.125 
yllcorner	-14.875 
cellsize	0.25 
NODATA_value	-99.9 
[rows 62 to 92 of 280, columns 70 to 139 of 360]
66.04 67.34 64.81 63.96 60.15 61.17 57.61 58.51 59.93 59.66 58.56 59.27 58.93 56.44 54.42 52.62 54.25 54.90 52.92 51.73 50.90 52.18 54.13 54.31 54.97 56.90 57.17 54.91 53.12 52.84 53.34 53.19 52.66 52.17 50.09 48.88 47.91 46.58 41.16 39.45 39.08 38.46 37.96 35.40 35.87 37.76 39.43 38.93 36.27 39.91 38.02 37.52 36.81 34.55 34.01 33.30 32.79 32.45 34.68 35.82 33.92 34.99 33.50 31.58 34.43 37.37 35.86 34.94 37.94 43.50
65.01 65.94 64.51 61.47 58.12 57.78 54.97 56.65 57.18 58.34 58.00 56.94 53.51 50.77 49.05 47.99 47.91 48.06 47.53 46.24 46.04 46.70 48.17 49.09 49.03 48.86 51.53 49.62 50.80 50.13 49.45 49.47 48.83 48.18 47.38 46.47 45.74 41.27 38.37 36.95 35.02 31.97 27.31 29.38 33.68 36.15 37.56 37.30 36.63 34.38 31.46 32.25 32.54 32.41 32.14 31.97 32.12 31.47 31.04 30.65 28.94 27.89 26.52 25.80 26.86 31.19 30.41 31.86 33.92 41.09
62.78 62.81 59.76 60.17 56.87 56.05 54.39 54.00 55.27 54.76 51.43 49.46 49.45 48.53 46.71 45.64 43.62 44.97 41.02 38.56 40.23 41.68 44.36 47.55 47.37 47.01 46.17 42.74 44.43 46.71 46.39 46.53 46.04 45.47 44.97 44.42 43.56 40.08 37.00 35.60 33.45 30.05 24.85 27.64 32.58 35.16 35.70 35.31 32.50 30.46 30.89 31.58 32.41 33.67 33.13 32.19 31.40 31.11 29.05 28.47 26.93 24.73 21.43 17.91 22.45 26.20 28.48 29.93 31.10 34.73
56.61 55.35 56.50 57.85 55.76 55.00 53.43 51.80 49.43 47.47 47.29 47.45 47.77 44.11 43.07 43.64 43.93 40.76 38.15 37.97 38.79 39.25 39.29 40.23 44.03 45.05 41.14 38.85 39.18 39.76 40.27 41.00 41.91 42.39 42.41 39.91 37.39 36.92 36.21 35.30 34.02 32.63 32.99 34.66 31.08 31.88 31.35 29.82 29.98 30.03 30.51 32.31 36.01 35.82 33.64 32.42 31.03 29.78 28.50 27.42 26.20 24.33 22.24 21.08 23.02 25.96 28.96 30.93 34.71 39.95
50.18 52.48 54.19 55.27 54.36 51.66 50.63 46.70 46.56 46.65 45.82 45.37 43.13 39.97 39.89 39.80 39.67 37.18 36.27 36.93 37.76 38.34 38.44 38.21 37.76 36.92 37.11 35.67 36.21 36.97 34.55 31.55 32.06 35.52 37.82 36.25 36.61 36.63 36.53 36.23 36.05 35.45 36.11 32.59 30.37 31.54 29.77 31.44 35.32 37.52 33.40 35.16 37.23 37.84 35.90 33.54 31.60 30.46 29.61 29.68 27.92 26.76 25.25 24.48 25.27 26.64 28.09 30.22 38.43 40.22
49.67 49.78 50.58 52.56 49.18 47.41 46.61 45.58 45.48 45.29 41.87 39.31 38.61 39.27 39.37 39.36 38.93 35.89 35.54 35.38 35.22 36.99 37.58 37.33 35.29 31.26 30.50 31.10 32.17 34.93 32.85 28.63 25.63 29.39 31.70 34.46 37.07 37.73 38.76 38.05 38.63 36.36 34.36 31.57 30.02 29.09 32.83 37.49 39.38 36.24 36.26 35.60 37.54 37.92 37.40 37.42 33.32 31.92 31.62 30.49 29.06 29.03 28.48 27.54 26.75 27.54 28.83 31.58 33.78 38.28
50.67 50.08 49.71 48.44 45.97 46.21 45.19 44.11 43.73 43.45 40.12 37.23 37.32 37.64 38.29 38.85 37.59 35.68 35.64 35.52 35.33 35.10 35.91 36.04 33.96 31.75 30.46 29.73 29.88 32.60 33.27 30.72 29.89 30.11 29.28 32.79 35.87 37.62 38.69 37.45 36.67 34.46 31.83 30.60 29.60 33.49 49.91 48.00 45.87 44.27 47.99 47.05 40.89 38.16 36.09 36.82 34.82 32.74 31.93 30.92 29.73 29.67 29.57 29.58 28.54 28.56 31.07 34.58 37.35 39.42
49.94 49.06 48.01 44.32 42.41 43.48 43.00 42.29 41.66 40.13 36.09 35.85 36.29 36.87 37.33 37.80 36.46 35.87 35.89 35.84 35.69 35.44 35.09 34.09 33.22 32.09 31.02 30.22 29.78 29.24 30.52 32.19 31.19 30.52 31.89 33.20 34.00 34.54 37.66 34.46 34.40 33.59 29.98 31.74 34.80 41.66 51.29 50.78 51.38 50.19 50.52 52.03 52.75 48.32 43.33 40.73 36.76 33.47 32.34 31.13 30.19 30.09 29.97 29.88 29.58 29.92 33.34 36.55 37.87 39.34
54.45 50.76 46.00 42.12 41.11 39.94 39.95 40.71 38.79 33.88 33.38 34.29 35.34 36.13 36.87 37.40 36.07 36.30 36.38 36.47 36.46 36.05 35.28 34.26 32.88 32.28 31.71 31.01 30.52 30.25 30.05 30.41 32.00 32.92 33.59 34.02 34.19 34.20 35.44 34.41 34.46 30.62 29.05 35.34 35.76 52.05 50.88 49.80 49.37 49.44 51.93 54.86 53.52 53.87 54.42 51.52 47.80 40.22 34.09 31.55 30.60 29.84 29.80 29.77 30.01 31.22 34.99 36.61 37.85 39.27
65.40 59.81 52.74 44.27 40.95 39.11 37.89 37.57 34.16 28.74 30.74 33.34 34.83 35.78 36.39 36.43 36.76 37.16 37.07 37.32 38.12 37.18 35.64 34.72 33.19 32.63 32.39 31.85 31.61 30.78 29.55 28.99 33.63 34.60 34.43 34.42 34.82 34.81 33.80 33.38 42.91 56.60 53.90 52.96 55.07 57.43 55.63 53.49 53.79 53.44 50.06 50.57 52.91 57.90 58.96 55.10 49.47 44.32 39.49 33.03 30.57 29.66 29.91 30.01 30.29 31.04 34.61 35.21 36.15 37.65
108.11 96.49 86.52 67.56 49.40 44.28 41.14 37.57 34.20 32.42 32.88 34.12 35.12 35.78 36.30 35.65 37.36 38.34 37.47 37.48 37.70 37.06 35.90 35.28 33.65 33.33 33.98 36.37 36.42 30.47 29.83 28.67 33.42 34.09 34.92 35.14 34.84 33.62 33.84 33.56 53.51 66.29 64.96 63.13 62.12 61.25 60.22 57.99 56.87 55.68 52.84 54.91 56.77 54.87 53.47 53.99 53.42 52.18 48.48 42.98 35.21 31.59 31.18 30.18 29.25 30.58 33.48 33.81 34.59 36.00
133.22 130.72 105.13 98.27 76.38 51.93 46.94 42.71 39.79 34.15 34.02 34.67 35.57 35.91 36.17 35.51 36.37 37.19 37.41 37.46 37.12 36.64 38.00 41.82 43.65 49.68 55.69 57.89 59.97 57.52 50.60 43.05 45.47 35.19 35.21 35.32 35.32 34.55 34.34 33.81 68.36 70.91 70.65 69.37 68.20 65.88 68.57 72.37 67.48 64.29 67.78 71.23 81.73 84.52 80.85 64.85 52.06 48.57 48.40 47.81 44.53 45.78 41.17 34.59 31.76 31.66 33.04 32.71 32.57 32.28
146.67 134.01 115.28 99.99 102.76 64.52 57.42 63.25 49.76 40.37 37.18 37.23 36.83 35.84 36.10 35.95 37.25 38.94 44.10 44.53 49.74 54.71 58.06 58.86 59.20 60.28 61.39 61.15 61.12 60.95 60.76 60.97 61.29 55.92 49.19 41.65 35.85 36.98 34.44 36.54 77.00 74.73 73.88 74.98 78.06 81.31 93.49 105.82 111.45 97.77 97.14 107.98 99.73 91.54 89.26 83.27 77.54 74.06 60.59 58.56 59.15 60.32 57.38 50.41 44.81 39.07 35.40 36.89 34.94 29.61
123.72 121.24 126.61 115.37 113.24 92.99 84.75 78.48 66.23 52.54 51.73 46.61 43.40 39.43 41.15 42.52 46.39 52.61 59.16 59.67 60.31 60.69 60.91 60.42 61.04 61.26 61.79 61.88 62.24 62.30 62.57 63.05 62.80 62.46 62.57 63.46 55.30 48.92 44.69 48.98 78.15 86.02 89.01 97.65 103.22 105.06 130.49 134.15 122.37 129.11 137.16 133.37 126.87 133.79 129.95 114.93 122.85 104.44 88.09 77.55 88.91 96.55 95.66 92.72 87.89 79.06 70.68 65.94 52.94 50.19
107.48 106.78 110.62 117.83 118.95 133.16 91.04 90.86 80.83 75.64 59.49 56.95 58.83 58.65 59.11 60.42 61.78 59.27 58.77 60.01 62.43 60.54 60.68 61.73 61.91 62.52 63.21 63.32 63.42 63.66 63.56 63.57 62.29 62.43 62.69 62.77 58.44 59.03 61.52 64.77 90.61 103.32 114.40 128.02 131.49 142.15 151.03 155.76 151.92 150.38 161.16 149.81 149.35 158.93 149.32 149.60 142.49 132.51 107.44 109.02 120.50 127.07 129.51 122.17 116.98 98.20 80.57 78.15 71.44 66.59
119.69 120.59 115.29 109.24 116.37 112.35 89.19 87.63 88.85 81.53 70.89 62.05 59.68 59.77 63.99 65.35 63.83 65.25 63.87 66.06 64.53 61.33 61.90 62.00 62.37 62.54 62.86 63.76 64.23 64.25 64.43 64.35 64.57 73.12 80.59 70.08 63.09 62.96 70.95 95.17 97.26 106.02 140.46 141.47 149.43 176.34 185.24 185.96 190.52 184.57 179.95 179.54 173.25 165.68 161.47 163.81 161.51 159.25 151.62 142.27 146.52 143.07 142.83 144.73 150.21 146.16 140.10 135.06 125.40 122.24
133.77 135.98 132.50 114.01 116.59 120.65 98.14 85.26 85.00 85.61 81.52 82.45 73.57 66.95 67.36 66.51 67.50 65.72 66.10 65.37 65.36 63.46 63.00 62.75 62.58 62.96 63.36 63.59 64.24 64.88 71.12 83.32 95.99 98.68 99.17 99.00 95.13 83.53 103.44 99.74 98.06 118.03 148.23 162.13 186.76 194.17 193.80 196.12 201.36 195.44 192.34 192.75 194.40 200.12 186.45 187.43 187.72 185.16 195.52 195.46 187.28 188.61 184.94 172.81 163.79 162.45 171.51 174.61 169.73 166.72
143.47 141.42 138.88 117.53 125.00 125.72 109.38 92.23 88.36 86.38 86.64 82.54 75.49 70.20 69.65 69.46 69.09 67.41 66.24 66.32 66.22 65.96 64.60 63.28 63.31 65.78 64.76 66.56 74.64 87.69 97.58 98.41 99.91 100.88 101.44 102.83 111.90 140.32 150.24 145.24 159.08 182.46 202.42 211.67 227.33 223.33 211.86 211.00 217.80 215.95 213.43 219.63 224.59 230.45 228.13 220.11 215.45 212.04 209.10 216.11 221.17 220.63 220.37 205.00 196.59 191.06 185.42 183.64 186.43 188.21
165.67 149.19 151.59 143.98 135.06 124.27 104.65 94.07 89.58 87.28 82.95 77.95 70.95 69.31 69.23 68.34 66.51 66.85 66.68 65.89 66.56 66.80 67.70 74.35 76.00 78.54 82.75 93.29 97.97 98.78 104.50 113.17 114.45 121.28 123.11 127.58 148.18 165.56 174.35 189.07 196.59 207.03 215.79 233.23 243.91 247.67 242.94 246.37 249.50 246.00 241.78 239.70 240.31 245.94 251.31 244.60 237.41 238.23 240.72 238.09 234.65 230.85 226.63 218.88 215.02 218.50 216.56 210.43 212.30 205.33
184.86 162.76 154.73 158.91 140.78 117.36 97.06 95.22 92.88 83.53 78.81 75.88 73.12 70.40 67.34 66.62 67.13 66.97 66.90 71.23 67.67 71.51 78.69 81.56 84.63 87.23 101.24 102.34 103.16 103.65 117.99 133.03 135.65 137.74 142.84 153.59 171.05 177.11 185.98 206.65 208.90 218.49 223.82 227.66 240.59 251.00 254.29 258.85 264.98 261.87 260.16 258.44 259.29 265.89 267.47 264.36 257.01 254.03 249.10 251.04 250.73 251.01 247.10 240.33 233.51 226.63 228.56 227.32 227.67 227.83
204.09 191.92 160.69 155.64 134.21 127.41 121.56 102.21 91.83 82.74 76.52 76.14 76.68 71.29 68.69 72.31 71.83 72.33 70.32 70.39 75.69 82.42 83.76 82.94 83.84 96.40 102.26 102.38 104.64 106.39 128.57 134.36 140.38 145.11 155.32 171.24 178.13 184.90 200.04 209.24 210.20 227.23 233.45 238.54 245.94 257.51 269.77 274.43 279.44 281.25 282.07 282.61 279.18 276.75 276.01 275.44 275.94 275.04 271.96 270.96 269.37 270.89 268.63 265.15 263.13 253.60 255.75 256.44 257.64 277.65
217.32 177.79 150.67 144.78 137.62 129.28 123.41 116.08 92.47 87.27 83.04 80.04 78.39 74.30 71.47 74.72 75.48 77.82 83.10 75.44 79.88 88.02 89.07 90.56 93.62 96.52 106.18 106.48 107.32 109.55 132.07 135.87 142.97 152.91 166.95 176.09 183.67 189.02 205.48 219.35 232.92 236.65 242.45 246.91 257.24 268.59 279.74 294.08 296.96 298.82 303.40 302.60 301.34 296.91 296.83 300.06 298.80 302.01 300.20 296.74 298.36 299.01 294.82 291.11 286.86 284.00 285.87 292.04 310.24 314.68
216.53 175.45 140.47 132.42 134.14 123.79 122.79 117.74 113.28 95.06 85.83 85.28 83.14 77.62 75.40 75.21 75.70 76.18 76.66 79.69 80.15 81.89 84.69 91.09 98.16 109.01 111.43 110.99 111.12 122.39 137.11 141.57 147.67 161.61 173.05 180.52 185.93 197.47 220.27 240.59 248.40 248.69 252.50 255.57 267.10 274.94 287.90 305.45 308.08 310.36 314.25 316.66 320.34 318.50 316.75 321.49 319.42 319.24 318.62 316.76 316.38 318.73 318.43 318.31 326.20 330.06 330.55 334.51 336.23 346.13
221.18 155.10 141.07 136.22 122.93 129.09 124.32 119.43 118.53 116.17 100.76 90.14 86.06 80.00 79.50 79.83 81.83 80.06 79.26 86.45 87.59 90.96 95.09 94.05 94.54 98.49 107.12 111.76 120.27 133.74 138.35 146.03 157.26 168.58 179.48 189.57 215.11 235.91 242.20 250.66 254.72 257.70 259.52 265.62 275.85 284.02 298.80 315.71 317.94 322.59 325.37 329.92 332.66 333.93 335.99 342.43 338.44 337.38 335.69 335.28 339.06 341.40 343.16 345.16 359.10 359.55 353.37 356.25 365.92 371.14
376.08 332.86 271.21 271.49 212.73 167.89 148.84 128.56 111.64 101.60 98.43 92.13 87.57 83.82 95.77 103.68 113.95 117.24 108.16 101.82 95.87 92.20 98.58 100.89 106.61 107.87 115.23 116.85 125.95 131.81 133.00 147.15 152.55 172.39 178.86 198.36 228.71 244.76 248.60 252.83 261.62 267.58 270.99 279.47 285.50 299.52 315.42 323.68 324.94 329.69 334.20 338.01 342.86 351.21 352.35 358.67 360.88 360.49 358.88 359.70 356.28 357.78 377.30 375.78 377.27 379.92 380.49 381.04 390.12 393.60
511.11 455.08 313.25 314.73 243.68 236.38 158.39 115.58 96.87 99.87 96.08 96.36 99.58 99.23 105.19 118.04 124.34 128.39 131.97 132.08 130.80 126.77 128.05 127.67 124.69 124.87 122.65 118.46 129.07 136.33 136.61 144.80 153.12 167.97 178.86 195.89 228.88 245.00 250.54 258.28 267.82 275.66 281.39 290.84 301.81 314.08 325.69 335.88 337.73 337.28 341.59 347.19 353.53 362.56 369.89 371.08 376.04 377.52 380.81 380.20 378.55 393.12 398.18 395.08 396.28 398.56 405.99 406.35 409.04 414.44
683.21 641.28 484.45 412.88 303.68 224.20 139.55 107.37 99.23 97.54 113.75 129.60 119.92 109.98 107.84 124.38 126.85 133.43 133.19 135.44 132.92 129.68 128.86 127.81 125.61 126.85 122.72 119.36 125.95 136.83 138.49 143.57 156.14 164.36 177.39 201.53 234.36 244.23 253.54 258.65 267.54 278.62 288.37 299.43 316.09 325.66 337.02 346.66 353.05 357.12 356.53 363.00 370.56 378.32 386.89 388.83 391.56 397.43 410.74 428.88 431.30 424.61 425.96 431.57 434.77 432.86 440.48 449.73 447.39 448.86
716.85 706.21 598.92 406.38 324.76 148.21 151.75 129.50 103.80 93.84 99.04 129.91 127.32 123.63 123.38 128.05 134.45 137.00 138.09 137.63 135.76 133.85 132.41 131.85 129.31 128.42 124.76 123.40 126.12 135.75 137.67 140.65 157.54 164.89 172.29 205.23 232.14 242.85 250.62 258.35 268.25 274.67 294.72 311.60 331.17 346.07 352.91 359.05 368.50 373.24 379.14 384.11 393.17 403.27 414.45 413.33 407.54 410.19 436.77 451.61 457.09 460.28 458.53 465.42 471.76 467.25 469.94 470.98 471.16 470.09
851.35 816.79 755.24 438.98 294.10 210.13 154.04 152.47 140.26 127.75 126.18 139.83 141.09 138.98 139.29 134.38 137.67 141.63 145.01 136.12 134.31 137.85 133.88 134.46 134.69 134.74 131.34 125.21 123.52 134.29 134.82 141.95 154.57 164.55 172.29 194.69 233.95 241.91 253.73 259.51 268.68 287.74 305.54 325.50 352.72 359.60 362.48 368.24 375.78 386.78 388.71 393.92 407.69 426.31 453.97 435.27 427.98 435.93 461.74 474.26 489.34 499.32 502.52 506.45 508.33 507.99 498.84 491.50 486.00 485.79
1018.92 850.47 719.44 526.55 376.91 291.40 178.72 173.67 192.99 166.83 165.68 159.94 152.29 158.04 154.67 148.14 143.08 150.55 144.00 139.74 138.20 138.13 136.76 140.33 147.23 134.18 130.33 124.56 120.23 126.93 134.69 142.51 151.66 164.95 174.55 196.49 233.39 250.37 265.71 272.99 284.43 297.29 327.29 349.47 365.69 367.35 371.70 375.15 379.83 387.72 398.78 404.79 416.13 434.80 447.35 449.74 449.69 459.68 489.58 498.29 505.19 517.42 518.81 522.68 525.81 517.01 520.92 528.56 513.45 509.66
1119.66 881.59 718.08 545.41 481.14 369.34 274.97 268.44 263.39 235.94 213.38 207.26 164.66 166.32 171.99 162.33 157.40 153.20 145.82 142.89 143.68 147.96 152.91 148.15 142.23 136.79 130.34 124.86 120.26 124.23 135.55 143.21 153.33 163.79 175.76 198.15 226.91 253.11 274.58 283.71 297.34 315.13 336.37 364.57 374.40 377.21 376.59 376.98 380.84 385.39 395.10 406.84 411.61 422.05 450.70 464.70 465.89 465.28 485.33 497.59 511.59 529.40 534.45 528.76 536.91 539.20 545.97 564.03 535.02 529.00
