arc/python_arcpy/Precipitation/APHRO_MA_025deg_2005.txt
ncols	360 
nrows	280 
xllcorner	60.125 
yllcorner	-14.875 
cellsize	0.25 
NODATA_value	-99.9 
[rows 93 to 123 of 280, columns 0 to 69 of 360]
126.11 109.11 115.19 119.21 112.29 101.25 95.56 91.83 90.30 86.93 85.89 85.54 85.38 85.29 85.19 84.95 84.98 87.11 92.92 142.17 165.91 176.49 204.74 211.77 255.52 292.82 297.21 315.21 334.54 325.27 305.20 281.72 280.65 280.64 292.47 314.39 358.04 348.34 370.26 412.26 372.66 346.40 356.03 359.48 352.41 345.81 336.84 328.92 341.71 351.14 347.14 328.72 348.56 361.29 368.42 394.69 428.52 491.88 496.48 525.36 528.56 567.34 600.00 693.45 800.00 843.03 841.33 1049.91 1053.55 928.41
108.50 109.53 114.27 114.86 107.73 112.52 101.88 91.51 86.56 85.13 84.88 84.89 84.89 84.85 84.73 84.34 84.82 88.18 98.77 148.44 163.31 172.80 198.20 229.51 266.93 292.69 308.67 319.82 323.47 317.00 304.79 292.13 279.53 280.23 302.62 286.31 320.50 345.53 360.50 373.79 358.42 326.67 326.86 327.97 324.60 320.56 312.71 306.40 315.63 325.00 329.67 332.00 363.15 332.62 341.60 361.60 386.08 404.33 419.00 427.53 442.54 491.38 496.43 522.78 612.99 679.76 766.05 913.49 852.63 844.37
106.56 116.48 122.27 115.52 102.60 98.74 88.65 79.50 80.38 80.35 80.54 80.95 81.30 81.71 81.46 81.37 82.39 86.99 96.43 132.74 168.95 185.72 216.96 253.76 276.51 295.79 303.87 317.34 318.50 326.10 315.39 302.39 281.84 297.71 280.43 292.96 322.41 344.01 356.01 360.97 336.88 311.67 309.56 307.91 306.05 297.38 291.76 279.96 283.40 296.89 299.02 312.45 306.82 297.87 292.44 314.55 325.65 334.00 351.49 367.46 373.95 387.79 399.93 457.02 550.52 636.82 743.20 861.41 848.27 831.45
109.30 121.08 129.33 114.93 96.15 89.98 81.55 76.19 79.64 81.03 81.70 82.00 82.12 82.02 81.85 81.44 82.43 89.54 98.11 122.83 154.85 196.74 231.37 264.39 288.56 297.89 305.90 303.69 308.37 317.41 320.30 316.95 288.75 270.89 275.62 298.42 321.00 341.48 355.23 354.00 331.52 300.42 290.24 291.24 286.56 280.72 274.54 260.68 249.32 248.34 255.75 290.94 286.93 276.06 271.51 269.46 272.55 283.42 319.89 337.53 321.17 330.41 379.53 445.83 497.81 546.90 631.74 791.31 914.15 935.71
108.79 114.65 121.75 120.57 111.23 92.28 85.89 78.02 77.70 79.19 81.02 81.92 81.74 81.85 82.30 83.99 88.31 92.67 93.82 104.69 147.31 204.52 231.12 266.33 289.73 298.94 291.20 289.45 304.09 304.35 310.60 320.05 289.02 258.74 274.96 304.82 320.00 325.76 326.59 315.22 306.77 283.01 268.83 267.09 266.07 264.31 255.04 241.90 229.12 227.93 231.09 253.57 257.98 255.30 253.02 248.85 239.97 246.07 274.16 279.53 278.21 306.70 381.18 409.93 408.51 474.95 556.11 669.35 941.81 1340.31
113.06 117.90 114.05 121.05 132.66 109.87 96.38 84.48 77.86 75.61 75.48 76.32 82.74 88.32 90.45 90.08 91.56 91.19 90.74 104.39 147.28 196.71 222.76 262.79 281.56 283.45 282.46 285.82 302.46 307.52 312.46 322.21 275.03 256.87 272.55 285.41 283.86 309.69 324.65 326.62 312.39 273.57 249.74 245.88 247.21 249.96 246.10 234.41 218.78 217.71 219.37 218.22 210.32 222.14 230.77 227.02 211.90 217.18 238.60 249.70 244.24 277.01 338.51 366.62 367.77 436.05 564.30 659.74 765.76 1066.62
118.01 115.54 111.93 111.63 106.92 100.50 94.57 89.37 85.52 82.56 80.95 81.58 88.14 92.62 92.91 92.12 91.51 90.75 93.80 119.91 131.25 158.43 211.57 260.76 276.40 276.49 279.29 290.44 301.77 304.16 276.61 274.83 262.85 261.28 245.51 262.27 279.17 304.09 336.44 332.49 290.91 243.58 226.90 217.27 220.00 230.06 229.06 212.60 206.17 202.95 205.70 202.93 195.36 191.27 201.60 191.21 194.14 205.21 227.13 243.36 244.09 260.81 280.04 318.14 310.07 363.62 460.45 540.18 589.46 770.78
106.30 108.98 110.22 113.86 109.12 107.90 100.35 89.24 90.11 94.84 90.33 86.80 91.06 93.52 95.97 97.18 94.31 93.42 110.64 128.26 132.41 140.71 166.09 203.54 266.04 270.16 270.17 273.02 290.47 243.62 224.83 243.99 252.26 252.86 247.99 258.87 277.76 305.63 378.55 363.78 261.86 223.19 211.14 203.47 198.67 201.21 201.63 197.98 192.15 188.56 191.06 191.53 185.85 175.19 176.53 152.33 164.82 185.16 208.67 221.51 230.62 238.32 237.11 257.13 289.46 329.21 363.40 429.35 511.01 625.35
103.13 107.31 109.29 100.41 104.34 111.57 108.22 109.25 106.93 105.50 98.90 94.25 98.82 99.50 99.33 99.72 101.75 115.49 133.58 140.82 146.53 154.77 154.29 167.07 231.72 248.70 263.13 271.03 262.82 201.69 223.45 250.52 238.45 245.55 242.98 243.91 251.94 269.92 290.14 292.33 227.56 212.95 204.41 198.32 191.52 187.85 189.01 188.76 179.20 176.38 181.39 186.17 178.60 163.92 160.92 153.62 157.84 164.39 179.13 188.11 198.17 203.31 198.96 207.07 261.91 277.82 296.28 370.92 474.79 551.70
102.64 109.75 122.04 98.39 96.49 96.33 98.94 105.87 107.06 109.06 107.61 106.93 113.16 112.65 111.86 113.53 118.39 134.37 141.97 147.82 149.71 156.39 154.59 156.93 217.41 229.12 229.81 242.96 228.91 206.00 205.11 211.84 203.73 203.35 216.82 214.63 224.59 229.49 229.22 220.81 198.52 195.71 191.58 183.75 179.62 182.06 190.64 183.83 175.19 172.18 172.78 175.96 167.66 154.11 146.48 138.02 136.84 161.42 166.78 164.96 161.22 164.88 167.18 186.98 231.42 259.87 284.92 340.65 456.77 514.96
101.78 102.67 106.87 103.23 100.02 97.59 95.36 103.35 109.03 116.62 123.38 123.73 123.74 121.95 124.50 125.11 124.97 135.03 137.79 148.54 156.03 154.54 154.20 159.47 216.30 218.48 213.22 225.98 214.27 181.67 169.82 168.44 165.86 170.51 172.00 181.74 188.93 189.82 197.17 182.96 175.33 170.69 168.63 167.05 162.26 165.29 172.59 171.93 170.55 168.17 167.50 168.49 164.32 151.14 147.00 143.77 138.93 152.38 159.11 152.71 145.09 144.49 137.17 169.44 218.82 267.49 303.68 345.59 409.18 490.33
103.54 104.86 113.86 107.49 98.37 94.45 96.63 109.56 117.95 125.99 138.82 142.56 129.47 129.38 126.63 124.19 125.30 130.80 139.98 149.58 153.87 156.64 155.55 162.56 216.19 223.70 214.76 202.79 163.44 166.22 158.37 155.01 154.24 146.31 141.07 148.35 154.55 151.04 148.57 146.46 142.26 143.05 136.13 142.88 152.82 157.07 160.91 163.26 162.22 160.01 161.71 163.02 150.67 145.42 145.17 152.44 153.62 157.69 165.57 159.75 152.48 158.18 165.98 196.00 236.71 264.56 287.44 309.87 370.26 498.82
95.95 94.18 112.89 174.99 162.23 95.71 99.14 106.69 119.49 127.49 135.65 135.49 134.77 130.14 125.38 125.55 130.19 139.02 146.08 152.32 153.96 157.62 154.43 166.88 224.63 229.61 214.21 174.97 166.65 164.02 154.77 140.42 137.59 131.13 119.78 115.34 117.11 122.03 120.75 108.30 102.09 106.07 104.18 126.57 143.73 149.95 159.28 160.02 160.62 154.95 156.58 157.13 158.34 169.39 168.54 174.58 164.41 166.36 174.37 174.09 167.48 173.17 182.16 201.55 242.74 242.52 243.92 280.85 415.05 536.15
114.25 108.75 130.52 164.99 182.63 125.10 111.57 103.25 115.52 123.07 127.56 131.05 133.06 133.08 127.79 131.56 129.82 137.74 146.04 150.81 155.98 160.09 156.11 168.72 188.41 204.02 186.61 186.17 181.61 158.31 138.18 126.07 121.25 131.13 135.57 100.88 102.05 97.54 89.72 89.34 85.22 82.33 110.31 125.41 139.12 149.85 157.18 160.09 159.18 154.15 151.45 162.00 174.78 164.39 169.25 176.98 176.30 181.84 187.14 191.73 189.47 196.32 193.19 206.86 232.03 231.21 261.76 305.85 391.55 436.22
148.20 146.92 165.26 159.10 173.74 147.65 141.52 118.31 112.40 118.73 120.14 131.16 135.68 133.52 132.64 131.52 130.41 136.42 146.41 147.85 153.76 156.24 159.22 167.27 184.24 199.84 211.32 215.15 192.41 162.02 128.47 114.73 109.09 107.50 99.45 90.03 87.26 81.26 83.69 87.19 87.20 96.07 112.16 126.51 140.88 148.39 153.62 157.93 161.64 159.67 157.36 177.16 182.01 182.58 174.37 178.20 190.54 200.94 210.07 215.48 222.98 216.48 219.59 236.34 241.93 243.82 280.84 315.19 334.13 357.98
114.04 98.88 150.81 166.55 151.70 124.97 119.89 113.20 109.57 106.76 111.35 125.32 132.44 134.23 132.63 131.14 130.32 134.71 148.29 155.78 163.06 163.41 160.51 168.39 183.84 215.16 268.96 230.58 197.17 167.44 131.01 108.65 102.73 96.23 87.39 79.05 75.09 80.79 86.01 87.48 93.45 105.75 117.84 121.88 122.93 131.44 141.19 147.77 147.56 151.46 155.12 175.13 179.27 186.29 184.71 191.42 208.22 219.48 232.57 238.03 246.25 234.09 228.46 241.30 258.29 285.48 320.18 338.77 316.15 371.47
112.50 99.85 104.56 116.23 150.26 134.06 124.91 110.66 104.65 109.30 115.80 122.20 124.48 127.17 128.76 131.00 130.96 133.41 152.25 158.33 164.78 165.81 159.29 162.98 171.24 194.56 227.89 213.64 191.67 149.95 129.01 120.31 114.28 103.34 96.49 81.93 78.25 83.25 88.38 90.71 93.44 100.33 112.56 118.33 124.41 130.90 136.35 146.17 150.02 152.57 157.02 180.30 184.87 197.53 199.57 206.07 217.74 224.79 232.79 226.32 223.12 230.01 238.42 250.44 266.42 313.51 342.65 312.41 311.21 347.70
109.82 97.19 102.36 113.68 124.97 122.44 113.25 98.87 96.23 104.46 120.25 127.77 131.05 130.06 128.86 133.07 134.73 131.47 155.62 163.04 165.42 163.68 155.77 156.72 156.34 169.47 189.02 184.31 170.89 131.63 115.36 108.47 104.26 100.08 95.00 87.43 82.63 84.90 90.51 96.89 100.26 98.02 107.36 126.10 132.88 137.22 138.71 141.74 150.43 157.62 165.06 187.79 199.90 204.40 201.84 205.87 203.78 206.41 207.76 210.28 217.01 228.45 247.26 265.76 288.94 338.19 340.14 299.96 317.48 318.68
107.61 93.23 100.69 106.58 110.25 113.40 103.55 89.46 98.64 110.80 144.08 142.13 144.16 144.02 140.90 138.36 134.78 131.67 150.76 158.96 158.89 160.27 148.55 142.93 145.82 161.53 168.96 164.92 153.32 114.98 107.75 100.47 96.72 94.20 91.62 90.34 88.23 89.26 88.75 93.60 93.60 100.63 116.79 139.96 140.13 135.27 139.35 141.59 149.81 161.52 175.06 195.75 205.36 206.14 195.89 187.24 188.35 196.70 200.34 209.11 224.71 246.36 274.13 292.38 290.07 318.80 330.85 297.06 310.91 327.75
116.36 114.91 105.68 107.32 106.35 101.99 99.35 100.28 110.66 127.33 145.19 147.65 147.32 147.56 144.19 140.69 136.77 131.58 144.01 155.02 157.30 151.74 143.56 137.76 142.95 148.33 151.48 143.03 135.90 105.39 100.63 93.65 90.83 87.15 83.15 80.12 81.19 87.43 89.69 91.31 91.07 99.76 119.73 159.93 149.69 134.99 133.76 137.29 147.41 164.30 186.97 201.78 215.25 214.08 206.34 196.88 193.47 191.23 199.27 216.49 234.35 254.52 297.86 337.35 287.21 292.46 308.45 288.34 310.75 341.78
122.65 143.18 110.46 111.90 105.89 102.90 131.98 116.92 120.62 128.13 142.65 148.48 149.62 147.62 143.76 141.19 135.78 131.68 141.81 151.34 149.84 142.25 139.47 140.97 140.54 133.99 135.62 134.30 127.26 108.49 94.00 89.58 80.31 76.27 75.49 74.90 76.95 84.46 88.70 88.13 89.26 95.54 110.81 125.31 126.19 126.08 128.29 132.85 140.54 174.18 193.04 215.00 229.42 229.59 220.65 209.07 194.93 189.66 214.41 224.64 221.25 227.78 279.17 332.06 304.81 300.13 310.11 315.44 335.42 352.20
100.86 109.65 113.80 114.06 109.25 118.26 121.57 114.89 131.72 146.35 159.04 168.19 161.28 153.39 147.14 140.85 135.25 132.57 136.54 142.64 139.93 142.98 140.10 132.10 134.13 124.48 131.66 125.16 114.51 100.08 87.98 79.17 69.58 62.93 66.91 70.48 74.83 81.67 82.10 81.11 84.86 89.20 101.71 110.22 112.09 116.87 119.81 122.91 148.30 174.47 196.29 241.07 277.31 257.48 242.01 224.48 209.56 184.23 200.34 197.06 222.92 236.68 275.58 313.49 314.68 308.72 324.60 356.68 371.90 388.06
91.61 95.82 104.22 104.34 102.47 121.25 117.62 112.13 135.48 150.18 160.54 176.19 185.20 158.05 144.75 136.32 132.95 132.99 131.76 141.19 141.29 146.02 137.37 123.79 122.75 114.77 120.47 120.23 108.40 93.89 87.04 77.50 67.14 58.86 63.26 67.87 69.94 74.78 72.83 76.45 80.36 84.26 95.08 100.76 105.86 110.44 120.71 136.47 159.80 180.28 206.45 246.16 287.05 287.49 263.54 241.46 248.14 225.76 193.11 199.69 233.77 250.98 275.93 303.67 328.01 350.26 346.09 366.07 387.65 410.39
84.53 84.28 83.52 78.93 85.50 104.73 106.51 104.23 122.99 135.25 147.96 164.68 177.50 149.27 134.69 129.51 127.52 124.79 122.45 133.79 137.26 137.27 127.08 109.93 110.80 105.37 109.87 114.05 96.05 85.81 80.81 72.33 63.17 62.01 64.04 67.63 69.43 71.14 71.87 75.36 77.63 83.63 96.67 102.21 106.03 105.36 129.44 156.00 170.71 188.90 213.24 251.94 294.16 293.70 276.40 269.22 270.72 263.66 255.62 248.85 244.06 272.36 287.44 305.54 329.67 358.02 365.89 386.28 408.99 420.32
76.50 73.38 73.80 70.85 80.90 93.06 92.01 101.14 115.34 120.99 131.43 138.98 137.36 128.86 122.31 120.60 120.81 119.87 119.07 122.65 139.94 133.08 119.01 105.22 100.01 97.38 97.50 96.42 84.59 80.51 77.46 70.73 64.91 62.65 63.70 67.10 69.14 70.92 72.67 77.08 84.11 93.66 105.15 107.94 108.84 121.90 150.41 167.34 184.86 217.78 229.88 254.70 304.33 318.39 298.57 291.61 289.96 286.04 300.68 307.65 292.95 330.51 331.63 317.82 315.70 322.79 373.05 409.29 427.41 442.94
73.49 63.86 64.55 81.10 76.28 78.57 80.86 88.85 101.09 106.45 114.31 120.17 116.32 106.75 109.60 111.23 114.73 114.37 113.40 115.32 132.36 123.98 113.37 105.05 96.74 93.48 89.49 88.49 81.92 78.91 75.87 71.96 66.59 62.29 63.04 65.85 67.17 71.81 72.94 83.06 91.42 98.19 106.89 109.43 124.39 155.43 171.09 189.79 215.15 224.65 239.88 265.74 325.92 343.74 334.21 319.14 298.53 309.99 341.56 366.00 355.75 365.11 333.21 308.36 321.13 332.96 367.77 417.51 450.84 487.12
-99.90 -99.90 -99.90 67.55 70.71 71.82 74.56 79.46 91.25 97.10 -99.90 104.28 107.43 97.21 -99.90 -99.90 -99.90 -99.90 109.06 -99.90 -99.90 -99.90 -99.90 -99.90 -99.90 -99.90 92.33 82.97 81.04 79.25 76.41 72.89 67.94 62.72 62.19 65.43 72.79 81.01 85.96 92.28 98.28 104.78 114.19 142.17 173.65 190.30 210.65 234.64 248.33 256.85 274.85 310.21 360.23 355.27 349.10 319.86 318.16 349.35 365.98 386.08 379.49 385.72 352.30 281.83 343.40 380.95 399.80 452.50 501.48 531.92
-99.90 -99.90 -99.90 -99.90 -99.90 -99.90 -99.90 -99.90 -99.90 -99.90 -99.90 -99.90 -99.90 -99.90 -99.90 -99.90 -99.90 -99.90 -99.90 -99.90 -99.90 -99.90 -99.90 -99.90 -99.90 -99.90 81.74 78.38 83.13 78.34 75.08 72.20 69.85 69.08 72.06 71.13 76.30 83.90 94.39 104.50 118.33 136.89 162.89 196.32 209.07 224.12 248.09 269.12 297.68 329.42 339.00 379.65 408.93 395.05 344.51 314.60 335.57 368.85 410.89 423.90 412.22 421.98 419.34 380.07 395.60 438.82 470.61 504.13 556.02 596.35
-99.90 -99.90 -99.90 -99.90 -99.90 -99.90 -99.90 -99.90 -99.90 -99.90 -99.90 -99.90 -99.90 -99.90 -99.90 -99.90 -99.90 -99.90 -99.90 -99.90 -99.90 -99.90 -99.90 -99.90 -99.90 -99.90 -99.90 -99.90 75.27 74.58 74.70 74.47 74.64 79.85 77.39 68.91 77.43 92.03 109.46 130.39 148.24 186.06 204.57 229.20 249.85 263.04 289.49 324.35 357.35 388.31 455.74 527.40 510.68 483.69 410.63 358.76 390.70 417.18 448.62 457.48 470.09 477.06 454.18 440.18 462.56 482.01 506.07 545.52 616.27 688.18
-99.90 -99.90 -99.90 -99.90 -99.90 -99.90 -99.90 -99.90 -99.90 -99.90 -99.90 -99.90 -99.90 -99.90 -99.90 -99.90 -99.90 -99.90 -99.90 -99.90 -99.90 -99.90 -99.90 -99.90 -99.90 -99.90 -99.90 -99.90 -99.90 83.41 82.41 84.25 87.02 89.09 92.59 96.62 107.62 119.16 134.67 151.74 188.74 219.44 231.59 253.73 278.66 312.80 339.02 374.62 412.16 449.53 502.61 566.42 555.35 520.26 452.63 389.03 414.07 482.45 498.12 496.65 500.19 496.30 478.22 468.32 507.24 529.52 536.54 594.21 642.77 673.60
-99.90 -99.90 -99.90 -99.90 -99.90 -99.90 -99.90 -99.90 -99.90 -99.90 -99.90 -99.90 -99.90 -99.90 -99.90 -99.90 -99.90 -99.90 -99.90 -99.90 -99.90 -99.90 -99.90 -99.90 -99.90 -99.90 -99.90 -99.90 -99.90 94.28 92.35 92.86 99.10 111.33 123.85 131.28 137.51 143.23 156.92 184.34 212.60 230.22 250.73 268.32 306.75 351.32 398.78 421.51 453.11 500.45 574.76 634.72 607.84 554.74 476.36 407.99 426.80 477.04 517.51 523.26 515.41 513.46 501.50 521.03 544.52 549.84 574.12 636.75 656.16 649.62
