arc/python_arcpy/Precipitation/APHRO_MA_025deg_1993.txt
ncols	360 
nrows	280 
xllcorner	60.125 
yllcorner	-14.875 
cellsize	0.25 
NODATA_value	-99.9 
[rows 0 to 30 of 280, columns 140 to 209 of 360]
336.69 345.73 339.30 303.38 306.68 305.30 312.28 310.87 308.71 308.47 319.51 318.70 315.44 319.25 304.61 284.98 276.97 272.73 260.43 248.75 240.57 234.22 225.84 217.09 205.30 193.08 177.61 170.47 168.49 166.45 164.12 167.34 185.57 196.61 207.67 217.32 227.97 235.13 245.70 260.56 278.15 274.50 269.51 272.73 274.00 270.76 261.31 248.89 243.33 234.67 225.59 216.39 220.20 223.83 231.97 219.37 -99.90 -99.90 214.21 234.81 258.49 264.41 267.91 244.96 231.84 267.27 322.13 363.29 364.46 369.28
395.67 387.60 384.58 373.30 345.98 336.55 348.72 338.96 335.69 324.60 330.61 329.80 323.26 320.83 318.25 306.17 286.32 275.68 267.55 256.11 248.15 243.91 239.99 220.20 207.07 193.85 179.15 169.95 164.15 164.58 163.31 168.11 181.09 186.22 197.07 211.04 221.38 224.02 232.13 240.21 249.53 261.55 269.79 270.02 264.92 257.17 249.65 245.42 236.38 225.66 227.65 228.94 228.73 232.89 234.88 216.96 -99.90 -99.90 212.04 229.97 252.95 263.76 239.97 236.20 256.27 295.01 336.95 356.15 374.38 387.68
424.22 416.73 402.38 392.30 392.00 385.14 389.64 382.97 366.07 349.70 340.63 339.10 330.76 322.20 319.58 306.67 298.04 282.20 272.68 268.41 264.46 250.83 233.23 220.42 208.73 194.80 187.86 178.66 173.12 169.52 167.55 164.45 168.00 178.54 190.06 199.34 214.83 227.30 228.94 235.91 243.90 256.92 263.81 273.27 265.14 254.77 247.57 237.93 229.82 227.24 233.31 237.61 241.62 253.85 230.33 -99.90 -99.90 237.11 241.74 240.32 231.32 199.71 223.36 252.45 280.58 300.97 339.21 364.29 377.20 384.99
419.46 414.09 404.71 416.90 429.41 433.53 424.33 404.14 395.07 378.82 367.48 358.36 352.81 345.55 329.44 313.03 311.18 294.65 281.95 274.88 268.46 251.16 234.55 220.20 204.06 198.49 190.40 183.67 178.39 174.37 170.97 160.68 161.21 174.59 185.19 198.27 216.46 225.08 228.56 240.05 256.01 269.02 268.80 274.55 257.46 242.96 236.65 230.68 230.42 228.02 229.13 236.80 241.84 215.24 -99.90 -99.90 -99.90 246.78 265.77 271.31 236.80 230.89 255.12 278.84 302.32 324.75 332.11 354.60 370.15 375.12
417.52 399.65 412.87 415.94 426.19 394.42 404.29 421.55 413.58 399.33 384.46 375.11 363.84 354.61 336.84 329.01 333.00 318.62 299.02 286.19 270.15 256.65 243.60 233.14 222.17 210.49 191.35 185.07 185.69 182.06 178.53 177.18 178.40 185.06 189.64 196.58 214.38 228.89 235.72 257.75 268.43 269.00 263.90 254.43 242.78 235.90 232.45 227.67 223.49 214.94 221.41 230.30 223.07 -99.90 -99.90 250.85 260.05 283.62 312.81 288.08 266.28 281.42 287.84 312.14 320.49 315.17 306.11 316.15 342.26 348.14
443.34 426.02 418.39 408.40 408.07 410.29 416.59 406.07 409.89 398.81 394.00 392.61 382.67 373.89 358.59 351.49 341.90 321.08 309.78 307.55 285.03 263.52 253.14 239.34 231.85 222.98 197.89 195.86 194.92 192.16 190.60 189.38 194.43 195.90 198.38 207.64 215.55 238.07 253.68 263.24 268.33 265.86 262.95 248.33 238.71 232.94 226.64 225.24 218.78 211.36 196.60 209.71 -99.90 -99.90 256.28 282.58 297.69 333.12 365.09 314.64 316.95 320.56 335.84 340.36 319.28 302.47 300.31 302.71 322.58 329.65
468.78 453.12 436.13 418.87 397.57 408.49 407.70 403.85 382.00 388.87 395.42 399.87 410.04 406.42 382.31 366.16 345.72 330.59 315.64 316.18 312.91 281.84 258.56 250.46 242.14 227.33 210.39 212.41 214.52 217.81 216.43 214.73 215.70 221.81 233.02 238.14 245.51 258.12 276.23 283.49 287.32 277.47 262.00 244.59 236.48 238.72 235.66 230.18 211.62 189.31 198.29 -99.90 -99.90 -99.90 277.61 329.14 359.28 375.34 366.17 354.09 339.18 335.98 337.68 327.79 323.01 312.83 292.97 291.67 300.27 302.24
450.10 418.93 399.48 366.89 358.37 378.23 373.90 374.33 363.47 368.13 373.93 373.87 384.99 369.32 365.30 352.91 344.34 333.83 322.00 313.09 300.31 276.64 266.58 257.03 260.06 255.08 252.53 250.71 251.23 250.48 248.89 247.00 246.97 256.95 274.67 287.25 283.57 281.03 288.39 285.06 292.96 293.50 275.63 247.78 240.50 237.55 233.73 195.70 184.56 -99.90 -99.90 -99.90 -99.90 290.71 306.33 337.59 366.96 373.63 371.78 356.05 345.55 338.63 328.69 315.56 317.52 304.86 278.30 271.48 279.06 281.39
419.82 387.56 362.00 329.25 333.36 335.73 343.04 336.77 336.80 333.98 338.07 346.59 335.61 335.22 341.18 350.98 349.67 347.67 335.39 316.68 298.65 301.76 279.22 292.75 290.10 281.18 281.07 291.21 282.47 282.94 291.17 311.51 311.25 291.75 276.72 289.45 291.19 290.09 277.57 270.62 283.41 276.85 267.58 251.95 244.16 234.66 225.59 212.53 -99.90 -99.90 -99.90 224.74 245.08 280.33 326.14 357.50 362.79 349.09 346.99 377.86 359.97 325.12 310.35 301.77 292.74 290.28 283.33 270.61 268.19 273.48
377.94 342.37 322.27 320.74 292.82 285.78 293.38 309.75 320.08 319.52 323.74 329.87 332.86 326.22 334.49 344.55 339.36 320.44 287.00 277.04 297.73 307.45 300.50 301.70 317.07 315.32 323.82 320.12 314.06 323.69 340.31 375.14 400.63 364.34 330.13 321.25 323.09 318.19 302.61 303.07 308.09 309.85 285.37 268.58 249.54 235.63 221.38 -99.90 211.93 222.60 225.49 222.07 230.56 259.98 310.27 314.33 297.12 297.38 312.37 327.29 315.82 308.00 303.06 291.30 285.36 289.33 282.18 274.22 273.05 273.42
362.92 332.52 318.73 312.09 276.87 262.10 272.60 295.77 316.34 317.56 313.55 330.28 332.00 332.83 330.67 328.10 321.27 304.86 284.17 270.68 275.11 279.97 295.79 302.19 310.95 334.16 336.34 360.04 355.30 360.34 385.49 392.54 414.16 397.90 387.09 379.79 365.17 361.13 352.81 368.40 367.70 347.64 346.26 296.66 -99.90 249.31 235.17 228.45 233.90 228.40 230.25 225.72 234.27 234.97 252.95 262.66 273.08 283.28 282.41 273.14 279.52 280.62 282.16 278.67 278.49 280.32 282.57 280.30 281.05 281.99
346.13 335.89 328.05 296.62 280.92 277.00 273.44 278.77 282.74 285.95 290.38 290.30 303.35 317.27 315.19 322.83 327.65 313.05 300.36 288.25 281.14 273.29 294.67 323.48 347.66 366.79 369.21 403.43 409.29 412.86 419.33 442.48 440.62 433.17 438.42 430.40 441.46 429.27 441.86 448.25 432.58 372.46 375.35 -99.90 336.29 295.64 257.92 236.11 225.71 221.77 220.59 234.07 244.28 229.11 237.50 255.10 256.66 256.12 248.26 244.41 264.41 275.01 277.73 274.26 273.85 275.33 286.17 290.41 291.37 292.42
305.64 311.45 309.19 298.33 290.41 284.82 284.46 278.07 283.24 286.58 287.30 301.14 297.53 291.31 299.42 307.68 303.31 317.40 306.71 300.85 298.26 301.00 312.51 326.65 349.57 372.96 387.65 415.90 407.42 376.83 423.84 451.45 471.52 489.83 449.80 464.70 504.17 525.12 501.27 502.25 488.81 437.95 -99.90 393.56 350.52 309.63 267.86 252.67 234.05 211.56 207.50 221.20 228.71 230.14 241.34 251.76 256.82 263.27 261.16 262.32 266.70 268.34 263.44 263.68 269.42 288.15 290.50 294.14 292.21 292.02
261.14 274.44 287.90 294.85 284.21 270.24 268.02 276.24 289.90 290.67 295.95 293.50 294.18 300.43 302.45 298.98 290.44 290.85 290.64 315.20 318.95 313.39 322.79 327.21 336.56 324.07 336.76 358.62 371.15 365.43 392.42 423.04 508.70 561.49 590.39 499.36 490.96 -99.90 -99.90 592.60 701.69 582.79 483.69 442.19 368.20 322.92 265.27 231.53 219.70 209.99 215.73 229.01 242.46 247.92 254.21 255.69 262.85 267.70 269.68 275.65 272.45 267.29 262.72 269.17 276.29 283.20 284.74 292.83 293.61 299.55
256.50 269.69 286.40 282.50 268.27 256.19 251.82 251.28 257.47 254.61 266.42 273.63 274.32 284.44 295.06 297.82 282.65 261.23 259.14 300.82 322.96 300.17 305.98 322.78 343.51 354.06 382.89 409.45 428.82 421.35 418.83 445.08 559.01 635.31 694.78 703.47 682.74 654.10 601.96 652.50 666.90 545.18 437.83 387.00 338.45 294.64 239.67 222.54 221.73 225.81 233.25 250.26 256.45 270.37 288.41 300.17 293.78 281.33 271.61 267.63 270.20 269.23 270.25 272.42 275.96 278.52 278.26 286.50 288.35 289.23
248.83 255.64 266.53 268.93 265.03 259.35 258.14 252.76 258.72 260.26 273.24 265.61 297.12 299.62 307.13 313.55 287.15 258.86 260.95 295.56 316.02 305.52 311.54 328.23 340.76 343.43 348.51 395.74 412.72 403.06 416.31 434.76 482.13 536.64 540.27 574.44 578.44 608.08 588.41 583.46 481.39 413.54 385.37 341.90 302.67 251.11 201.51 210.00 219.64 230.98 239.36 252.91 268.17 276.84 290.38 298.58 294.03 291.21 288.23 290.73 291.76 289.60 283.50 284.96 285.21 281.22 272.12 266.38 274.51 285.85
240.36 251.82 263.25 263.27 266.46 256.88 254.72 254.71 253.25 249.97 254.73 261.15 285.41 302.56 316.12 302.37 276.44 268.13 300.40 323.06 324.80 310.65 321.94 331.47 327.03 319.24 326.94 347.28 355.18 354.75 358.72 367.37 407.50 429.08 423.49 430.91 444.96 493.13 478.51 460.82 421.35 373.38 326.10 289.34 271.43 247.74 238.88 236.01 237.42 253.46 269.18 278.48 271.59 273.74 283.17 293.50 297.90 301.64 301.33 295.78 290.20 290.94 300.13 293.26 292.21 286.14 279.69 277.95 283.50 292.36
256.94 253.76 267.94 267.44 268.35 271.62 267.37 261.55 252.68 251.25 253.39 264.84 272.46 279.87 282.16 283.13 266.49 291.87 331.86 340.15 333.79 326.10 333.07 332.18 320.63 312.84 312.82 316.37 340.00 364.27 358.35 337.16 357.91 362.81 368.00 398.66 401.28 399.26 373.74 348.11 330.34 306.87 290.37 276.20 265.07 264.53 266.92 259.15 259.93 271.01 286.10 282.30 284.47 288.90 299.23 306.08 309.17 303.69 300.71 296.24 289.55 290.79 294.42 299.79 300.73 296.61 295.42 291.61 292.92 290.35
220.20 235.52 250.05 262.06 266.82 276.22 275.12 268.38 263.33 259.71 260.67 270.98 275.77 274.85 270.54 267.28 272.06 281.96 303.28 326.34 342.34 352.99 343.85 328.76 332.16 333.57 338.95 328.22 375.12 395.34 387.39 379.92 381.39 390.77 373.46 352.43 344.83 341.00 337.42 333.82 321.90 319.08 298.15 289.54 281.07 304.08 300.94 283.78 285.77 292.85 302.68 303.60 309.89 306.58 300.75 300.13 301.34 306.01 305.52 313.30 319.23 313.51 308.13 313.16 316.98 307.01 306.94 309.26 308.33 307.23
212.52 214.03 239.03 255.42 263.82 267.98 272.71 271.60 270.95 268.60 269.25 267.83 271.60 271.59 259.96 257.72 263.12 269.56 285.13 294.57 325.30 343.33 345.29 350.58 343.17 340.12 357.07 387.69 376.37 364.87 378.41 398.86 428.35 436.04 430.22 410.37 366.34 349.31 345.06 345.48 336.61 322.43 307.16 303.77 299.30 305.81 301.39 293.94 290.07 295.89 301.55 305.70 303.36 303.65 307.86 306.76 315.20 316.62 327.22 350.98 375.10 341.55 327.13 341.25 337.12 334.02 335.22 330.82 321.74 319.13
216.26 211.96 217.12 236.24 249.00 256.67 261.38 262.86 262.54 268.35 268.59 267.91 261.54 257.75 258.70 256.52 266.46 274.56 278.41 293.31 309.25 327.90 337.07 334.09 335.10 364.76 404.13 404.36 385.57 373.11 330.05 361.73 385.87 418.79 453.20 442.08 413.06 380.13 353.26 337.12 325.91 322.71 334.95 333.58 320.54 320.64 311.69 308.23 306.43 300.15 294.25 302.76 307.88 318.34 322.08 321.20 316.57 325.28 340.04 356.48 367.35 366.10 356.41 364.55 363.08 361.46 349.69 343.03 329.31 295.38
219.50 218.45 213.28 215.77 233.08 239.06 251.44 246.04 253.78 252.60 255.14 258.67 257.74 255.78 254.97 253.88 252.35 263.79 272.03 283.87 294.28 311.93 333.25 349.17 374.23 400.09 400.98 371.19 394.74 372.36 335.14 346.99 366.72 426.87 440.03 433.31 399.27 356.31 344.30 350.55 352.36 353.89 343.22 340.08 334.95 324.17 314.32 312.52 317.48 311.97 305.25 313.11 319.35 326.04 332.11 323.90 323.09 343.35 350.69 366.60 365.88 370.83 379.36 382.04 379.64 362.03 363.97 363.44 335.77 294.68
243.75 235.89 224.52 237.37 246.64 260.13 253.83 249.05 242.62 243.58 241.00 241.90 239.84 243.03 248.36 252.47 253.01 262.56 271.74 287.19 298.64 308.64 318.12 336.64 357.21 381.17 386.40 387.67 383.65 374.03 386.93 372.92 380.54 369.75 392.94 406.13 385.69 385.39 401.66 374.54 356.89 360.48 348.71 346.00 339.32 327.91 326.58 317.98 316.39 314.48 325.23 330.49 332.80 338.15 331.36 331.42 340.94 355.10 366.52 369.44 382.03 383.38 381.28 378.03 373.17 378.93 380.20 373.24 336.17 301.97
216.96 222.90 228.78 250.44 260.99 260.28 249.87 247.67 245.73 242.61 236.83 233.43 234.31 236.43 243.07 251.17 250.85 257.49 268.84 280.58 295.00 304.63 312.18 332.83 370.94 403.98 419.07 420.12 397.78 377.31 419.92 398.92 395.46 437.49 436.91 432.24 405.26 381.56 377.15 351.37 342.24 345.90 340.46 322.43 318.21 321.60 328.95 331.28 317.89 320.52 332.33 339.88 338.33 346.06 338.76 354.72 366.83 359.85 365.28 363.02 371.51 374.17 380.77 383.37 379.52 387.55 396.67 369.29 345.16 314.30
201.06 211.15 233.42 279.27 284.98 268.42 256.36 248.28 239.12 230.61 225.47 214.41 208.68 227.63 234.86 241.02 250.16 253.83 259.50 266.24 281.54 298.46 315.57 336.80 370.99 426.48 426.35 410.56 388.92 388.34 396.27 407.12 432.54 438.98 419.36 403.50 394.21 374.60 351.44 339.76 338.47 340.46 333.94 315.06 305.54 318.21 327.14 347.03 354.02 347.51 358.39 365.00 372.66 362.26 371.17 378.95 378.83 382.50 372.09 367.11 370.86 389.95 391.06 389.93 386.70 389.56 387.89 371.84 333.32 309.08
202.65 218.54 231.42 277.77 292.71 280.64 261.84 253.08 244.26 231.50 217.59 208.21 190.20 216.29 223.46 232.28 239.52 245.37 256.02 268.28 284.42 299.02 326.00 351.30 379.18 446.30 446.78 413.36 399.39 385.81 380.26 400.81 399.56 398.72 393.78 390.42 357.63 353.92 349.25 345.57 339.61 343.52 336.36 328.83 329.86 327.79 338.29 350.40 374.01 373.87 367.80 382.71 393.98 388.65 393.15 398.12 395.70 392.95 384.89 376.40 373.46 388.46 400.86 384.58 374.33 370.99 368.69 353.22 326.17 307.86
202.32 211.78 219.88 239.99 254.50 262.54 261.25 258.43 246.23 231.15 226.45 223.57 222.65 225.07 232.82 238.24 247.72 249.47 251.94 261.55 289.43 305.00 314.31 348.45 363.04 415.57 446.22 422.32 420.14 394.16 380.56 401.96 408.41 407.31 413.88 382.67 357.39 347.40 343.05 341.77 342.57 354.25 351.53 345.83 337.35 333.86 338.27 350.84 382.48 411.30 406.14 399.03 411.46 397.46 388.47 387.56 399.08 389.37 373.76 375.22 366.94 364.87 371.52 369.64 365.04 359.91 359.14 342.32 314.96 301.57
192.57 199.85 210.20 223.55 246.64 257.81 256.87 257.65 250.15 240.16 235.61 234.57 237.79 245.62 249.80 245.49 240.35 246.11 245.04 256.31 282.02 298.44 312.10 331.64 339.44 396.44 400.24 397.15 408.23 381.80 363.51 368.29 377.15 372.53 362.72 340.27 318.68 321.44 330.76 336.62 337.02 347.85 354.97 340.56 329.62 340.67 339.60 360.80 395.85 428.85 418.96 403.43 398.62 391.92 380.90 391.21 388.87 377.30 360.75 355.95 353.97 356.07 357.81 357.19 353.20 349.00 344.09 325.33 295.35 283.40
180.82 191.92 206.13 212.09 221.91 232.15 232.90 236.95 249.20 251.80 249.23 249.21 251.72 247.45 249.20 251.20 250.02 246.85 259.04 267.00 283.50 291.53 304.31 314.58 333.04 359.06 364.23 353.21 358.97 342.83 326.39 332.69 320.15 309.81 309.50 308.01 304.07 301.45 307.65 314.74 314.52 325.56 318.92 318.05 324.55 320.91 314.64 346.66 367.29 413.58 411.16 391.90 380.99 374.28 374.34 375.12 372.13 358.76 347.95 346.83 348.51 343.17 345.53 344.35 334.43 317.29 306.84 301.39 290.60 275.28
164.78 180.21 188.93 203.44 212.28 215.88 217.19 220.56 221.86 237.73 252.10 234.42 260.02 262.01 258.86 263.38 255.58 266.87 268.49 275.64 280.21 286.02 300.65 323.90 351.33 357.86 360.14 347.26 338.64 329.18 322.87 324.90 312.31 293.73 301.62 308.99 305.94 311.15 321.40 314.70 311.07 329.23 320.64 314.34 308.91 312.15 314.63 334.34 346.31 348.78 352.41 348.48 343.77 348.10 354.86 356.41 342.19 344.70 333.63 318.21 314.16 323.66 323.58 311.41 299.10 290.98 286.11 282.10 276.08 264.31
154.55 168.00 177.42 189.41 203.74 213.65 220.49 221.62 228.21 227.37 221.42 223.59 233.29 246.88 240.05 256.63 266.18 278.85 272.85 278.63 281.18 292.65 305.30 313.60 351.14 361.10 361.38 350.71 341.49 332.44 324.43 321.47 315.83 312.16 307.45 309.11 312.54 329.13 331.70 315.95 305.95 307.60 305.67 301.03 306.56 309.23 315.92 316.94 312.92 310.45 315.65 316.71 318.29 318.91 316.20 319.73 312.61 308.24 308.91 305.83 303.04 301.27 301.19 296.84 289.18 282.35 276.92 270.80 266.02 258.31
