arc/python_arcpy/Precipitation/APHRO_MA_025deg_1992.txt
ncols	360 
nrows	280 
xllcorner	60.125 
yllcorner	-14.875 
cellsize	0.25 
NODATA_value	-99.9 
[rows 0 to 30 of 280, columns 70 to 139 of 360]
364.63 364.82 369.82 386.97 397.43 404.38 400.36 395.57 384.69 380.82 385.11 394.11 387.39 383.37 391.79 398.25 417.43 439.65 449.39 478.98 496.56 506.19 510.86 511.41 505.63 507.11 493.80 491.55 478.90 465.87 453.95 458.17 443.69 436.65 448.67 495.25 561.80 601.48 620.96 733.57 776.58 842.17 895.73 927.32 1049.89 1114.53 852.46 698.14 566.36 498.53 467.16 450.10 400.34 356.91 358.79 384.79 403.75 435.79 447.67 462.56 486.79 527.24 544.61 560.46 570.59 566.52 564.06 560.41 551.48 517.34
345.38 347.27 350.42 369.67 385.48 392.03 392.25 389.20 387.46 399.04 400.44 392.75 387.83 382.25 384.62 402.13 434.66 478.25 483.08 485.66 489.67 490.69 499.10 515.28 512.21 513.49 515.58 515.55 485.20 474.50 468.92 456.77 444.22 438.74 438.74 462.09 498.06 561.80 595.68 693.12 764.72 829.08 866.85 913.79 982.40 916.04 779.46 644.35 535.61 442.64 417.22 411.31 364.97 340.81 355.48 377.72 391.67 406.19 434.86 457.60 488.91 527.90 552.44 582.35 601.02 610.14 604.37 587.87 594.81 586.42
321.31 319.88 353.02 356.69 359.10 372.35 377.15 379.87 379.95 392.86 393.82 397.03 401.23 396.22 401.55 407.41 421.54 477.17 482.03 493.07 502.30 506.28 512.12 515.62 530.38 511.32 501.39 489.93 483.69 480.55 476.51 452.09 438.12 404.79 403.29 436.36 448.19 499.90 577.40 606.33 730.21 790.26 840.52 872.96 836.91 778.13 735.07 642.76 548.22 460.48 413.47 360.40 358.93 333.11 335.26 345.94 368.89 384.95 400.97 423.18 446.40 516.62 561.53 575.56 591.21 599.33 609.49 622.80 636.98 639.94
308.30 314.05 316.66 326.43 337.08 344.69 368.02 372.55 377.42 379.26 383.00 382.59 388.43 390.87 391.27 397.70 400.51 419.02 438.91 462.52 483.33 484.48 489.87 498.80 508.92 503.01 495.24 488.79 479.60 476.11 475.14 464.29 449.79 437.38 439.47 446.95 450.44 476.82 517.40 540.02 624.61 730.42 735.16 744.66 713.87 708.15 681.37 614.38 534.17 479.10 424.28 381.99 374.98 351.95 342.52 348.79 371.37 395.63 402.24 417.81 439.96 463.96 524.74 562.97 590.19 606.37 623.34 640.78 635.91 621.12
299.49 295.25 299.75 312.06 327.48 333.59 355.83 375.59 386.64 382.86 387.44 386.72 376.71 368.80 365.16 371.43 388.68 410.85 413.89 429.93 449.48 458.71 466.59 487.67 536.25 518.75 497.82 483.49 486.61 476.95 465.77 466.13 464.60 457.23 464.37 475.86 472.96 465.66 510.62 545.06 595.25 630.60 620.91 639.11 672.29 659.87 643.21 569.31 493.47 444.28 386.16 354.41 352.87 343.29 343.40 348.24 386.39 402.50 407.23 415.04 434.68 455.48 514.19 578.43 600.43 616.16 631.05 652.73 645.03 629.72
291.98 285.85 287.47 301.02 312.21 320.28 331.48 348.35 368.91 356.53 376.93 373.46 358.66 348.49 338.98 339.77 348.30 374.92 392.64 394.40 408.27 430.53 447.38 465.79 485.82 493.33 494.84 501.32 504.03 490.87 478.26 471.70 485.76 513.99 509.08 512.40 528.34 528.68 552.04 593.06 620.12 615.75 608.59 598.29 592.13 571.99 563.50 513.45 470.14 442.27 374.48 337.92 340.19 352.39 353.59 365.79 393.69 411.75 425.94 450.36 470.40 522.20 595.44 644.41 681.01 728.91 711.28 710.10 712.19 673.97
290.56 286.07 294.28 301.12 305.90 312.62 318.67 327.34 334.45 335.32 333.17 330.20 323.40 320.62 314.72 311.60 348.41 374.87 379.65 375.25 367.50 409.34 432.51 445.73 465.92 473.98 491.01 501.65 507.84 516.97 510.98 494.71 508.02 506.40 554.65 590.74 601.66 595.57 606.57 642.49 645.57 639.51 624.82 604.29 600.82 570.44 540.62 490.02 457.73 415.42 375.64 366.77 358.52 359.73 364.08 374.34 387.19 398.87 437.91 502.23 540.57 582.91 620.73 652.32 694.84 716.43 738.35 734.32 710.02 672.39
313.79 311.38 307.83 303.14 305.15 303.01 304.22 308.83 308.47 314.40 316.93 324.97 322.65 318.79 311.22 302.48 352.35 376.74 386.65 405.92 411.20 421.85 431.51 440.18 448.21 472.10 479.27 501.83 522.39 529.58 531.15 529.94 551.45 572.39 605.13 623.66 638.20 652.84 680.29 692.84 687.35 683.47 657.34 615.70 594.64 569.51 518.47 473.34 447.22 403.67 370.69 360.27 361.95 372.26 378.76 378.99 396.40 422.78 474.95 531.25 578.59 626.67 675.33 700.13 753.77 791.14 746.17 736.02 712.91 640.13
354.23 344.02 318.92 301.62 287.40 298.17 299.34 306.89 312.54 314.69 318.57 320.26 313.46 310.84 310.84 332.01 381.47 384.23 399.74 415.74 422.65 429.76 434.80 444.18 451.55 467.72 480.36 510.22 517.80 525.38 530.46 571.69 602.72 624.53 651.72 692.70 708.20 732.96 763.99 770.80 741.98 707.34 667.25 597.75 566.84 557.60 510.97 456.21 426.81 398.38 381.45 371.97 381.49 389.13 394.03 402.77 434.91 480.30 534.17 572.05 625.94 727.82 918.13 924.85 867.24 827.31 755.76 689.40 651.58 604.55
371.55 364.89 343.27 320.56 308.06 294.30 295.14 301.10 303.40 305.84 311.02 316.59 309.16 309.55 350.72 382.70 404.18 398.00 405.71 413.19 433.30 447.51 436.57 454.65 462.44 471.93 481.42 493.86 502.67 508.96 519.15 569.59 623.96 637.37 651.18 676.53 721.18 761.44 801.89 804.91 762.79 716.49 676.78 631.21 590.25 575.33 544.83 475.98 432.34 396.58 384.29 371.34 377.43 388.54 390.35 401.36 410.73 438.90 470.25 525.59 588.58 684.04 784.07 768.97 701.95 691.43 682.95 631.09 565.21 521.97
346.41 364.10 368.40 338.71 315.05 293.79 272.70 288.34 301.56 308.63 315.62 326.06 323.39 317.25 352.14 408.27 436.41 428.88 424.27 419.37 431.13 438.60 431.04 448.63 447.19 449.15 465.82 472.14 484.87 488.90 527.12 545.27 572.12 599.04 626.01 659.05 703.71 751.86 819.42 816.20 769.80 712.93 688.11 650.26 605.09 587.29 566.18 521.63 457.22 390.64 382.60 380.47 374.57 374.80 382.06 401.74 418.08 439.76 429.44 427.21 470.35 516.52 528.95 546.81 569.66 552.15 510.84 525.50 496.02 483.62
348.73 342.92 333.78 327.98 306.99 297.57 285.38 295.86 309.90 321.13 334.80 360.45 349.09 345.48 377.62 413.41 424.64 438.39 440.16 435.71 431.04 435.15 456.21 455.54 451.21 440.82 437.65 444.07 451.60 462.70 513.71 519.96 530.17 547.80 593.14 623.52 656.40 691.62 724.78 729.83 711.02 696.79 675.67 648.90 606.40 586.55 547.04 480.80 427.85 387.28 364.12 355.89 344.93 343.16 358.42 379.24 385.89 390.36 367.32 377.30 401.90 399.15 420.74 425.54 396.78 363.34 379.50 399.91 420.76 425.10
343.58 337.37 333.29 319.34 306.95 310.45 314.83 315.85 321.16 325.32 332.02 348.21 347.07 369.33 382.82 413.29 441.08 446.86 474.44 470.96 445.69 445.41 450.40 446.29 441.04 445.27 444.63 446.78 445.90 443.14 476.96 473.39 482.35 508.14 558.52 596.16 637.11 662.16 683.74 705.32 707.39 673.54 623.52 591.94 544.21 498.83 435.79 410.84 372.27 349.21 319.46 310.75 294.81 302.29 300.32 305.00 307.48 317.19 323.39 360.52 379.83 381.48 380.70 369.16 365.39 347.81 347.94 323.87 334.51 348.66
329.67 316.46 311.90 309.22 300.87 294.53 320.48 317.60 317.40 315.94 317.34 322.95 341.76 369.19 370.27 388.83 436.96 477.44 502.13 493.63 463.26 459.98 463.27 463.44 468.11 465.19 449.05 432.25 425.02 429.29 451.08 457.27 461.61 495.69 545.95 574.56 584.27 601.99 615.20 620.94 610.70 566.73 531.24 501.96 415.84 386.77 350.64 301.92 293.30 287.75 256.29 249.15 247.92 245.66 244.70 246.71 249.57 252.30 262.21 271.00 286.49 293.82 295.80 300.22 296.93 298.70 288.56 273.44 272.48 272.97
325.14 312.96 296.39 295.94 293.32 292.83 304.94 308.69 311.91 313.26 312.65 319.73 326.10 349.77 363.18 399.74 447.95 502.76 535.47 530.94 529.36 521.83 508.86 482.80 479.17 498.09 500.75 459.18 429.63 432.97 438.43 446.60 455.59 485.42 505.57 519.52 532.37 529.58 527.78 518.83 495.94 485.26 411.81 358.44 322.68 287.83 267.20 245.13 239.74 236.49 230.01 218.51 211.75 213.37 205.08 208.72 214.01 232.72 238.01 240.80 246.77 250.35 260.10 263.35 262.99 250.69 240.16 245.37 231.44 235.33
321.74 305.35 282.81 270.27 262.40 262.30 269.23 304.91 310.58 310.25 312.31 314.34 312.99 327.78 359.85 377.01 443.77 494.68 604.56 619.00 567.60 559.04 540.52 525.05 518.59 508.39 498.17 454.75 430.20 375.23 388.33 410.04 434.58 442.01 432.94 432.85 442.41 461.59 456.63 445.96 404.25 387.23 337.29 304.67 278.98 244.55 219.35 212.00 207.26 199.24 186.63 176.74 160.32 175.86 184.15 187.61 198.69 215.69 224.68 233.36 232.92 233.23 234.35 235.71 235.60 239.97 242.87 238.42 225.43 224.70
321.45 304.89 269.17 254.39 251.97 256.13 262.14 266.91 282.94 287.52 295.48 304.20 307.36 322.89 346.55 358.63 431.48 472.65 546.30 591.58 588.11 573.89 580.09 571.60 574.51 555.37 526.97 506.82 434.31 354.43 380.86 398.47 390.20 396.02 403.91 396.78 408.69 414.28 410.27 378.91 357.93 324.15 304.98 241.37 221.59 213.70 196.54 172.00 156.05 151.71 140.52 141.36 143.61 156.93 163.75 172.11 181.31 187.47 190.68 197.18 195.92 204.45 211.70 218.05 224.98 224.61 219.43 224.70 233.59 232.05
301.61 288.56 261.98 254.74 251.57 252.75 260.57 257.75 257.31 274.20 277.88 276.66 285.17 297.01 328.61 355.41 415.42 452.42 520.91 563.95 568.57 574.41 597.22 633.80 610.57 587.89 553.23 521.27 496.38 470.89 473.28 445.00 439.29 436.30 406.83 385.18 384.50 393.48 380.65 343.91 324.19 279.78 243.11 216.68 200.37 184.78 163.12 150.30 139.42 133.97 124.12 124.30 117.84 131.36 146.75 146.29 146.60 151.90 139.54 144.97 149.77 155.86 165.93 174.69 174.84 176.70 176.84 183.75 191.58 202.05
288.55 277.28 257.42 254.24 250.87 250.03 248.36 243.95 241.18 244.90 264.49 256.76 257.93 265.03 298.06 322.27 359.15 412.14 472.57 515.52 573.56 567.69 601.16 654.05 711.05 658.19 586.56 546.55 523.80 510.27 493.63 483.29 484.89 479.53 491.69 439.62 403.03 381.14 357.55 325.65 293.84 260.16 216.33 196.02 166.49 147.80 141.02 123.93 110.70 108.41 114.21 112.76 116.38 125.22 121.60 121.59 122.03 125.97 128.56 129.34 132.69 133.95 133.56 143.65 147.88 157.86 162.35 171.18 174.87 176.71
287.72 272.29 252.08 249.72 247.23 244.09 237.54 240.05 241.34 242.02 245.57 245.21 246.12 245.02 253.80 301.93 346.49 363.64 430.04 469.04 496.81 527.74 583.86 620.48 660.21 665.28 615.24 575.70 545.37 542.44 523.39 479.78 486.36 473.04 470.62 492.13 464.93 399.41 364.96 340.74 289.32 225.32 199.12 170.68 144.71 123.19 120.44 111.48 104.09 103.73 108.47 105.75 110.74 118.07 113.27 111.97 121.51 131.38 140.16 126.51 122.42 124.36 127.26 127.65 133.46 147.48 154.03 162.37 166.68 173.21
280.69 252.84 245.61 238.81 236.67 235.69 235.99 238.66 241.98 240.55 245.52 244.88 246.72 249.52 255.22 301.53 339.75 370.33 414.39 434.58 447.44 487.92 525.15 564.60 600.95 601.75 577.78 570.84 552.52 550.25 581.97 537.54 550.43 571.24 582.63 605.72 533.20 434.50 368.69 331.17 303.85 229.46 191.12 149.98 117.18 101.88 104.65 106.41 104.80 104.56 95.19 95.23 101.74 104.51 112.08 113.10 114.02 114.86 109.09 114.76 116.31 117.53 120.87 122.90 125.68 136.18 145.21 151.95 159.73 166.41
249.38 236.84 230.58 227.33 226.94 230.50 235.01 239.43 240.64 242.06 244.19 244.58 249.37 256.05 273.82 308.75 328.73 342.17 379.44 434.73 472.60 497.12 509.07 502.24 510.28 549.25 567.57 576.95 554.98 533.89 571.83 550.51 553.08 560.64 553.48 536.81 507.78 444.41 375.77 327.57 263.87 226.81 193.60 153.65 130.16 121.37 111.00 99.31 94.42 93.63 82.05 78.08 84.72 101.75 111.33 129.25 114.83 100.99 98.85 107.78 114.49 116.77 119.51 139.36 143.92 144.20 143.54 144.86 155.90 166.74
237.78 233.85 230.28 224.92 222.66 222.76 227.31 232.78 237.97 245.63 256.08 257.78 257.81 262.94 265.18 278.25 309.88 324.77 339.07 403.86 464.00 505.28 510.27 499.72 483.59 486.08 496.65 514.93 510.97 504.73 502.62 498.36 492.67 513.85 536.78 493.33 479.87 443.87 387.98 340.30 262.92 226.09 183.16 143.91 133.55 122.70 104.79 100.69 88.49 85.31 93.08 75.77 80.31 97.04 104.99 116.00 113.34 111.19 108.41 107.41 102.17 98.04 105.22 116.99 137.90 142.70 154.11 161.27 185.15 183.59
235.51 233.30 230.78 227.59 227.39 225.52 226.77 230.04 241.11 250.52 259.24 264.59 300.81 297.76 303.11 313.60 322.72 324.70 329.63 348.89 401.86 381.43 383.89 402.07 418.88 400.32 416.83 470.15 492.84 521.73 534.73 511.08 484.49 499.98 515.74 535.71 491.93 451.12 422.01 351.14 299.54 231.72 168.72 141.05 136.75 117.32 96.21 81.39 77.84 83.45 90.58 77.76 94.90 98.89 102.32 105.15 112.68 112.40 108.95 88.54 86.34 86.87 86.67 89.05 107.12 121.89 136.18 155.87 162.15 169.26
229.29 232.15 233.81 232.40 231.71 231.30 232.66 236.00 243.36 250.93 257.84 290.18 317.79 338.43 339.99 332.19 326.21 317.46 320.46 311.01 303.34 311.75 315.17 313.73 325.24 371.51 428.48 449.30 441.16 484.10 512.24 529.28 526.60 570.15 552.62 480.10 414.38 373.69 365.32 348.95 297.71 221.38 162.00 141.76 129.73 114.70 92.40 89.23 78.61 72.68 78.01 98.45 98.64 95.31 79.92 88.85 103.70 106.03 92.58 85.31 87.76 89.23 90.87 87.99 95.84 123.24 123.66 130.52 147.93 160.55
214.91 221.38 225.26 229.04 229.56 231.65 234.86 242.80 246.84 252.78 260.98 297.71 323.81 335.79 346.48 332.92 319.30 310.13 290.33 273.81 268.53 270.57 272.57 278.60 279.51 280.89 278.69 281.54 322.19 426.24 457.35 464.97 491.73 523.10 513.70 430.70 347.82 364.41 338.45 295.73 269.12 226.23 151.98 136.03 131.95 123.80 116.96 106.31 88.56 87.01 99.70 108.13 102.48 105.04 97.23 83.76 90.57 95.94 84.83 86.45 88.55 89.14 88.99 86.89 87.46 107.97 126.18 130.94 141.40 162.77
192.58 200.46 199.52 201.03 210.67 229.51 236.44 243.83 255.01 257.31 264.84 282.45 317.63 333.01 330.53 320.86 310.44 299.09 284.79 277.37 266.46 266.55 272.17 261.78 248.36 248.29 249.05 245.77 256.03 271.97 263.77 275.10 291.31 296.45 304.45 319.06 310.44 319.42 316.97 272.49 259.24 199.28 171.35 151.35 142.74 134.09 134.36 131.34 121.07 121.45 108.83 102.22 113.46 95.92 89.25 88.82 88.66 87.11 87.66 89.58 89.24 86.03 87.20 86.52 88.54 102.24 123.52 130.83 134.87 146.37
181.03 187.15 194.35 195.99 199.99 215.92 224.11 238.22 254.10 260.42 269.39 285.06 303.04 319.94 323.99 333.06 328.53 306.01 281.85 276.54 270.50 269.49 258.53 241.86 242.24 240.95 237.42 237.89 238.86 235.15 230.92 229.16 231.98 230.43 224.67 218.44 226.59 235.16 235.59 243.38 236.66 224.99 177.84 164.16 150.62 143.35 142.23 155.72 144.59 133.24 137.21 118.87 125.75 130.54 109.18 91.45 93.71 95.39 92.28 89.59 91.09 88.19 89.44 86.63 89.29 93.58 104.75 123.40 133.93 146.85
173.41 177.23 184.81 193.85 196.64 201.53 205.94 208.07 217.45 229.62 244.24 282.67 306.02 287.38 328.12 346.13 336.41 319.28 301.42 282.24 272.90 273.79 270.21 259.59 250.79 240.72 229.53 229.40 229.61 229.59 227.48 227.18 229.12 229.80 226.98 219.97 217.26 216.51 216.86 220.02 213.29 216.29 194.07 172.27 160.77 156.50 147.64 154.54 165.63 159.14 156.90 141.82 129.32 139.80 128.13 105.99 105.14 104.01 100.56 99.50 95.55 92.38 89.88 87.93 87.01 90.50 92.84 105.50 127.23 128.12
168.43 171.22 178.72 184.75 188.50 194.38 197.82 199.72 204.99 211.05 218.73 235.51 265.48 283.84 320.61 351.01 360.81 335.80 321.39 307.57 284.50 272.80 271.33 275.47 283.87 275.82 256.72 248.45 245.15 245.06 237.38 232.00 236.32 239.45 233.32 224.53 218.34 216.66 215.71 216.55 216.14 215.82 214.87 206.33 190.38 182.56 168.92 162.80 161.40 169.00 172.03 170.08 146.56 149.23 162.61 152.65 127.62 109.12 104.24 101.70 113.06 94.34 90.94 88.90 88.37 94.02 94.84 95.17 98.94 102.75
156.27 162.55 174.38 181.44 184.64 190.92 195.28 194.95 199.11 204.13 208.03 227.88 240.43 269.42 301.11 358.34 365.37 363.72 346.67 333.25 345.23 332.28 318.06 309.96 307.84 300.12 341.03 327.54 301.66 300.51 298.61 275.13 274.54 268.65 239.60 223.54 219.01 216.00 214.42 217.20 213.96 214.15 220.08 222.60 212.33 201.84 197.01 182.73 184.96 188.70 183.39 188.94 186.00 182.33 181.05 170.31 128.69 119.95 107.04 107.55 104.95 104.86 103.60 92.50 89.28 93.97 97.89 97.29 95.94 97.48
