arc/python_arcpy/Precipitation/APHRO_MA_025deg_2007.txt
ncols	360 
nrows	280 
xllcorner	60.125 
yllcorner	-14.875 
cellsize	0.25 
NODATA_value	-99.9 
[rows 31 to 61 of 280, columns 0 to 69 of 360]
8.80 8.51 8.19 8.53 8.11 8.06 9.14 9.83 10.39 10.66 10.77 10.92 11.05 10.83 10.79 10.65 10.44 10.13 10.06 9.87 9.79 10.07 10.08 10.43 10.31 10.68 10.82 10.98 10.47 10.55 10.22 8.89 6.95 6.45 6.15 5.35 5.48 5.59 5.50 5.33 5.03 4.73 4.73 3.92 3.82 4.15 4.29 4.31 4.31 4.52 4.68 4.87 5.18 4.89 5.14 4.86 4.61 4.94 4.79 4.74 4.73 4.57 4.58 4.63 4.85 4.76 5.06 5.39 7.13 9.24
8.93 8.54 8.24 8.85 9.21 8.84 8.64 9.64 10.38 10.87 10.99 10.96 11.04 11.18 11.24 11.33 11.26 10.96 10.65 10.11 10.15 10.41 11.53 11.19 11.73 12.07 12.03 11.69 11.43 11.82 11.85 11.40 9.47 7.16 6.65 6.42 6.68 6.58 6.22 6.67 5.88 6.00 6.20 5.23 4.59 4.50 4.23 4.51 4.25 4.74 4.86 5.41 5.38 5.10 5.51 5.54 5.23 5.11 5.09 5.01 4.67 4.68 5.12 4.67 4.84 5.09 5.87 5.87 6.13 7.09
10.19 9.40 8.91 9.31 9.54 9.41 9.79 10.39 10.68 11.20 11.69 11.58 11.65 11.75 12.00 12.03 12.02 12.02 11.84 11.69 11.34 13.21 14.32 14.21 13.82 13.10 12.95 13.01 12.89 13.14 12.80 12.15 11.28 8.83 7.76 7.93 8.12 8.19 7.73 8.05 7.70 7.06 6.67 6.63 6.03 4.89 4.71 4.82 5.12 5.22 5.32 5.77 5.61 5.87 6.03 5.82 5.72 5.56 5.36 -99.90 5.17 5.23 5.20 5.37 4.89 5.04 4.78 5.31 6.81 7.52
11.73 11.54 10.75 10.42 11.01 11.28 11.48 11.50 11.52 11.98 12.37 12.26 12.18 12.23 12.70 13.44 13.14 13.24 13.66 13.45 13.35 15.03 15.66 16.10 15.09 14.55 14.37 14.04 14.11 13.89 13.69 13.69 12.90 11.73 9.82 8.70 8.59 9.00 9.18 9.16 9.37 9.13 7.94 7.39 6.51 5.60 5.49 5.18 5.54 5.65 5.89 6.11 6.21 6.33 6.20 5.77 5.93 6.09 -99.90 5.45 5.39 5.91 5.88 6.28 6.84 6.36 5.86 6.07 7.07 9.94
13.22 12.93 12.93 12.70 13.11 12.82 12.48 12.08 11.76 12.09 12.33 12.89 13.56 14.05 14.11 14.26 14.24 14.64 14.37 14.55 15.21 16.38 16.64 16.98 16.74 16.25 16.19 15.34 15.59 14.82 14.19 14.34 13.64 12.80 11.43 9.57 9.29 10.13 10.11 9.82 10.36 10.09 8.75 7.67 6.16 5.71 5.94 5.45 5.66 5.67 6.33 6.57 6.65 7.00 6.73 6.54 -99.90 6.24 6.05 5.89 6.01 6.31 6.67 6.86 7.03 7.45 7.69 8.42 8.87 9.04
15.28 15.61 15.61 15.13 14.83 13.73 13.13 12.32 11.44 12.73 14.17 15.58 15.48 14.97 14.81 14.97 15.41 15.23 15.09 15.35 16.82 17.86 17.79 17.65 17.40 17.30 16.51 16.68 16.99 16.09 15.71 15.25 14.49 14.41 12.52 12.37 11.81 11.95 11.46 10.58 10.93 9.80 9.28 7.28 6.17 5.96 6.04 6.43 6.21 6.19 6.60 6.87 6.76 7.14 7.44 -99.90 7.23 6.83 6.14 6.21 6.49 7.22 7.67 7.87 7.83 8.16 8.32 8.35 9.92 11.74
17.89 18.22 18.38 18.22 18.24 16.73 15.28 14.48 14.35 15.64 16.36 16.77 16.71 16.61 16.97 16.63 16.05 16.82 16.42 17.28 18.60 19.54 18.76 18.33 18.38 18.49 18.12 17.79 17.70 18.26 17.68 18.09 17.72 17.13 15.46 15.26 15.80 15.06 14.36 11.59 10.75 11.31 10.34 7.33 5.99 5.78 5.74 6.50 6.25 6.42 6.17 6.48 6.75 7.29 6.87 -99.90 8.07 7.37 6.57 6.99 7.81 8.18 8.21 7.87 8.10 8.75 9.19 9.88 10.76 11.60
-99.90 19.95 20.44 20.33 20.07 20.03 19.46 18.85 19.44 20.66 20.80 20.59 20.65 20.88 20.26 19.42 18.94 19.39 18.58 18.97 20.20 20.52 20.32 20.19 20.06 19.80 20.18 19.67 19.30 20.81 20.66 21.54 21.02 19.35 18.05 18.10 18.00 17.20 15.84 13.50 14.04 13.42 10.39 8.52 6.42 6.56 6.27 6.44 6.42 6.74 6.47 6.52 6.78 7.66 8.08 8.57 8.51 8.09 7.30 7.90 7.54 8.14 8.43 7.88 8.36 7.97 9.66 10.51 11.68 13.72
-99.90 22.37 22.85 22.90 23.17 24.16 24.46 21.81 22.69 22.83 23.42 23.98 24.02 23.70 22.83 22.84 22.68 22.50 21.56 22.48 22.78 22.94 22.65 22.86 22.89 22.37 22.33 22.30 21.46 22.52 23.99 23.98 23.49 21.60 19.64 20.46 19.46 19.71 17.20 16.10 15.30 14.65 12.49 10.50 7.19 6.68 7.02 6.42 6.83 6.63 6.80 6.73 6.96 8.62 9.20 9.76 9.07 8.55 7.86 8.38 8.09 8.67 8.87 8.53 7.86 7.62 9.40 12.59 15.80 16.96
-99.90 25.48 25.62 27.26 25.91 25.91 25.99 26.55 25.50 25.58 26.16 26.37 26.27 26.33 26.32 26.89 26.80 26.98 27.27 26.88 26.12 26.99 26.08 25.78 24.87 23.84 23.43 24.17 24.38 25.69 26.53 26.07 25.93 23.72 21.17 23.17 21.17 21.45 21.63 18.52 17.28 14.83 13.66 12.59 8.45 7.24 7.00 6.89 7.03 7.38 6.89 6.50 7.31 9.94 9.91 10.99 9.78 9.65 9.28 9.58 9.48 9.11 9.94 9.12 7.40 8.32 10.51 13.96 16.84 22.18
-99.90 28.94 30.57 30.91 28.47 28.12 28.23 31.06 32.26 30.30 28.53 28.26 28.50 29.15 29.03 29.07 29.64 29.59 31.12 30.08 30.32 30.12 29.03 28.23 27.23 26.35 26.30 25.52 26.26 28.15 29.84 28.15 27.46 25.40 23.48 25.43 23.32 24.80 24.54 20.85 17.95 15.56 14.39 13.92 11.28 8.70 7.90 7.53 7.95 7.98 7.92 7.01 8.11 10.94 11.46 11.67 12.06 11.99 11.12 10.77 11.33 10.52 11.39 10.30 10.80 11.70 12.42 15.74 18.92 28.95
29.91 31.67 32.17 32.97 31.66 31.69 34.07 35.16 34.97 34.53 32.89 31.50 32.06 31.87 31.39 31.42 32.38 32.72 34.43 34.19 32.82 32.81 31.60 30.37 30.04 28.37 25.53 25.24 28.23 30.55 32.48 32.71 32.29 29.11 29.95 34.88 32.28 31.82 31.86 29.30 20.91 18.85 16.91 14.57 13.41 9.79 9.32 8.49 8.36 8.87 8.50 7.91 9.45 11.63 12.34 14.51 15.42 14.31 13.33 12.92 12.29 12.64 13.31 12.13 12.85 12.59 14.51 17.07 29.61 44.54
31.96 34.00 34.44 35.03 36.41 37.19 37.60 37.65 37.94 38.12 38.15 36.69 34.67 34.64 34.14 35.04 35.70 37.09 37.47 37.13 35.74 36.53 35.69 35.22 34.04 31.52 27.04 27.35 33.42 35.69 36.22 48.29 51.31 38.50 36.36 41.51 39.26 38.29 36.75 32.84 25.81 22.90 21.55 18.67 15.16 11.70 10.51 10.29 10.37 10.87 10.49 10.90 11.44 12.71 14.87 17.11 20.23 20.90 20.13 20.23 19.49 20.44 20.27 18.74 18.26 17.51 19.50 23.63 35.29 43.97
36.28 37.06 37.99 38.50 40.74 40.92 40.63 40.89 41.33 41.66 41.75 40.56 39.57 38.62 39.16 41.91 41.95 42.09 42.44 40.71 39.57 40.57 40.66 40.00 38.95 39.51 38.92 39.66 40.43 40.97 45.64 66.89 75.92 77.18 69.72 65.40 53.59 57.09 51.22 37.75 30.19 27.32 24.77 21.22 17.57 15.17 13.60 12.60 12.46 13.99 15.71 17.97 19.43 19.16 20.63 21.47 28.82 31.33 31.80 31.10 29.80 29.28 29.96 30.98 29.24 27.75 31.39 38.49 39.87 54.70
40.76 41.84 41.28 40.94 42.83 43.31 43.44 44.16 45.06 45.01 44.86 44.02 44.30 44.69 45.52 47.74 49.41 47.94 47.43 47.13 45.80 46.29 46.18 45.57 45.76 46.95 47.09 47.30 45.82 46.64 48.77 74.80 80.88 89.58 100.15 101.23 84.77 81.24 74.10 53.34 39.14 34.49 30.95 26.56 19.51 18.61 17.55 16.27 19.80 21.96 23.58 24.41 25.01 27.97 28.71 31.62 38.62 40.82 48.21 45.09 34.80 30.43 34.21 38.14 39.09 45.77 57.11 67.02 82.54 98.36
43.09 44.89 45.61 45.82 45.78 46.19 46.89 46.99 47.28 47.48 47.72 47.41 47.91 49.94 51.46 53.93 56.17 55.18 53.69 51.89 49.86 50.65 52.14 52.87 52.19 52.88 53.89 53.17 52.99 53.35 66.95 85.23 85.03 96.87 103.74 108.66 108.19 100.27 88.51 74.62 64.89 47.01 43.26 39.57 30.26 25.91 24.32 25.25 27.19 25.75 26.55 29.80 30.49 33.52 35.84 39.61 42.37 45.62 47.96 56.13 55.04 49.42 52.12 60.47 66.48 76.23 96.57 122.49 157.28 181.36
45.15 47.41 49.68 50.07 49.95 51.09 51.48 51.11 50.63 51.21 51.22 51.21 52.17 54.46 58.07 61.23 63.83 66.81 59.67 55.44 53.18 56.95 59.21 59.06 58.92 60.15 60.72 59.95 60.07 59.61 71.78 88.62 94.05 109.33 118.40 119.36 116.70 110.79 104.41 101.06 99.94 84.00 65.43 52.95 43.37 30.70 28.12 29.57 28.80 26.10 27.61 29.92 37.19 40.95 42.49 50.07 52.28 47.58 51.55 61.82 75.00 110.13 113.80 106.36 118.80 144.33 181.40 246.66 368.81 517.46
48.43 49.64 52.14 53.94 55.01 54.79 54.50 54.54 54.64 55.27 55.58 55.14 56.91 59.12 63.32 64.62 65.52 64.78 61.94 59.73 58.91 60.08 63.35 63.88 64.88 66.85 67.07 66.48 66.03 65.83 65.08 72.85 83.39 100.60 122.61 128.80 126.08 121.00 130.06 131.11 132.00 130.61 110.39 69.42 52.45 37.81 38.37 46.26 48.08 44.19 36.79 38.90 43.79 55.80 62.48 68.40 68.35 63.29 69.98 77.18 86.55 106.50 136.69 151.42 214.25 309.98 411.21 473.39 513.28 529.49
50.58 52.59 54.62 57.71 57.87 57.89 57.21 56.30 57.04 58.59 59.67 61.71 63.45 64.31 64.37 65.94 67.62 64.92 63.48 61.84 61.07 62.82 67.70 69.88 71.00 72.41 72.75 72.55 72.71 73.33 77.02 87.63 94.75 110.00 128.29 136.22 139.28 146.15 158.57 170.06 165.27 170.88 131.58 97.91 74.67 65.38 53.01 55.14 63.54 78.41 87.37 94.92 120.37 140.57 142.92 142.21 156.06 167.68 161.84 165.71 152.11 167.15 182.21 172.87 215.77 241.68 285.02 283.58 276.92 309.14
55.24 58.22 59.56 61.56 61.72 60.79 60.52 60.29 60.25 60.50 61.78 65.15 65.20 66.49 67.52 67.40 69.28 67.31 65.89 66.31 68.69 71.67 72.94 75.56 76.64 77.69 77.68 77.67 78.09 78.01 89.62 96.54 107.89 125.88 150.64 152.22 162.19 172.96 184.25 197.06 217.72 200.68 191.84 173.57 139.28 128.66 115.21 94.36 78.28 95.24 115.07 126.20 156.34 190.67 237.17 255.12 246.28 248.45 248.05 252.95 238.44 220.51 214.92 185.23 166.35 180.56 200.25 -99.90 -99.90 -99.90
62.76 64.84 65.89 66.09 66.05 64.41 64.17 62.44 60.48 59.04 60.83 63.74 66.33 67.97 69.30 70.05 72.70 70.10 70.59 73.49 73.87 77.29 77.88 79.91 81.78 81.91 82.72 82.36 82.73 82.33 92.08 105.07 117.84 145.31 166.99 174.30 192.73 200.57 220.65 233.93 237.81 228.04 238.47 213.25 197.85 186.52 173.26 170.61 169.75 149.20 173.84 174.19 195.34 208.09 223.72 250.91 249.65 239.37 211.74 219.42 232.92 207.68 196.18 209.96 240.56 224.88 207.26 209.32 211.78 227.32
70.87 74.87 75.46 73.16 70.62 68.43 65.87 62.43 59.52 54.98 57.19 62.71 67.31 69.64 71.60 73.09 74.87 72.27 72.48 74.79 76.76 80.54 82.13 85.58 87.86 88.41 87.21 96.48 88.62 96.94 111.52 122.97 138.51 169.01 184.34 204.52 225.76 237.83 258.67 270.96 281.92 268.64 238.33 196.46 189.88 176.74 205.93 191.78 195.66 204.19 153.63 156.54 173.51 193.59 194.03 229.30 231.29 193.79 190.07 212.44 222.06 233.77 227.62 241.14 254.80 259.45 272.19 274.19 270.85 273.42
78.22 87.34 94.27 81.14 75.39 71.07 67.38 64.21 61.10 57.49 58.37 65.00 70.28 73.25 75.01 77.33 78.81 76.62 78.87 80.93 83.43 87.81 90.32 104.61 111.31 112.90 107.65 114.74 116.06 127.33 128.43 139.26 150.07 179.41 200.97 228.34 251.20 263.39 298.49 339.11 337.49 302.73 244.27 198.75 176.91 196.40 222.28 201.86 214.86 241.56 219.90 244.30 220.31 254.54 263.47 254.60 249.21 249.36 237.01 208.39 200.76 213.17 209.15 203.97 231.75 239.24 244.63 254.32 267.17 270.59
79.73 84.58 87.15 80.89 75.99 72.35 69.43 67.44 65.29 63.69 64.73 69.31 72.82 74.84 77.61 79.17 80.17 80.13 81.99 83.88 89.06 95.62 110.46 125.38 137.10 140.84 137.94 138.81 140.10 143.32 152.02 153.67 168.10 198.10 222.46 245.08 266.76 267.68 306.51 347.50 335.13 327.86 251.84 214.63 177.93 170.76 183.90 189.50 211.00 241.11 280.71 311.87 264.64 302.45 323.67 302.20 257.82 235.03 204.51 180.25 173.57 180.61 181.96 189.68 197.32 223.93 238.98 256.96 260.46 266.33
79.97 79.08 78.87 77.34 75.08 73.77 70.64 70.33 68.32 67.76 69.89 73.27 75.68 78.42 79.72 79.93 80.51 82.47 84.17 86.09 90.69 117.50 145.85 154.78 157.17 159.76 170.93 168.30 174.78 186.15 203.57 210.32 216.97 233.60 257.29 261.66 268.46 271.87 293.93 352.40 340.03 317.61 290.22 272.30 237.55 223.00 175.44 156.89 166.77 214.70 229.69 248.04 265.13 289.72 333.14 358.69 287.96 238.50 209.62 183.67 174.09 177.75 171.47 184.08 210.45 228.20 235.36 255.10 258.29 261.71
80.56 78.62 76.99 76.60 76.66 76.40 74.68 73.25 71.35 71.73 73.56 75.61 78.76 79.97 79.82 79.70 82.19 83.00 86.31 89.32 104.36 138.39 161.84 174.95 184.92 215.85 224.56 217.75 217.21 221.22 226.01 230.87 243.68 261.55 290.55 281.51 272.38 273.05 285.60 309.64 339.62 313.43 255.71 235.36 246.76 219.04 138.08 114.39 129.19 157.28 187.13 189.93 212.14 256.57 283.03 318.57 280.87 234.91 207.84 191.07 184.50 190.17 205.88 215.06 221.04 222.72 231.93 234.35 219.28 219.06
79.99 77.30 75.52 75.41 77.33 76.57 76.40 76.76 77.15 77.90 78.25 79.55 79.80 80.45 80.75 81.16 81.54 82.25 86.66 98.93 140.04 162.51 198.08 229.42 252.27 262.74 278.38 263.15 252.48 246.23 248.72 252.65 257.06 264.14 271.17 266.57 264.82 251.98 278.34 287.91 232.08 149.89 128.34 121.02 135.53 134.48 111.01 101.42 108.47 130.72 155.01 163.98 183.36 204.57 242.96 276.68 258.23 231.66 210.12 187.08 189.88 225.59 217.85 211.78 217.46 225.19 227.41 213.07 207.70 171.67
81.28 77.53 75.38 76.31 77.64 77.39 79.34 79.51 81.56 82.14 82.19 82.94 83.27 82.07 82.62 83.89 85.10 86.17 90.86 114.91 143.40 168.42 219.66 261.16 267.06 281.48 301.59 299.54 290.62 282.82 267.65 270.97 269.95 267.68 270.63 267.83 243.46 213.69 188.14 150.56 111.48 101.95 100.84 100.98 101.75 101.44 104.35 101.33 128.64 143.98 149.18 155.20 176.85 189.33 230.61 262.04 244.21 194.50 198.27 182.86 183.77 198.92 199.76 186.33 182.48 173.54 145.98 111.86 98.85 83.93
83.26 77.18 76.04 79.20 80.20 80.25 80.39 80.49 82.33 82.54 82.78 84.19 84.21 83.51 82.92 83.41 83.57 85.23 88.44 111.92 128.76 155.66 201.76 233.19 249.24 267.80 275.34 284.04 292.00 303.24 298.73 307.28 292.23 282.67 266.48 262.31 232.32 188.36 167.52 147.43 132.03 111.69 98.54 105.57 133.86 178.17 176.40 186.18 185.80 189.19 184.39 177.70 186.96 192.47 195.60 256.10 228.00 195.02 169.67 167.18 142.74 117.19 105.15 101.82 84.58 80.09 73.70 70.76 68.49 68.34
92.93 86.41 83.04 83.87 82.76 82.35 82.76 82.72 83.58 83.63 82.83 84.92 86.17 85.72 84.52 83.70 84.42 82.23 85.20 104.40 125.95 153.74 204.84 233.50 245.17 256.98 268.69 275.73 298.83 306.88 306.24 318.78 312.42 283.41 250.64 229.02 230.32 221.96 218.34 175.53 167.38 141.88 147.88 168.16 197.82 311.69 348.98 376.20 278.13 315.72 280.41 219.92 211.80 201.08 195.37 173.19 169.62 154.35 151.68 123.98 106.64 96.73 85.03 72.05 71.16 66.87 62.55 62.71 63.75 62.23
98.73 94.83 93.53 91.97 90.47 89.76 86.74 84.79 83.51 82.46 82.11 82.88 87.04 89.57 88.97 88.00 86.11 83.51 86.40 110.08 129.27 150.42 190.55 228.72 250.13 273.99 285.19 299.15 310.10 309.02 326.66 335.95 308.15 262.22 210.13 209.19 199.82 188.71 201.83 193.45 201.15 227.79 291.51 242.43 325.51 416.50 419.04 360.10 344.27 266.82 229.00 182.56 168.36 170.18 164.79 151.33 135.49 123.75 117.53 93.28 84.01 79.96 70.98 62.96 54.61 55.47 55.06 54.65 54.23 54.06
