arc/python_arcpy/Precipitation/APHRO_MA_025deg_2005.txt
ncols	360 
nrows	280 
xllcorner	60.125 
yllcorner	-14.875 
cellsize	0.25 
NODATA_value	-99.9 
[rows 93 to 123 of 280, columns 140 to 209 of 360]
561.92 537.58 513.77 510.73 511.26 512.40 508.54 495.65 493.59 495.99 506.24 507.36 517.59 543.14 566.78 574.44 578.48 617.96 632.34 640.61 645.93 656.76 669.06 688.21 710.73 713.56 726.16 719.17 722.50 764.49 779.24 774.56 778.71 763.08 772.02 806.09 790.11 789.20 797.92 792.60 796.43 821.18 859.83 931.76 983.52 1039.12 1088.39 1126.95 1144.78 1209.83 1294.89 1322.45 1318.66 1299.45 1293.62 1237.82 1171.68 1122.24 1073.18 1081.53 1059.58 1136.65 1039.05 925.36 860.88 852.08 822.64 762.20 762.19 765.22
543.46 513.54 509.58 494.30 486.01 489.66 503.90 474.54 457.61 473.73 480.07 494.06 501.90 525.38 543.41 557.09 565.10 577.95 616.68 640.75 647.47 668.42 668.04 683.30 713.97 739.14 753.76 731.40 707.18 749.11 775.71 791.76 788.61 784.06 819.32 838.45 818.65 803.24 796.16 793.63 805.97 825.30 856.98 931.54 997.46 1032.50 1072.99 1108.70 1129.52 1222.34 1268.98 1268.40 1274.83 1221.42 1195.55 1173.38 1154.34 1086.57 998.74 1040.34 1116.27 1104.82 977.64 944.75 956.51 845.72 818.31 794.46 773.89 766.25
520.45 493.02 455.49 459.27 446.59 456.50 480.13 446.82 418.11 435.66 451.27 471.76 483.09 496.13 514.17 539.15 551.80 563.44 579.73 615.42 663.40 679.87 697.11 674.62 701.34 734.67 726.27 702.71 700.61 696.24 762.13 814.98 801.28 823.28 886.39 866.95 830.04 804.84 796.63 798.91 812.01 830.15 873.55 936.15 975.66 1010.33 1048.58 1099.22 1125.24 1210.96 1295.63 1262.10 1218.45 1176.52 1152.32 1132.65 1139.06 1030.49 1001.53 993.50 1013.05 939.66 961.88 983.88 971.06 910.91 848.72 820.31 804.57 787.09
493.91 448.19 424.75 385.33 395.50 415.31 412.83 408.24 397.37 397.68 410.66 434.89 461.18 477.89 497.58 498.95 512.52 536.72 545.87 590.65 622.73 696.81 701.01 693.95 673.54 759.73 717.13 675.86 727.56 742.10 755.71 814.70 842.52 934.29 977.59 856.81 812.17 806.15 810.84 804.52 821.43 848.31 896.28 949.63 999.66 1008.15 1049.83 1059.75 1114.53 1167.91 1231.50 1246.99 1219.98 1175.19 1137.24 1121.94 1118.83 1083.56 1100.83 1111.70 1207.46 1128.58 1022.87 987.60 974.77 939.26 891.09 836.55 806.69 797.87
467.04 421.16 387.19 366.24 371.55 383.30 375.07 383.39 375.76 387.22 392.87 401.63 423.51 441.74 455.85 469.84 487.86 510.48 542.18 567.74 592.34 623.97 658.25 694.62 711.79 779.37 785.69 763.81 735.13 798.13 754.95 805.04 931.84 1058.07 999.28 862.32 821.62 822.61 814.20 821.51 838.76 878.18 948.05 972.27 994.80 1013.36 1032.18 1044.71 1091.86 1140.68 1189.85 1230.60 1197.10 1177.75 1183.40 1173.68 1203.93 1213.19 1194.44 1185.88 1229.48 1213.32 1178.73 1051.86 970.19 946.28 899.56 851.47 819.36 809.88
470.09 449.43 414.22 397.91 384.14 374.92 358.96 332.80 348.91 354.29 388.68 385.75 394.44 415.74 447.26 443.85 470.00 479.59 525.50 555.07 600.18 615.55 611.95 661.60 718.20 783.74 805.41 781.49 746.91 798.88 829.32 962.30 1140.05 1227.82 1089.66 966.67 893.66 853.88 837.05 836.70 856.81 883.42 929.18 964.57 978.66 990.39 1001.04 1046.96 1061.43 1092.55 1131.78 1150.34 1146.92 1215.73 1243.90 1231.65 1214.91 1235.56 1235.30 1254.87 1228.70 1211.71 1174.21 1092.56 1017.77 942.21 904.19 869.58 848.31 843.90
546.52 500.14 518.11 458.47 411.83 361.52 312.67 248.61 303.47 342.91 366.35 395.04 390.28 411.48 423.30 438.55 438.93 488.60 530.87 558.32 580.96 618.03 628.52 613.93 683.85 763.31 765.26 783.64 750.44 826.37 930.37 1216.59 1346.51 1350.24 1229.95 1065.17 962.62 887.28 856.92 853.28 863.75 871.75 884.33 945.71 970.65 980.41 1009.09 1018.28 1042.30 1060.97 1088.35 1117.04 1173.37 1226.30 1235.37 1228.24 1225.85 1223.24 1240.68 1258.20 1264.73 1290.27 1221.83 1143.48 1048.75 1001.79 940.57 913.03 901.79 900.25
641.61 608.16 608.70 566.07 439.32 379.79 336.92 279.50 294.56 312.12 355.59 397.67 403.13 415.69 440.16 439.42 437.43 480.81 514.20 541.90 579.14 599.64 625.90 635.34 682.71 774.45 781.43 812.72 777.03 848.12 945.01 1163.24 1379.87 1479.10 1354.77 1184.14 1048.26 942.66 892.84 876.47 901.28 901.11 916.38 942.51 960.65 976.13 998.37 1007.73 1018.71 1040.54 1077.02 1125.91 1180.22 1198.65 1198.47 1210.15 1218.44 1214.37 1215.80 1194.26 1193.82 1212.44 1167.49 1083.09 1054.62 1009.70 977.48 977.80 978.06 972.63
548.95 870.94 579.43 502.18 435.41 405.33 368.02 343.16 334.44 341.29 377.02 405.79 426.94 432.33 464.64 432.84 446.57 464.60 502.09 505.55 541.50 583.56 601.30 629.62 686.10 761.62 801.39 841.51 754.44 846.59 926.43 1091.60 1276.68 1493.54 1390.90 1173.33 1085.02 1003.28 941.21 909.36 951.81 930.87 935.90 946.66 953.91 959.29 968.58 984.10 1009.47 1036.34 1133.62 1168.66 1184.72 1147.65 1167.60 1191.17 1191.79 1192.65 1197.25 1188.80 1194.49 1198.30 1184.07 1136.75 1099.18 1042.19 1026.30 1030.86 1027.60 1020.63
761.10 945.42 612.66 514.03 427.98 439.93 387.60 384.71 375.64 373.47 384.03 413.11 429.43 431.02 411.68 406.77 420.25 435.57 447.36 481.93 523.61 556.10 592.94 600.06 663.26 757.03 791.77 814.61 785.32 814.69 841.17 1107.57 1233.11 1320.53 1290.86 1149.68 1087.46 1002.98 960.84 930.37 950.33 949.41 954.83 955.54 955.23 961.61 971.75 991.67 1033.05 1057.83 1093.15 1089.43 1093.96 1127.23 1157.68 1178.90 1164.86 1160.78 1175.20 1187.46 1221.58 1209.51 1188.91 1180.94 1155.41 1129.13 1101.60 1099.73 1093.97 1083.72
1021.51 671.62 612.66 638.15 526.63 470.49 471.67 440.78 418.01 408.32 407.10 443.48 439.38 438.32 440.28 424.65 420.27 405.60 422.24 462.97 519.05 557.20 579.37 611.46 648.71 737.35 769.83 820.05 831.04 866.72 974.75 1060.26 1083.02 1143.35 1119.02 1119.91 1070.99 1009.34 983.29 967.90 973.30 970.33 967.45 958.99 957.37 968.14 983.86 1009.14 1058.05 1098.33 1118.73 1097.99 1078.30 1081.60 1125.60 1152.02 1121.13 1141.69 1143.85 1181.16 1201.11 1206.03 1219.30 1230.63 1221.68 1207.75 1209.50 1177.36 1158.78 1162.68
973.49 736.35 810.60 1025.85 661.86 571.70 545.06 471.47 435.53 439.64 466.15 466.38 480.54 464.45 473.19 458.04 406.74 378.66 413.76 442.46 500.61 528.06 562.39 590.82 619.43 718.75 764.67 835.07 897.69 985.15 987.26 1045.73 1056.96 999.01 980.41 943.82 966.25 991.15 991.82 993.89 994.32 991.26 981.35 961.33 962.71 964.37 979.02 999.19 1079.13 1085.26 1065.65 1070.29 1047.00 1048.46 1137.45 1159.61 1110.47 1125.80 1148.48 1163.49 1207.48 1261.11 1253.05 1260.81 1262.45 1291.61 1292.83 1269.59 1238.56 1229.32
1455.33 917.33 1186.81 1362.75 919.97 638.68 551.51 617.67 613.15 559.15 511.02 510.20 521.98 590.90 512.89 469.65 436.28 404.77 423.83 442.73 490.90 516.80 557.86 595.59 633.35 726.41 790.71 838.69 872.06 1009.57 1009.40 1002.41 968.81 930.68 850.47 859.22 870.96 915.50 938.90 962.94 973.69 981.35 976.42 959.98 963.88 973.56 974.46 983.23 1018.66 1018.44 1031.65 1021.09 1039.58 1007.47 1043.80 1085.17 1090.47 1117.46 1130.88 1153.99 1189.75 1213.34 1249.75 1310.80 1359.83 1395.84 1380.04 1345.55 1318.52 1301.64
1949.25 1542.28 1872.64 1694.40 1124.16 730.96 847.67 599.47 769.12 559.46 581.43 586.11 598.79 709.51 609.10 579.91 510.37 483.18 455.46 454.05 493.16 529.79 585.95 624.75 673.29 706.60 789.21 854.41 839.03 897.11 921.20 917.59 913.63 855.46 809.04 768.97 787.32 842.89 874.56 902.61 936.13 973.14 971.40 958.70 981.38 973.90 966.06 975.04 992.56 991.40 991.55 998.09 994.81 964.20 1008.67 1019.03 1040.26 1105.45 1121.03 1129.31 1169.71 1200.83 1268.11 1363.62 1456.89 1479.13 1442.98 1433.27 1431.69 1379.43
2137.42 2742.17 2701.02 2151.98 1665.80 1360.30 1377.32 791.03 813.54 643.50 915.16 699.12 691.84 794.34 906.11 787.76 601.59 566.48 502.98 479.03 515.85 563.92 612.16 667.69 682.47 709.57 756.81 828.17 856.06 869.42 898.69 872.29 837.79 781.58 749.42 707.28 724.96 754.27 809.29 820.83 861.06 975.82 954.63 935.89 935.42 934.65 938.11 961.71 965.48 950.62 968.67 954.32 938.99 938.62 973.34 979.70 988.85 1068.15 1071.75 1099.89 1131.28 1214.39 1278.09 1335.00 1379.28 1481.18 1514.49 1518.35 1456.65 1425.41
2437.06 2560.76 2355.75 2270.47 2302.12 2054.82 1264.09 1225.01 1050.81 1083.32 1237.27 1213.78 1053.21 998.30 1162.66 872.01 727.56 667.49 557.45 532.17 573.62 605.26 645.75 678.12 695.31 715.78 761.01 814.76 851.96 847.16 859.59 825.39 806.93 749.10 683.68 654.86 653.72 671.76 709.01 744.68 785.03 828.05 859.57 883.41 907.14 899.59 908.67 922.04 938.73 974.30 949.59 917.23 906.39 917.74 962.17 922.20 937.69 999.73 1042.81 1076.84 1110.29 1178.87 1237.07 1319.45 1337.61 1376.42 1464.70 1443.32 1463.87 1449.50
2193.30 2163.56 2039.17 2069.29 2101.56 2019.79 1395.66 941.05 1654.84 2146.54 1694.57 1693.53 1395.11 1094.28 1093.57 944.71 814.01 743.59 661.13 598.74 631.95 664.04 689.46 701.97 715.46 727.19 742.91 801.93 853.78 841.90 825.26 806.63 706.24 677.19 649.15 623.74 596.10 634.68 654.26 688.45 727.76 763.61 810.69 837.07 857.01 871.46 888.32 901.96 913.60 936.10 919.42 893.09 884.46 892.07 881.34 874.19 894.69 959.61 1007.07 1059.53 1117.59 1154.14 1197.36 1285.19 1305.53 1298.59 1337.18 1388.48 1427.15 1470.01
1981.52 1887.06 1797.46 1830.63 1863.81 1928.74 1823.66 1551.79 1710.69 2174.04 1854.58 1768.80 1518.66 1228.80 1069.18 991.57 895.42 772.63 737.22 657.56 683.25 700.33 721.93 728.47 749.18 737.67 752.40 834.40 867.12 853.38 810.40 769.20 689.10 672.21 553.43 571.82 591.69 642.77 662.95 675.39 702.18 720.00 782.30 820.69 844.20 858.25 870.63 890.14 903.55 888.56 882.63 876.26 876.05 872.18 857.97 863.18 885.62 948.66 982.47 1035.04 1115.16 1177.17 1210.59 1209.02 1230.15 1227.21 1249.48 1303.25 1374.83 1484.80
1776.96 1733.94 1717.87 1642.25 1681.51 1743.06 1857.66 1750.31 1557.63 1925.00 1965.26 1773.01 1314.68 1385.19 1044.58 971.33 896.04 809.80 764.15 752.73 730.44 731.59 741.34 759.23 791.21 859.99 874.74 911.55 925.21 886.84 783.55 744.32 730.99 626.76 590.45 600.07 640.67 653.82 684.97 696.00 716.60 740.66 775.88 795.53 803.83 862.28 886.29 903.93 895.30 890.67 878.12 865.11 865.84 861.07 848.35 855.30 897.38 950.61 978.89 1028.93 1094.65 1157.96 1131.42 1145.90 1169.29 1163.09 1193.84 1228.07 1319.19 1386.11
1689.14 1621.42 1462.56 1461.82 1661.69 1806.83 1980.22 2182.19 2132.33 1991.93 2043.26 1836.53 1509.60 1279.89 1086.44 942.06 849.94 818.81 780.46 798.16 777.91 763.28 766.85 835.54 929.92 978.39 964.84 991.34 1000.63 943.05 826.05 717.08 718.01 673.16 643.58 670.29 692.45 720.09 744.76 763.10 783.63 786.90 835.85 841.21 840.87 889.20 926.74 921.69 902.08 896.50 872.84 851.40 836.87 849.48 842.28 866.48 918.99 945.85 974.51 1022.75 1085.93 1102.51 1092.21 1136.31 1141.19 1171.94 1182.33 1196.82 1263.41 1284.85
1535.09 1379.87 1421.37 1470.46 1555.50 1647.86 1894.38 2222.55 2189.64 2031.93 1966.04 1876.82 1592.55 1428.73 1145.08 929.01 848.14 806.42 801.64 801.86 796.38 800.99 809.00 901.93 1021.20 1072.43 1049.29 1020.90 1109.32 1041.85 863.56 753.69 720.25 697.28 693.42 715.36 741.05 768.80 796.14 818.96 835.47 853.04 898.75 929.59 909.77 926.60 963.40 952.07 915.82 900.32 864.74 829.69 832.64 870.06 879.33 909.34 938.61 973.70 1002.74 1052.94 1090.69 1104.17 1112.86 1148.47 1188.37 1202.32 1186.22 1201.91 1236.89 1266.03
1301.16 1423.16 1439.24 1509.30 1535.09 1576.97 1589.40 1824.99 2002.96 1791.64 1612.14 1605.81 1420.59 1270.54 1033.22 984.86 880.52 837.89 814.44 815.39 827.43 804.90 827.39 921.00 934.96 970.07 983.80 954.19 1001.59 960.93 840.53 763.13 694.29 727.72 727.82 758.04 793.34 844.00 867.02 905.31 909.90 924.80 944.74 1011.88 979.66 964.85 948.81 957.83 924.18 918.55 870.62 851.12 892.97 917.06 928.33 972.85 985.23 1026.52 1071.00 1126.97 1184.06 1183.36 1227.19 1212.67 1203.42 1201.65 1230.10 1229.99 1243.85 1242.21
1278.73 1417.57 1549.48 1595.25 1549.95 1578.72 1528.19 1574.41 1675.84 1600.99 1510.60 1363.63 1316.85 1148.65 985.42 926.17 908.66 886.98 871.84 837.32 839.48 818.79 840.65 874.20 937.22 951.21 890.94 891.96 876.35 926.27 856.64 864.95 710.50 800.43 745.15 807.42 859.62 933.17 972.66 978.82 955.20 982.89 1005.90 1043.13 1004.12 982.52 948.46 949.71 934.37 923.92 895.19 898.66 936.85 948.33 962.03 1012.60 1045.66 1091.48 1162.03 1240.35 1292.51 1293.24 1285.60 1278.43 1237.33 1232.52 1258.75 1299.07 1290.96 1288.12
1078.92 1273.53 1543.44 1580.00 1492.89 1399.12 1341.50 1429.08 1473.93 1371.79 1356.52 1281.82 1202.00 1130.63 960.44 872.21 886.09 893.24 901.44 870.77 870.11 849.32 835.93 846.39 849.84 891.22 819.07 772.55 848.86 902.04 860.46 857.64 783.51 770.28 772.48 833.82 921.92 1040.97 1115.77 1068.14 1005.46 988.63 993.27 986.57 988.17 967.80 952.98 953.05 944.65 930.69 946.92 933.18 969.45 988.88 1015.55 1051.26 1089.34 1154.13 1237.61 1317.14 1351.40 1357.38 1343.28 1294.97 1271.98 1288.26 1277.01 1275.34 1260.24 1269.99
992.10 1115.59 1282.96 1341.47 1396.02 1325.16 1221.23 1248.83 1229.66 1111.42 1123.08 1188.71 1190.49 1110.39 1046.80 928.21 910.60 885.55 887.91 902.87 870.31 848.25 822.39 856.37 862.82 887.42 812.11 719.74 840.07 836.28 816.02 867.08 856.31 786.57 786.96 838.79 938.25 1092.12 1139.75 1081.72 1046.22 1020.05 1005.18 954.57 966.82 953.35 936.97 946.65 960.06 965.52 980.43 982.24 1035.28 1096.98 1117.45 1139.04 1192.55 1257.22 1323.90 1379.93 1464.98 1484.43 1407.41 1356.79 1320.12 1282.63 1252.11 1258.69 1273.25 1291.68
937.67 1002.36 1095.38 1137.59 1163.37 1132.66 1078.85 1030.90 1006.63 907.34 1057.08 1197.86 1224.94 1171.68 1099.21 964.28 910.95 863.60 877.73 874.45 816.54 818.78 824.97 857.97 872.67 862.40 794.96 810.69 816.93 825.95 852.81 874.05 854.46 833.21 833.62 862.81 935.16 992.72 1026.26 1047.59 1021.94 1026.54 1016.79 960.86 999.34 969.04 926.09 929.80 982.69 1014.02 1021.90 1025.32 1072.71 1152.23 1191.43 1242.80 1283.32 1390.13 1447.21 1500.58 1636.76 1691.84 1500.83 1400.53 1378.80 1322.90 1275.31 1307.88 1343.56 1348.26
842.04 915.74 948.81 964.64 973.29 995.73 969.92 956.90 966.57 961.63 1101.46 1240.76 1268.19 1280.12 1156.92 1009.56 902.02 857.98 864.60 857.54 799.86 818.38 793.33 831.11 824.57 818.19 792.48 777.37 783.22 840.00 895.06 895.29 852.60 811.75 818.60 882.16 913.51 946.62 987.76 1008.06 1016.76 1027.88 1035.05 976.46 996.30 991.34 971.14 994.83 1043.72 1052.93 1055.54 1056.74 1121.70 1186.67 1236.85 1288.51 1355.55 1477.08 1515.66 1581.38 1664.90 1640.55 1516.24 1455.53 1408.12 1366.32 1353.11 1398.06 1423.05 1449.78
759.27 801.44 848.99 866.37 900.17 881.87 841.64 852.03 899.83 952.48 1114.02 1229.53 1247.54 1257.05 1137.82 1037.67 910.05 868.96 848.83 873.41 819.56 817.35 839.75 823.53 825.55 803.21 791.61 751.35 782.21 809.08 828.73 854.11 815.62 797.48 821.14 865.01 885.62 885.15 929.55 958.46 975.18 975.07 973.32 987.24 980.94 1025.97 1043.50 1053.15 1111.35 1086.58 1091.91 1101.61 1160.32 1226.68 1273.52 1318.77 1349.06 1417.03 1494.98 1550.88 1565.16 1548.40 1500.31 1463.68 1436.48 1374.39 1391.71 1412.15 1475.00 1546.00
742.73 715.86 732.17 745.32 725.90 781.24 714.18 771.14 861.85 959.36 1161.61 1232.98 1244.29 1224.66 1139.50 1024.77 950.88 897.31 878.46 896.74 831.04 818.74 854.16 885.36 828.41 782.29 775.89 774.07 771.05 803.68 804.28 791.36 781.15 810.11 818.51 849.02 865.93 837.97 869.85 899.06 954.20 1005.06 988.59 934.39 959.88 1064.28 1050.79 1131.25 1189.99 1144.55 1137.01 1163.42 1202.51 1270.32 1305.82 1302.90 1301.27 1323.89 1386.57 1456.48 1466.14 1492.22 1465.15 1452.33 1423.59 1388.62 1435.94 1442.43 1518.93 1568.26
718.52 696.07 698.85 665.08 634.44 663.83 660.45 759.20 791.83 939.30 1162.32 1209.74 1226.83 1253.36 1190.43 1071.03 1013.32 973.62 932.42 917.12 853.30 850.01 878.72 896.06 871.80 781.58 738.06 736.06 754.38 789.69 782.83 790.29 777.90 797.58 830.27 836.12 816.75 847.99 856.14 850.72 899.99 947.82 933.66 924.47 964.74 1052.57 1055.31 1110.73 1175.77 1166.91 1174.81 1224.04 1275.94 1283.81 1277.07 1273.84 1256.01 1200.96 1268.35 1345.54 1366.46 1424.05 1436.38 1447.32 1411.75 1396.53 1418.75 1470.56 1541.80 1625.49
622.34 605.43 697.11 620.48 522.53 500.75 572.93 703.40 789.42 962.98 1152.93 1187.19 1179.06 1168.78 1138.38 1100.15 1053.35 1022.10 993.16 945.08 889.68 873.60 880.11 861.74 831.20 861.24 757.61 804.68 760.80 785.08 792.25 781.05 782.28 801.24 815.70 879.86 826.88 835.10 856.67 842.67 849.79 910.79 929.20 953.55 972.01 994.88 1019.02 1092.67 1130.81 1144.65 1199.71 1286.13 1347.71 1310.71 1286.43 1246.31 1208.43 1144.53 1183.39 1250.25 1315.86 1372.27 1420.80 1416.43 1408.73 1397.83 1443.98 1505.21 1558.82 1619.89
