arc/python_arcpy/Precipitation/APHRO_MA_025deg_1992.txt
ncols	360 
nrows	280 
xllcorner	60.125 
yllcorner	-14.875 
cellsize	0.25 
NODATA_value	-99.9 
[rows 0 to 30 of 280, columns 140 to 209 of 360]
484.65 509.05 498.46 444.54 450.47 446.35 444.32 436.46 435.74 435.70 445.15 437.23 428.65 440.93 426.08 397.91 383.74 379.66 371.00 366.82 360.11 354.25 346.51 339.06 328.55 305.79 286.86 271.47 266.48 262.03 257.10 253.24 241.17 238.83 237.45 237.13 241.92 243.57 251.72 254.51 259.18 255.45 250.74 253.19 256.79 256.38 256.29 255.74 262.13 260.38 267.87 274.91 283.74 278.17 293.24 288.84 -99.90 -99.90 272.64 286.43 293.79 296.20 287.77 238.40 195.62 237.75 308.17 359.25 358.17 365.65
564.78 562.61 562.54 549.22 493.94 464.45 479.63 466.65 468.90 458.08 459.52 449.91 436.40 431.91 428.16 415.73 390.79 381.45 381.09 372.60 364.21 358.06 347.85 335.54 318.45 297.85 280.24 267.24 263.91 264.27 261.20 254.17 247.96 241.15 245.27 244.86 240.36 240.08 244.99 248.64 253.57 257.25 259.01 259.34 262.74 264.71 264.63 265.46 266.11 263.79 270.72 276.39 286.92 282.19 291.36 279.31 -99.90 -99.90 275.34 283.69 289.16 290.24 246.46 234.16 244.68 286.60 335.54 362.35 374.00 390.36
616.99 607.21 594.85 566.95 538.07 524.76 533.90 546.02 520.59 485.71 466.01 455.26 443.76 438.23 434.84 415.85 406.44 394.14 387.80 384.92 382.11 366.80 349.30 336.22 319.47 293.34 279.91 265.81 262.60 261.29 255.61 245.86 240.28 242.99 246.19 252.25 245.69 248.53 244.18 249.76 256.71 263.80 264.38 268.08 267.97 267.60 267.07 262.56 259.73 267.24 274.62 280.86 288.92 298.90 277.65 -99.90 -99.90 279.18 282.56 285.19 269.94 226.48 234.14 257.57 286.78 314.72 352.94 380.85 389.22 395.11
616.62 617.08 579.45 568.40 571.94 580.83 580.05 568.96 550.54 515.47 491.47 471.72 460.77 456.60 447.86 433.08 426.73 404.69 391.47 384.26 377.15 363.78 355.02 338.15 301.55 293.59 278.92 270.09 266.01 261.67 252.32 236.12 227.08 239.11 247.59 252.48 249.44 249.53 249.73 261.03 271.95 274.24 268.86 270.29 263.32 255.98 257.58 257.50 260.00 261.57 268.20 290.03 307.34 274.13 -99.90 -99.90 -99.90 276.95 292.66 298.30 257.86 245.33 260.87 285.57 318.97 346.66 354.64 389.51 387.66 384.66
617.94 583.80 566.74 554.25 561.02 522.99 538.47 557.45 542.95 520.04 493.79 472.04 453.68 450.77 448.86 455.65 444.15 420.08 399.39 388.56 368.67 360.01 365.39 359.83 334.47 315.09 288.96 283.00 284.98 274.92 259.87 245.40 231.13 240.98 250.07 255.77 249.24 256.52 262.96 278.04 285.23 276.68 273.64 257.04 252.72 253.26 256.74 254.08 251.62 242.62 258.02 277.64 275.70 -99.90 -99.90 283.00 285.91 304.87 327.19 297.60 268.57 275.81 281.88 314.20 333.04 328.23 320.50 332.31 356.54 359.87
634.72 586.25 564.92 548.81 548.24 540.39 537.48 531.06 528.72 502.16 489.41 466.05 430.48 433.92 443.72 445.07 435.07 411.10 399.20 397.56 375.14 381.54 381.07 365.27 347.49 338.09 308.64 305.63 302.02 301.79 290.50 262.89 253.34 248.58 249.03 250.35 249.07 261.53 271.47 278.85 283.76 280.83 278.99 263.57 254.87 257.87 253.59 252.13 247.90 241.73 230.24 245.27 -99.90 -99.90 278.72 298.64 307.65 332.82 347.06 301.14 300.42 304.29 313.93 325.37 316.33 304.40 306.57 309.38 325.78 329.83
636.79 606.37 573.16 549.76 518.00 531.85 521.52 503.21 472.78 471.67 472.82 469.32 468.41 466.64 455.18 446.12 423.56 411.99 409.30 419.90 425.13 406.17 387.76 375.90 361.36 339.52 321.65 324.96 326.09 322.68 308.13 282.39 265.32 262.47 266.02 264.12 267.06 270.82 284.32 290.87 293.77 293.92 285.06 265.50 257.89 259.43 256.43 251.02 233.58 212.83 220.39 -99.90 -99.90 -99.90 282.15 327.30 343.38 349.37 338.07 321.56 310.19 305.74 310.30 311.87 314.14 309.18 296.41 294.01 294.48 291.66
594.15 552.40 521.42 478.66 457.99 482.73 476.35 471.14 441.62 442.04 444.18 435.68 447.40 435.43 436.84 427.22 422.18 408.63 404.03 402.20 398.47 384.00 373.91 368.99 376.55 373.51 379.10 379.16 368.74 351.39 333.91 305.59 280.68 285.46 286.96 296.96 297.87 296.93 303.55 298.04 308.50 316.55 305.25 273.12 264.33 259.21 252.02 197.98 189.24 -99.90 -99.90 -99.90 -99.90 305.21 299.11 314.52 332.16 334.73 328.96 303.33 298.12 293.04 295.76 298.52 296.93 287.06 272.31 263.98 264.77 262.99
554.39 511.18 473.65 430.34 432.27 430.89 437.42 426.80 419.86 403.20 393.78 390.93 387.09 389.69 393.06 396.27 395.65 398.48 394.24 380.55 364.87 372.33 358.30 370.14 385.64 391.84 408.27 439.18 410.13 385.08 371.82 366.90 348.43 315.78 287.95 298.52 301.20 302.70 297.30 297.97 305.11 299.94 290.50 275.94 268.05 261.33 250.87 236.90 -99.90 -99.90 -99.90 248.68 271.57 299.64 316.45 330.68 327.31 309.48 294.62 301.07 296.63 282.31 277.12 279.91 273.79 261.48 252.61 244.58 244.29 246.93
492.67 446.96 420.43 415.93 383.61 375.71 375.74 389.20 387.58 369.52 370.41 368.81 371.44 369.83 368.26 376.16 374.58 365.98 341.19 335.19 345.73 354.18 349.46 354.40 377.37 390.54 407.13 413.96 408.05 409.33 412.77 442.00 437.91 380.56 334.55 321.23 319.82 312.77 308.81 311.42 316.31 318.63 304.61 288.79 270.53 260.56 254.20 -99.90 255.26 257.27 256.42 253.44 261.63 276.28 294.46 294.77 280.40 280.78 286.16 288.97 279.41 276.23 274.64 263.00 255.59 247.89 243.68 240.47 239.56 244.13
452.81 425.30 407.44 396.02 357.85 339.25 345.60 356.41 365.20 363.21 355.83 357.62 349.99 344.67 346.91 353.47 351.54 339.00 321.18 305.75 306.61 313.13 328.91 333.41 349.64 376.89 396.00 425.25 434.87 443.95 457.78 448.72 440.68 406.25 388.04 370.31 342.13 321.83 329.79 350.18 355.32 338.92 341.23 311.42 -99.90 273.85 261.32 257.66 269.09 268.27 267.55 255.30 267.58 274.25 276.38 269.11 273.43 281.59 275.80 262.55 262.11 262.32 259.23 247.94 243.69 242.46 240.14 237.87 234.81 235.22
410.32 400.24 391.85 363.47 345.53 340.55 334.05 334.16 326.83 324.57 323.26 306.66 310.21 320.91 318.84 329.38 337.62 326.33 315.96 303.29 296.95 289.07 308.74 331.41 348.74 374.52 394.43 432.22 454.89 465.07 467.60 469.39 455.21 441.72 447.97 429.59 429.90 389.38 402.09 417.99 406.48 356.91 359.94 -99.90 343.07 304.34 269.90 257.45 255.75 258.88 262.84 273.18 281.08 271.61 263.75 264.00 263.94 260.18 252.33 246.95 256.85 260.08 259.00 251.62 249.08 248.73 248.33 244.31 240.26 237.70
349.56 346.40 340.95 325.52 321.81 320.08 321.68 313.71 312.52 307.49 303.83 304.42 296.76 291.56 301.92 307.87 301.81 312.92 303.81 301.17 298.10 298.37 303.23 310.99 337.09 365.79 385.74 412.64 411.37 397.23 450.71 473.12 482.46 502.09 470.59 473.83 491.79 487.71 462.97 463.45 453.01 404.52 -99.90 369.05 346.17 313.94 285.55 279.71 270.40 253.81 254.94 257.01 257.53 260.22 268.38 270.98 275.55 274.96 267.08 258.95 258.69 258.38 254.54 254.47 253.97 255.92 253.12 246.71 243.44 243.13
275.55 276.84 278.57 293.21 285.51 278.15 276.38 282.91 294.56 295.28 299.58 288.80 281.67 289.07 290.87 290.08 284.16 283.06 281.58 299.04 302.17 295.47 297.21 293.41 306.66 311.20 325.72 347.75 359.24 376.19 422.85 452.38 534.38 592.76 642.14 518.53 476.32 -99.90 -99.90 539.29 614.03 509.28 436.75 409.78 362.78 329.86 282.63 254.49 245.01 237.81 245.59 251.56 256.58 258.27 266.02 271.41 278.38 277.54 272.99 270.92 271.58 269.50 266.15 268.11 262.41 259.08 256.03 255.21 252.29 254.89
249.71 253.26 258.76 259.04 255.08 249.42 244.33 243.63 248.26 244.87 258.49 260.63 256.18 265.30 279.35 282.95 270.37 244.19 240.22 280.08 301.13 282.49 286.51 300.76 326.43 339.78 372.07 403.87 437.44 445.48 453.55 484.53 592.12 668.08 728.91 727.00 677.06 618.19 560.46 595.39 593.65 491.73 404.47 365.86 331.24 303.65 252.18 236.95 232.45 234.87 242.04 256.20 261.44 269.38 281.74 294.21 291.96 284.06 282.19 276.25 277.50 282.30 279.72 270.10 263.29 260.83 259.66 259.67 255.69 250.36
234.20 236.50 247.11 252.52 250.41 243.76 237.46 230.25 237.27 239.04 250.33 240.72 277.82 284.83 287.91 289.16 262.25 234.55 230.70 267.15 285.56 277.06 282.12 299.88 321.44 331.18 343.40 386.91 416.84 422.74 446.59 476.43 526.52 563.24 549.00 583.32 577.48 582.97 554.95 540.24 439.30 383.95 354.99 319.23 287.45 242.37 208.97 216.02 219.56 226.00 235.97 249.80 260.50 267.39 279.59 283.97 284.75 288.94 292.49 294.84 293.96 291.83 281.16 281.32 275.13 268.31 260.24 246.33 244.44 247.16
228.10 235.01 240.58 243.93 254.16 244.68 244.95 240.70 246.13 248.06 253.87 255.54 274.57 294.13 312.48 296.20 253.44 239.04 269.69 289.24 292.13 280.47 290.50 304.49 307.99 305.38 316.29 343.95 363.49 375.80 392.51 410.20 447.73 456.64 445.95 448.21 453.55 484.38 464.75 431.24 380.41 336.65 293.24 261.33 247.39 226.85 219.43 220.22 221.31 231.53 240.65 251.65 253.11 259.88 267.68 275.11 285.80 297.59 298.74 296.32 292.04 290.93 292.37 285.96 284.54 272.53 265.26 263.53 262.49 260.64
223.51 224.86 230.21 248.96 251.69 256.87 265.85 257.05 247.34 248.46 249.26 259.63 271.14 281.23 290.36 292.59 263.90 287.85 311.76 304.40 296.76 291.05 298.74 301.40 294.43 291.38 294.94 307.64 341.54 376.68 380.43 368.20 385.20 388.65 389.09 414.58 411.58 401.59 367.70 323.89 285.84 254.35 250.69 244.58 235.86 234.55 235.69 230.76 229.34 229.64 231.20 241.69 254.52 267.16 279.60 289.84 295.66 299.52 301.15 297.14 291.32 290.23 294.23 294.86 293.49 288.33 285.98 279.33 273.18 265.00
184.70 201.61 218.70 240.06 249.63 259.96 266.45 262.95 258.59 255.10 257.09 259.34 266.82 273.19 273.17 268.23 268.60 279.67 301.48 308.06 294.00 299.66 286.80 275.01 283.70 289.04 296.51 298.33 352.28 378.62 384.64 381.31 381.57 386.33 371.70 344.61 336.50 328.47 314.26 297.04 277.41 272.06 259.15 254.82 253.32 254.14 248.15 245.18 249.12 253.30 258.97 267.12 282.90 287.11 288.64 291.33 299.20 310.41 312.45 314.81 316.38 310.91 309.34 309.88 309.15 299.45 297.27 295.17 287.37 276.92
177.08 186.43 211.27 229.86 238.71 247.29 257.29 262.70 267.17 264.20 266.01 259.34 262.68 271.76 266.00 261.39 261.37 265.04 274.22 278.04 279.34 279.02 271.67 279.05 277.88 278.04 296.08 330.91 326.71 319.77 344.56 365.91 391.08 396.55 390.75 368.51 329.03 311.58 295.03 293.14 284.84 273.82 261.37 264.00 264.64 262.02 255.21 254.55 250.43 260.18 274.83 284.70 286.65 295.68 307.24 311.50 321.22 325.51 335.78 346.25 357.56 336.94 323.14 331.30 327.89 326.42 323.85 314.35 293.32 273.29
171.45 179.41 187.97 204.17 214.27 223.97 237.72 251.38 256.65 268.44 270.56 267.12 265.05 265.35 267.58 260.28 261.80 263.95 267.46 269.44 276.70 280.61 269.88 265.14 265.71 287.13 321.41 326.37 314.53 306.74 274.60 302.99 325.00 355.50 385.36 374.62 348.01 318.61 292.67 280.62 269.41 269.30 280.42 281.59 275.51 274.86 270.32 266.65 270.43 272.67 280.46 288.45 298.36 318.54 333.50 336.01 329.55 333.75 341.00 350.56 354.02 351.94 344.41 348.93 346.83 342.83 329.15 315.66 298.38 263.48
177.71 185.16 185.98 189.54 202.69 215.74 234.58 237.59 246.35 252.39 260.12 267.55 271.87 272.85 266.98 264.22 258.72 263.74 260.28 264.79 270.18 278.21 284.37 281.85 290.35 308.19 309.32 288.57 308.92 291.48 266.19 273.73 291.54 347.34 358.72 352.00 324.68 289.09 283.52 290.30 288.84 288.93 277.98 272.37 276.33 274.95 276.89 274.89 281.01 289.54 291.15 305.48 315.09 332.04 356.08 355.16 350.89 356.51 352.85 359.17 350.98 353.64 357.06 357.51 356.32 346.71 343.81 348.87 316.26 262.00
204.98 202.70 194.75 209.29 222.09 239.59 241.42 243.61 248.04 257.26 264.62 264.86 266.20 274.85 276.67 274.89 269.86 272.14 268.28 277.54 279.92 275.28 273.49 281.32 275.08 281.14 284.71 286.81 286.37 282.32 293.00 284.65 291.02 281.97 307.63 316.77 301.93 301.95 316.22 300.16 286.60 289.71 277.38 273.75 277.29 276.96 280.39 283.81 290.73 294.04 309.25 322.73 331.89 346.25 358.68 378.99 370.08 363.95 362.70 355.80 361.44 359.25 356.57 352.88 346.56 348.90 344.78 339.05 301.07 260.03
189.81 196.38 201.71 221.14 232.71 237.19 236.52 243.22 252.99 262.48 273.57 277.34 285.90 292.03 293.53 285.97 275.57 275.16 279.47 275.18 275.79 274.11 268.45 280.46 289.15 286.65 296.99 302.05 292.83 281.56 310.41 297.08 294.77 326.19 327.45 324.41 299.50 289.90 293.04 278.22 272.96 275.70 279.06 274.81 278.80 280.41 283.94 290.03 296.82 304.56 315.10 334.30 344.74 350.56 349.59 359.98 361.96 354.23 353.27 346.85 350.91 346.95 344.42 341.39 338.47 343.91 350.68 321.99 291.22 259.53
172.93 187.66 208.79 242.69 255.55 251.06 246.61 249.20 253.59 260.92 272.11 293.48 325.79 332.89 301.50 282.45 282.34 271.01 269.07 263.12 264.67 267.39 269.36 272.40 273.44 280.61 284.89 282.26 278.12 283.89 290.72 296.85 316.19 321.52 310.23 308.58 300.05 287.75 273.50 269.26 271.64 275.57 277.95 276.80 283.41 278.29 276.61 288.49 305.14 310.81 321.81 335.81 344.62 344.97 353.12 357.72 361.91 352.12 341.06 337.22 329.11 332.43 324.24 324.17 324.44 327.82 319.88 301.99 268.35 246.58
180.23 196.17 206.22 240.14 260.59 258.52 247.81 244.61 249.10 257.19 266.13 280.86 309.20 318.44 288.56 269.57 265.03 256.12 257.16 258.60 260.80 261.76 272.73 273.31 261.86 251.40 267.83 264.77 266.15 263.42 264.58 282.84 287.91 286.89 285.94 302.79 279.29 276.72 274.38 273.19 269.73 273.14 271.49 272.91 278.80 274.46 278.69 285.53 302.47 322.63 329.95 344.52 357.81 351.00 352.66 343.92 347.65 345.94 332.65 321.56 310.89 305.88 299.99 300.95 301.53 301.62 295.92 275.60 254.32 237.53
173.48 189.85 198.64 208.70 224.55 237.03 239.08 241.98 247.36 248.30 252.41 258.06 262.72 263.05 257.94 256.83 253.80 244.10 239.01 239.74 249.66 253.88 258.42 267.03 241.36 242.67 269.25 269.39 276.02 267.46 264.21 278.34 289.81 290.82 296.93 290.52 280.16 275.00 272.22 271.11 270.64 276.32 277.34 276.06 273.78 271.99 275.72 285.46 310.07 340.88 349.95 346.51 353.72 344.06 334.19 328.70 332.23 331.32 314.79 305.56 296.78 284.97 284.73 284.76 283.74 281.01 272.46 254.27 235.10 217.07
158.91 178.25 188.95 194.48 211.46 223.43 228.66 227.19 233.50 235.91 235.04 236.50 235.74 233.80 234.27 229.10 226.76 222.65 222.54 220.97 225.93 242.84 255.45 248.67 240.54 260.99 263.01 261.45 272.74 263.01 254.48 258.52 270.62 270.48 264.00 257.81 245.47 250.26 262.83 267.32 266.30 272.32 278.41 268.79 264.32 273.82 272.88 288.45 314.97 347.41 349.91 341.40 335.63 326.57 316.29 319.65 314.66 310.94 301.43 287.96 283.84 282.82 279.21 274.03 268.22 260.72 251.12 234.19 206.81 190.98
140.98 156.34 170.86 181.00 182.96 196.02 201.66 205.76 215.00 216.04 217.32 213.87 213.90 215.54 211.83 209.00 206.03 206.47 213.73 218.09 224.69 231.80 240.61 230.21 242.24 249.28 252.58 246.02 252.16 241.50 231.27 237.97 236.40 238.37 240.84 239.54 236.74 234.25 241.39 248.81 247.39 258.93 253.76 253.87 258.41 254.66 248.73 269.77 287.06 330.20 336.15 324.58 316.65 303.85 301.21 301.28 298.60 293.31 283.50 277.85 272.92 269.85 265.69 258.44 248.27 228.48 213.97 199.47 188.92 178.96
116.00 126.74 145.84 165.41 172.03 177.99 179.98 184.69 185.12 186.36 188.94 184.63 194.67 201.90 192.28 189.02 193.35 198.91 203.94 205.61 204.77 213.13 220.07 231.28 244.05 260.25 258.23 238.34 235.07 228.65 227.11 231.25 228.23 228.45 236.56 235.53 237.93 237.08 244.70 244.71 245.36 264.20 258.51 251.68 246.54 246.77 246.32 254.67 269.63 280.27 290.11 284.43 278.98 275.82 283.36 283.92 271.55 265.97 252.72 241.35 237.65 236.53 228.99 217.59 204.54 198.22 193.15 184.80 175.48 170.13
110.33 123.66 136.05 148.43 163.24 168.02 169.76 173.51 173.63 169.98 163.03 160.58 157.54 158.40 157.96 168.13 177.80 185.98 184.22 188.74 195.10 206.07 214.15 226.89 243.57 271.04 261.15 236.29 228.68 218.32 211.20 213.06 215.87 218.18 220.85 229.32 235.41 246.19 252.14 242.61 239.85 248.87 247.37 243.78 244.96 244.76 249.73 251.93 253.60 259.75 266.92 256.32 250.23 247.48 247.51 249.25 237.23 224.39 222.92 220.91 218.04 207.44 202.06 196.97 193.32 188.23 183.37 178.01 172.48 166.33
