arc/python_arcpy/Precipitation/APHRO_MA_025deg_1992.txt
ncols	360 
nrows	280 
xllcorner	60.125 
yllcorner	-14.875 
cellsize	0.25 
NODATA_value	-99.9 
[rows 0 to 30 of 280, columns 0 to 69 of 360]
408.96 391.06 386.64 390.29 392.49 393.74 393.81 384.06 380.47 385.30 385.52 387.73 360.28 364.53 367.88 371.16 373.62 391.50 377.37 357.61 355.23 358.50 363.75 377.79 380.10 363.72 359.46 353.40 347.22 350.08 351.31 349.88 348.42 341.88 346.43 351.34 367.81 350.77 333.16 320.01 313.94 310.51 302.38 292.17 289.40 295.35 288.39 286.08 292.20 300.52 309.71 311.51 314.44 327.38 322.96 319.32 317.99 312.49 315.89 323.61 328.14 336.63 349.62 359.27 363.16 353.47 340.77 345.49 355.37 362.58
373.02 357.29 378.50 385.71 389.30 390.83 371.34 358.97 356.92 364.01 372.58 379.35 348.86 348.39 345.13 350.31 352.33 351.81 346.68 344.18 345.31 348.18 354.78 365.22 358.13 350.84 351.68 339.83 338.69 342.54 346.28 348.06 349.68 343.60 348.57 353.89 352.07 345.06 337.78 329.25 322.48 313.80 305.35 301.02 294.86 290.18 288.09 289.54 289.74 292.64 301.04 303.09 302.39 300.20 299.38 303.07 302.52 306.98 319.61 327.03 328.52 330.79 331.64 335.31 342.03 339.56 333.17 331.02 335.43 337.76
381.98 381.58 388.26 382.06 370.80 369.74 358.36 362.58 368.10 364.73 368.60 371.37 363.47 350.82 346.70 347.14 344.95 346.29 340.31 336.82 344.36 346.96 346.91 348.96 347.53 344.35 339.16 326.93 327.22 335.34 342.09 341.67 342.30 343.05 345.60 346.03 347.59 341.85 337.15 332.59 327.90 320.67 311.10 307.21 298.54 291.27 286.55 286.60 289.58 290.63 296.11 300.74 297.91 293.82 296.90 301.58 304.92 313.36 326.63 339.89 334.94 328.91 332.53 333.32 340.70 340.52 332.82 324.12 325.84 330.56
386.73 368.57 370.97 362.71 359.82 360.47 366.09 375.36 376.32 374.72 370.87 376.73 362.15 356.94 352.20 349.77 355.17 355.85 348.71 344.51 345.62 347.86 349.14 350.56 353.08 348.90 344.90 339.15 338.31 339.78 341.16 342.27 343.33 345.75 343.07 344.07 345.17 344.33 340.70 335.50 329.81 319.14 308.48 302.61 294.82 291.65 291.53 290.12 288.48 289.70 292.79 298.48 289.11 285.80 285.01 299.55 306.05 315.41 327.47 339.89 335.46 332.73 335.38 338.73 336.63 330.63 318.94 311.86 309.40 307.62
370.61 366.71 375.08 374.34 374.25 382.62 389.09 388.36 387.75 398.57 375.55 368.42 369.25 365.92 358.45 356.99 355.44 355.99 353.20 345.80 346.83 350.86 351.69 351.76 357.83 362.65 355.34 347.05 356.85 374.06 366.35 369.68 353.42 347.27 342.48 344.46 348.80 355.91 351.83 340.37 330.57 321.51 314.33 307.31 300.14 296.68 295.05 289.90 286.17 286.58 285.49 284.37 283.73 292.53 293.65 297.92 305.78 311.66 315.34 323.75 330.55 333.57 335.50 333.78 328.78 324.89 315.92 309.79 306.59 304.48
379.87 386.37 389.47 387.00 390.11 409.66 411.69 410.04 413.39 410.10 386.01 382.59 374.84 372.23 369.98 370.20 363.18 358.31 350.05 343.18 340.39 338.58 341.45 343.76 342.59 352.82 347.27 345.17 363.44 364.79 370.51 378.26 377.82 361.43 352.44 350.07 351.52 352.36 347.63 341.13 330.13 323.92 317.90 312.77 302.23 297.20 292.34 289.25 287.79 292.24 285.80 283.55 284.12 288.98 290.94 294.14 301.98 307.41 313.45 320.78 328.51 328.89 329.09 333.76 330.05 320.10 312.59 305.69 301.25 297.33
403.24 410.96 414.67 414.09 428.16 435.29 433.86 425.50 405.08 394.30 393.40 390.06 379.59 372.08 369.11 366.82 364.32 360.61 349.57 339.55 332.74 328.45 329.92 332.81 332.87 332.23 333.20 352.96 366.05 372.47 374.13 399.10 417.68 384.71 363.53 351.89 354.34 352.84 348.55 342.51 336.75 326.58 321.20 318.72 308.79 299.89 297.49 293.45 289.75 287.28 284.96 282.16 281.90 283.30 287.36 293.83 301.38 306.37 309.95 315.86 322.50 327.56 328.94 329.73 331.56 326.37 315.83 309.52 303.76 298.12
411.56 424.15 444.69 451.74 444.37 434.20 429.35 428.67 399.25 392.86 393.15 399.48 392.54 375.28 366.73 351.67 340.01 335.16 339.16 321.34 322.13 327.98 329.13 330.89 331.78 330.50 334.23 348.51 375.06 379.32 382.04 392.02 407.08 404.59 385.28 352.99 353.42 352.88 348.08 342.79 342.32 340.89 326.78 318.81 315.77 311.60 302.62 297.18 293.97 291.29 286.95 284.40 284.64 286.71 288.75 293.55 300.39 308.96 311.63 318.60 321.74 326.17 332.14 332.89 334.80 344.48 349.71 341.30 330.48 319.54
421.78 425.11 430.63 444.40 436.54 422.61 411.93 409.28 393.85 394.07 398.92 388.82 380.50 356.41 337.38 328.60 321.75 315.26 307.16 294.57 291.67 297.34 299.82 326.14 330.22 332.65 334.33 334.98 363.51 381.66 383.63 409.78 430.21 426.24 405.83 370.37 364.28 353.72 350.70 346.47 355.44 356.15 346.84 324.26 317.90 314.46 308.41 300.66 298.64 302.11 299.93 298.51 295.09 291.46 292.57 300.99 304.94 311.72 315.38 320.61 328.75 337.20 339.69 344.05 333.51 333.83 334.31 353.18 362.93 366.88
394.41 402.63 403.80 407.72 412.93 411.67 400.83 381.94 388.54 404.91 420.70 386.06 363.66 349.12 334.71 322.71 314.22 304.99 292.57 284.62 279.12 276.05 280.20 299.07 311.23 319.22 316.37 326.63 335.39 365.95 370.60 380.27 407.97 397.58 398.44 377.24 364.35 355.62 351.02 346.65 343.87 338.22 339.04 325.77 316.37 314.00 312.06 311.53 310.22 311.31 312.05 311.77 309.42 309.05 312.83 312.01 310.29 314.25 324.69 331.89 340.64 344.33 338.84 342.01 337.26 323.37 311.75 325.34 344.16 377.04
397.94 407.22 402.42 393.14 378.54 359.60 362.37 370.25 376.38 379.77 367.17 358.46 348.82 337.97 326.42 314.45 304.69 296.51 282.15 282.00 277.98 277.19 281.98 284.95 287.86 286.99 286.32 288.03 300.46 320.97 329.85 345.73 351.96 357.74 360.81 364.54 358.26 350.60 345.72 341.67 339.09 337.68 333.48 322.89 320.51 325.42 336.39 337.98 324.51 317.16 315.74 321.03 320.78 321.83 318.67 315.00 316.05 320.94 332.45 335.67 341.19 328.61 327.68 323.96 317.17 325.33 336.28 353.17 354.06 361.85
394.44 395.91 390.02 374.20 349.04 344.46 352.59 357.91 358.35 353.90 347.33 341.77 336.67 329.12 319.62 301.06 293.46 282.10 270.05 279.20 277.75 280.99 287.94 286.62 278.12 276.50 268.18 268.02 271.95 280.87 287.47 298.83 306.99 311.55 309.20 327.81 340.75 342.55 338.92 338.27 338.04 336.46 328.98 330.28 325.39 328.22 326.06 348.64 348.03 335.60 331.67 328.54 332.94 327.11 324.23 323.16 322.78 330.04 337.57 338.33 319.20 328.85 342.96 351.30 338.35 324.92 342.13 353.88 354.45 348.58
384.26 369.34 366.46 361.11 352.46 349.03 348.10 343.44 338.77 336.22 332.06 321.30 319.86 301.14 284.05 264.35 255.35 243.34 243.58 245.99 249.81 259.33 262.12 261.77 265.51 270.59 266.70 265.53 273.10 277.60 265.89 264.78 267.65 284.00 278.29 281.02 295.84 306.49 313.07 332.98 338.12 333.00 331.56 335.30 332.29 339.54 333.34 346.95 354.66 350.89 357.42 364.23 364.38 347.30 333.24 331.87 326.55 326.32 328.06 337.13 336.00 342.22 354.02 353.96 321.57 325.58 337.15 344.71 349.55 343.69
362.64 362.99 361.54 362.51 356.83 349.98 343.74 334.91 325.66 322.92 303.46 289.82 282.39 275.59 266.81 255.94 238.17 229.05 238.67 243.36 248.34 251.37 254.62 253.86 257.59 257.94 260.05 256.23 247.36 228.89 239.84 252.60 257.01 262.69 267.66 269.81 270.90 283.21 283.03 283.10 327.23 328.50 333.43 335.78 338.15 345.10 341.42 348.96 356.35 366.09 372.93 379.31 389.27 354.60 339.21 337.24 329.91 325.78 330.47 345.37 343.46 339.37 350.72 354.31 350.18 333.68 330.41 337.69 348.29 351.36
362.83 362.20 356.08 351.66 347.97 340.23 313.12 305.47 300.19 295.91 291.76 284.85 278.05 269.91 255.15 240.00 229.09 232.48 237.29 236.35 242.74 241.57 247.42 249.49 240.34 237.60 241.29 250.93 244.53 245.12 247.63 250.55 253.92 259.27 263.42 265.51 268.20 271.43 277.36 279.89 297.60 313.57 325.02 332.04 329.98 329.56 337.72 359.50 367.25 372.06 373.90 376.51 379.91 373.05 349.48 342.03 336.95 331.29 331.29 341.92 343.63 358.27 368.48 372.80 373.06 363.81 339.99 334.60 338.53 340.44
361.13 353.00 342.31 331.41 317.40 302.04 292.89 288.72 278.23 270.35 267.17 279.73 254.04 230.55 218.37 215.53 214.65 213.03 213.84 217.95 219.88 226.78 236.70 246.21 233.21 232.36 233.97 243.77 235.04 248.48 258.76 256.67 256.27 260.16 259.42 260.68 261.54 270.43 275.99 279.53 285.61 292.47 291.69 320.50 326.81 335.65 355.51 369.95 376.67 377.64 379.99 380.28 379.63 376.53 366.25 348.40 341.44 334.99 331.66 340.03 347.49 356.38 366.68 373.67 375.34 378.19 356.38 341.38 333.95 334.98
348.14 314.98 296.54 286.20 279.58 267.49 257.45 251.04 244.45 242.24 239.16 232.81 220.91 213.04 208.74 206.22 203.17 202.77 206.06 210.99 208.80 212.31 218.91 225.03 236.93 232.08 231.30 233.48 237.14 245.36 256.92 263.44 258.70 255.22 249.86 254.79 251.99 261.07 265.25 265.16 264.82 271.39 280.69 293.55 309.20 322.83 338.81 342.33 354.68 359.26 359.74 357.27 373.21 366.29 359.88 349.63 343.95 335.02 326.34 328.53 339.38 347.17 369.22 366.92 362.55 364.61 370.58 367.86 338.36 327.34
299.13 286.54 282.31 275.80 265.62 253.14 247.67 244.28 239.64 235.29 222.59 212.09 207.39 202.96 197.35 196.60 195.70 193.31 192.73 191.50 191.74 200.46 212.39 247.62 266.57 246.12 227.35 227.18 227.29 233.94 237.96 238.72 239.77 231.33 227.88 231.13 233.92 237.32 244.58 248.63 252.92 264.04 268.68 275.07 284.72 301.63 336.60 342.83 345.84 344.98 342.53 342.08 347.16 336.36 327.67 358.13 359.85 352.20 341.98 333.66 351.01 368.01 376.60 368.71 354.67 345.16 344.79 326.31 311.53 307.40
290.68 296.06 285.38 269.11 251.65 241.38 236.19 231.60 228.57 222.22 209.36 201.74 196.84 191.19 185.62 183.07 182.19 182.05 180.84 173.42 177.07 187.18 199.50 223.93 239.72 232.39 235.29 250.23 237.19 224.46 228.32 231.90 236.49 232.51 230.85 233.63 234.44 236.50 238.89 241.46 243.30 245.60 255.12 276.90 281.90 286.90 299.81 327.32 337.65 344.59 350.01 344.54 343.81 338.28 338.71 352.83 357.24 353.51 354.39 356.73 359.26 370.67 375.86 377.90 375.19 364.29 337.50 325.19 305.73 296.78
289.08 280.17 267.52 254.90 245.77 234.52 227.59 223.40 216.63 208.66 199.72 191.54 185.86 178.56 172.57 171.11 171.00 171.43 171.37 166.46 159.91 169.35 183.52 192.94 202.76 215.31 228.70 254.13 245.13 225.74 226.15 234.36 236.97 234.39 231.28 232.11 236.59 238.26 238.33 239.56 242.13 244.91 248.03 254.42 278.41 290.31 297.78 313.85 331.69 337.79 360.76 350.64 350.22 346.02 340.57 339.87 351.92 357.83 360.12 362.61 362.30 358.86 367.50 370.56 371.76 365.02 353.08 362.31 360.38 302.30
275.85 265.25 254.07 241.54 234.05 224.28 215.19 211.79 207.41 204.54 194.59 180.17 172.13 161.87 155.99 159.90 163.03 167.81 166.77 165.75 165.00 167.16 173.89 178.79 184.67 195.04 207.86 219.40 222.34 219.80 223.53 229.37 231.38 230.46 226.95 228.21 232.45 233.31 234.24 234.63 235.26 239.39 243.86 247.31 261.86 301.06 297.55 334.70 327.38 327.90 334.90 352.08 357.17 354.16 347.07 341.30 324.39 319.59 343.95 361.40 361.79 358.46 354.76 353.51 353.50 359.70 352.60 349.04 333.41 308.61
251.36 249.89 241.46 230.91 223.84 215.38 202.15 198.65 198.90 195.46 186.95 173.46 164.88 148.73 139.28 147.08 156.47 163.82 163.93 164.78 164.87 163.51 163.68 164.22 164.34 177.31 198.23 215.29 207.50 209.35 213.44 218.37 221.06 220.22 221.21 222.04 225.42 228.67 226.70 225.80 227.50 231.03 239.65 255.22 295.91 335.73 364.45 377.81 317.27 323.86 321.97 327.96 345.98 348.27 347.18 341.46 329.31 319.38 314.88 318.99 337.94 354.23 358.20 346.24 326.53 309.24 307.67 302.11 281.71 267.46
239.38 238.00 232.24 224.68 217.80 210.97 201.64 195.32 191.56 190.52 185.74 170.45 158.52 149.29 144.15 145.62 148.71 153.14 154.89 156.35 158.11 158.65 159.36 160.54 161.73 173.63 192.09 192.66 200.15 197.56 199.57 205.52 209.75 210.31 211.70 211.66 218.59 223.07 221.49 221.24 224.27 227.82 249.71 267.95 308.89 334.33 348.01 344.99 350.77 352.90 337.80 321.68 322.25 339.23 341.38 336.91 329.74 317.61 311.50 313.59 316.55 325.86 328.66 310.97 305.46 302.57 296.72 291.63 269.39 259.71
229.36 228.01 223.83 219.35 212.96 208.07 199.87 193.51 188.85 184.72 178.17 162.81 156.67 148.35 145.51 145.33 146.98 149.63 147.62 150.14 155.21 156.95 157.35 162.95 167.23 177.44 187.74 198.95 206.56 195.80 194.91 199.81 203.48 204.86 202.34 202.94 209.44 209.50 210.75 213.76 216.31 219.94 226.47 252.11 306.19 335.25 347.33 348.32 348.38 359.74 363.59 335.19 315.36 312.98 321.00 330.27 326.26 317.58 312.67 313.13 314.52 312.50 308.86 307.16 305.88 291.45 258.38 243.00 241.04 242.76
220.82 215.11 210.82 210.10 206.22 199.21 193.03 188.45 183.83 175.04 169.42 158.53 150.95 147.51 146.38 144.31 143.72 145.88 146.77 148.43 151.15 153.48 157.09 163.24 167.43 171.40 177.76 197.41 198.13 190.40 193.41 194.77 196.27 195.89 194.89 196.46 196.71 197.57 200.62 206.99 210.32 213.87 224.04 252.76 309.77 356.36 386.43 376.59 340.55 323.16 323.64 335.87 321.24 284.08 296.95 298.26 288.32 298.17 305.79 305.31 305.39 303.40 290.96 281.26 261.65 255.23 234.39 229.26 229.28 228.79
208.98 204.65 203.31 201.50 195.77 188.99 184.56 180.75 172.26 165.75 161.12 151.07 144.77 142.30 141.34 140.61 141.10 145.30 147.32 147.11 149.39 153.73 157.23 162.69 167.70 172.14 175.31 188.72 197.96 184.36 185.18 183.80 182.55 182.47 183.54 186.48 188.06 189.84 194.74 197.32 203.27 207.21 209.27 221.87 240.76 278.29 287.40 349.95 305.55 292.92 295.15 305.66 296.49 274.83 276.88 269.21 259.23 250.94 246.48 246.37 251.60 263.51 235.90 230.38 231.26 225.62 221.38 222.47 223.24 215.69
196.56 194.32 194.08 191.55 187.78 184.66 179.35 178.40 172.79 162.18 155.52 148.51 143.88 141.33 141.15 140.04 137.57 137.58 140.85 145.12 146.14 151.97 157.22 160.93 163.57 167.21 166.81 166.48 168.98 176.75 177.60 176.87 173.82 171.34 172.79 178.52 184.32 182.11 181.94 187.42 193.61 201.79 206.54 212.45 218.75 244.05 259.41 271.02 258.93 261.17 254.28 254.79 259.13 255.07 252.36 250.12 245.66 229.85 223.25 218.66 217.47 216.39 211.35 202.29 202.73 200.61 196.24 200.14 194.49 189.71
180.30 180.03 179.08 179.88 179.11 177.82 173.39 171.10 165.82 157.84 151.99 145.41 142.12 141.69 140.66 137.20 135.04 133.50 137.30 144.52 147.76 149.20 151.32 153.75 157.72 161.95 166.16 167.71 168.29 170.14 172.70 169.43 167.84 167.06 167.69 167.63 167.71 168.93 174.91 180.82 188.67 198.02 204.49 212.93 224.17 243.06 243.21 233.56 239.12 248.53 241.71 234.16 236.66 234.13 228.73 220.97 214.11 207.59 202.66 202.42 202.88 195.38 190.36 183.23 179.14 183.03 184.08 183.94 182.84 181.53
169.08 166.89 166.44 165.77 165.56 165.08 162.44 157.95 152.70 149.44 145.77 142.45 140.31 139.43 136.76 132.46 131.61 132.23 132.87 134.05 138.41 139.09 142.08 146.22 152.29 159.97 171.81 176.18 169.77 166.01 167.55 167.00 163.08 164.29 164.32 162.51 161.97 163.23 167.51 173.57 176.37 185.44 192.21 201.20 214.85 232.89 246.02 237.70 241.28 234.69 231.39 227.04 224.49 220.62 210.43 205.33 199.11 196.39 190.33 189.11 186.31 179.11 174.82 169.20 164.98 163.48 169.78 173.42 175.60 175.86
157.55 157.69 157.31 156.28 154.72 149.91 148.72 146.85 145.85 144.79 141.22 136.65 131.82 130.61 129.98 129.42 127.63 128.00 129.87 130.44 132.51 133.17 133.55 136.69 142.48 148.96 156.38 159.67 157.38 155.58 154.60 153.32 154.39 155.53 155.46 155.82 158.01 160.31 164.20 167.44 170.96 176.47 186.27 194.36 203.73 213.18 220.52 224.45 225.67 222.64 221.92 218.55 215.18 207.97 196.15 189.01 184.66 181.58 179.65 176.59 168.63 164.95 163.91 161.19 158.23 157.64 157.28 160.01 164.71 168.40
150.31 149.28 147.76 147.66 145.69 143.49 142.60 138.28 135.87 134.46 132.82 129.98 128.00 127.97 127.20 126.91 125.02 125.75 129.02 131.46 130.48 129.19 131.89 135.78 138.37 140.66 143.37 145.96 146.07 144.91 145.01 144.63 144.86 146.37 147.68 150.07 152.90 156.17 160.22 162.96 165.16 169.81 178.78 190.68 193.64 198.06 202.88 205.04 206.81 203.55 198.80 192.86 187.39 177.51 173.24 170.16 166.49 163.80 159.51 153.15 149.70 145.89 142.78 141.23 145.29 149.10 149.97 149.16 147.52 146.21
