arc/python_arcpy/Precipitation/APHRO_MA_025deg_2005.txt
ncols	360 
nrows	280 
xllcorner	60.125 
yllcorner	-14.875 
cellsize	0.25 
NODATA_value	-99.9 
[rows 62 to 92 of 280, columns 70 to 139 of 360]
130.02 131.03 124.51 112.18 106.50 104.24 98.19 99.85 102.22 101.45 99.41 98.87 90.84 87.62 84.61 80.65 78.46 77.07 75.37 72.29 69.44 68.60 67.10 65.52 64.23 63.92 62.87 57.48 59.63 61.26 62.66 63.39 64.16 64.64 65.52 66.99 68.65 70.88 73.45 76.27 80.52 83.53 84.82 83.98 81.73 78.62 76.56 72.43 67.75 62.01 55.02 50.60 49.71 49.49 49.87 51.26 48.92 46.66 46.08 45.00 39.19 40.21 38.55 36.86 41.54 46.19 44.64 45.14 49.99 52.45
128.80 128.44 123.62 116.10 107.40 105.34 98.25 100.45 100.70 99.91 100.34 98.09 88.18 80.08 78.52 75.48 72.82 72.40 73.21 68.17 67.52 66.24 64.22 61.18 56.24 57.06 56.20 57.71 58.38 59.28 61.29 62.11 62.98 64.04 65.21 66.40 68.32 70.89 73.80 77.42 82.97 89.75 99.49 94.87 86.76 80.49 74.60 70.82 64.76 55.01 46.81 40.10 42.87 45.37 45.50 44.41 43.65 40.36 37.97 36.81 34.98 34.10 33.00 33.90 36.69 43.73 39.81 43.69 48.91 53.64
124.83 122.91 120.47 118.17 107.99 106.06 99.03 98.33 100.10 95.23 90.48 86.79 84.53 78.52 76.27 74.65 72.05 71.02 66.26 63.78 63.74 65.32 61.77 58.50 53.75 54.19 56.06 57.36 56.89 57.72 58.90 60.51 61.42 62.65 64.22 66.03 67.94 70.35 73.01 76.61 81.72 88.14 97.89 93.29 75.75 62.32 56.26 51.67 45.78 39.74 37.48 37.64 47.15 46.48 44.83 43.00 42.41 41.81 37.78 36.48 33.78 31.08 27.21 25.38 33.00 38.72 42.33 45.89 48.53 55.46
116.50 113.47 111.48 112.65 107.90 106.46 101.25 98.65 93.80 89.20 88.26 85.60 82.85 76.52 75.16 74.18 73.02 69.55 64.86 63.59 62.23 63.58 60.58 57.19 55.91 56.02 56.81 57.06 55.80 56.21 56.28 56.86 58.81 60.92 62.93 65.09 67.38 69.29 71.24 74.54 78.34 81.18 78.47 66.41 53.11 50.43 47.17 43.75 40.92 39.24 40.27 44.15 48.58 45.16 44.10 42.82 41.19 41.67 39.58 37.49 34.31 31.96 29.27 29.09 34.59 40.03 45.58 49.60 56.06 63.84
111.57 112.36 110.66 110.21 107.59 104.12 102.30 92.88 90.03 88.98 87.77 83.76 80.13 75.59 74.37 73.13 71.90 67.76 65.22 63.61 62.35 61.50 61.09 58.48 57.44 57.51 57.77 56.94 55.49 55.10 54.37 53.43 54.35 57.90 61.63 64.40 66.92 69.08 69.94 71.81 71.87 66.34 58.90 50.92 48.64 48.42 45.83 44.68 38.11 37.67 42.71 47.64 45.85 45.96 44.82 42.29 40.69 40.40 39.51 37.96 35.84 35.04 34.66 35.86 38.26 41.19 44.32 49.75 64.06 68.17
113.65 114.45 113.14 108.18 101.15 103.86 98.09 91.64 89.55 88.28 87.09 81.77 77.81 75.54 74.23 72.97 71.39 66.26 64.89 63.73 62.54 61.36 60.46 59.38 59.20 59.13 58.70 57.00 55.62 54.81 53.43 50.28 50.09 56.24 60.02 63.46 65.39 66.78 68.33 69.57 70.14 65.39 49.51 44.90 43.47 41.00 40.05 39.00 40.48 39.25 43.00 45.31 45.67 48.44 47.88 45.37 44.72 43.65 39.13 38.04 37.81 38.16 38.54 39.33 41.02 45.15 47.95 53.99 59.05 67.25
115.09 115.10 111.75 101.56 99.61 97.77 94.60 90.48 89.38 88.14 86.85 81.53 78.17 75.49 74.09 72.77 69.83 66.08 64.97 63.87 62.76 61.65 60.61 60.50 60.44 60.00 59.57 58.73 56.64 55.76 54.65 53.36 53.61 56.24 58.41 58.87 64.29 65.54 66.05 63.72 68.81 58.85 40.69 40.73 41.75 40.91 59.96 79.74 78.38 72.95 76.61 65.34 60.44 53.27 49.62 51.40 50.24 49.10 46.72 42.97 41.81 40.91 43.16 46.64 49.31 50.94 54.47 59.29 64.78 69.98
118.39 115.85 106.32 103.95 99.73 97.54 93.41 90.91 89.69 88.40 86.59 80.32 78.39 76.12 73.94 72.53 68.02 66.01 65.01 64.10 63.09 61.98 60.92 60.89 61.09 60.75 60.29 59.63 57.52 56.64 55.92 55.54 56.04 56.70 57.07 60.43 60.56 62.92 61.80 63.62 55.70 43.15 41.31 43.10 66.59 88.40 90.81 82.76 84.77 84.36 86.54 90.51 96.47 87.79 75.06 63.03 55.70 50.25 49.39 47.79 46.96 46.47 49.84 51.39 52.39 54.70 57.52 60.90 65.16 70.76
110.88 104.78 100.81 99.68 98.23 94.65 92.44 91.61 90.59 89.48 85.06 80.15 78.22 76.63 74.14 71.54 66.90 65.67 64.97 64.54 63.75 62.34 61.17 60.95 61.45 61.00 60.26 59.72 57.97 57.95 57.99 58.41 57.87 57.73 58.63 61.11 64.06 62.81 66.16 65.18 45.64 37.88 38.50 65.36 108.85 97.12 89.62 85.45 80.64 77.59 87.76 96.05 97.32 97.52 97.75 90.79 84.01 63.56 51.71 48.67 48.49 47.45 47.72 51.43 53.81 55.59 57.97 61.81 66.02 70.85
104.74 103.05 98.59 97.77 96.40 91.98 91.25 91.26 91.47 90.81 83.54 79.99 78.09 76.47 74.73 69.98 66.16 64.82 64.78 65.25 65.57 62.93 61.38 60.94 61.34 61.10 60.95 60.87 59.83 59.62 59.10 59.01 59.93 61.02 61.09 61.13 62.68 63.23 66.00 67.56 63.87 63.87 51.82 90.46 103.27 102.01 97.30 92.13 92.16 90.96 87.06 91.02 96.06 104.89 105.35 97.53 87.35 77.04 65.31 51.77 50.59 48.89 48.85 51.69 53.90 55.89 58.35 61.26 66.49 74.15
122.66 125.04 112.20 101.37 94.33 89.36 89.20 88.93 89.21 86.70 82.24 79.91 78.14 76.41 74.68 70.10 65.40 63.96 64.68 65.39 65.45 63.59 62.21 62.01 62.05 62.08 62.22 61.33 61.82 68.16 75.18 80.16 78.46 78.93 79.27 85.51 85.60 83.11 127.07 130.38 120.56 116.04 114.30 110.65 107.83 109.50 107.71 106.34 100.35 97.23 93.79 99.96 102.11 99.17 94.87 94.71 92.78 90.01 83.16 75.62 62.95 56.28 55.25 53.77 49.82 55.41 59.45 62.42 65.41 69.69
149.80 150.05 128.74 120.66 104.86 86.48 88.06 87.56 86.81 85.87 84.78 79.22 76.83 76.20 73.81 70.93 67.47 65.65 66.00 66.34 64.73 64.14 63.00 62.69 64.72 73.30 79.48 86.42 90.22 89.44 88.87 90.38 91.22 90.88 91.29 91.71 96.85 113.60 127.18 128.50 132.50 124.50 124.36 121.29 119.79 127.51 128.91 130.77 123.99 119.34 122.91 133.72 152.09 154.06 144.55 115.15 92.20 87.26 90.28 88.28 82.61 87.72 76.05 56.21 54.80 56.51 59.39 61.57 61.90 64.48
160.91 151.86 135.10 128.66 135.46 114.66 93.85 89.22 85.29 86.60 84.91 72.85 73.16 74.30 72.91 70.86 68.56 67.22 63.87 63.18 64.04 72.08 80.52 88.00 91.10 91.76 92.44 91.43 90.99 90.78 90.81 91.38 92.32 93.27 93.55 95.89 123.65 125.92 126.01 128.88 137.84 144.04 140.50 136.44 138.01 136.58 143.16 153.35 166.53 169.36 161.87 161.43 160.33 160.38 158.92 148.66 138.00 138.63 117.08 111.85 110.87 112.11 105.49 90.10 76.86 67.13 62.91 67.04 63.95 61.93
159.47 161.47 161.55 151.62 146.37 131.88 132.19 98.69 74.27 81.21 74.94 72.50 73.59 73.15 69.51 67.77 64.95 63.56 67.89 73.34 75.69 76.73 77.66 79.27 88.07 89.81 86.29 86.67 89.72 93.78 94.12 94.69 95.06 95.02 94.95 109.04 127.16 128.82 129.73 131.11 139.89 146.98 147.30 145.79 139.33 142.86 181.42 186.01 173.17 182.67 193.21 189.64 181.85 190.24 197.64 177.59 188.88 193.15 168.97 146.92 165.96 177.57 173.30 160.44 146.11 128.81 113.05 109.59 93.38 96.49
156.42 155.74 162.25 170.96 168.67 161.37 114.83 110.18 103.40 85.17 70.75 70.34 66.33 64.87 58.75 56.92 61.82 74.16 74.94 75.91 78.47 78.88 79.57 79.51 79.44 79.76 79.37 79.69 80.67 85.68 94.05 95.15 95.08 95.80 95.54 120.05 127.48 128.29 131.94 135.73 139.62 140.83 161.39 185.70 180.03 191.28 206.17 213.61 209.08 209.75 224.62 208.44 210.38 221.62 210.91 219.14 218.60 212.75 193.55 195.16 211.47 217.32 211.31 195.30 186.83 158.42 132.85 137.91 133.13 129.34
157.34 157.87 157.20 169.57 162.02 120.86 106.42 105.43 107.09 102.63 93.58 66.17 64.61 64.16 61.78 66.92 75.94 77.64 75.60 79.85 79.08 79.71 80.30 79.76 78.65 78.33 78.81 79.28 80.08 80.68 81.83 90.58 98.31 109.50 133.81 140.55 134.33 136.86 137.84 140.39 143.54 146.00 174.14 177.76 189.64 231.69 242.15 243.30 250.43 249.47 247.85 250.99 242.41 229.04 233.26 241.11 239.42 237.79 238.03 233.17 237.36 228.25 228.08 233.61 246.16 245.93 245.07 240.27 226.52 224.32
157.79 158.88 156.86 153.09 127.87 125.70 111.82 102.69 103.14 102.55 98.28 85.98 66.38 67.19 77.93 76.65 78.30 77.50 80.27 79.85 78.93 78.50 78.94 79.12 79.61 79.55 79.57 79.64 79.87 80.87 88.51 101.24 137.90 174.19 189.23 191.89 188.08 168.86 156.88 147.81 143.69 163.96 182.14 198.31 234.99 253.25 259.51 263.93 266.97 258.91 256.22 257.94 259.98 266.18 261.86 269.68 272.70 272.36 287.62 290.96 293.66 299.41 286.57 272.28 268.33 272.34 289.92 297.84 292.58 290.49
160.00 158.04 143.45 123.29 116.63 118.90 117.48 112.92 102.66 97.05 97.87 88.37 79.42 79.82 78.89 77.28 76.43 77.98 78.41 79.84 78.88 78.82 79.24 80.60 81.53 84.69 82.30 83.79 92.56 104.62 113.72 115.45 152.42 186.64 191.90 194.06 196.71 201.31 206.40 199.89 209.27 230.51 244.98 253.17 271.88 271.34 274.25 276.09 284.43 283.03 282.97 294.46 300.29 310.85 320.72 321.16 324.21 323.40 315.31 320.63 325.88 333.52 337.71 323.67 319.11 313.94 307.88 305.44 309.05 313.86
162.99 144.85 125.79 119.25 117.18 115.92 116.17 118.07 115.23 108.07 92.39 80.09 79.10 81.00 81.16 78.49 77.03 76.96 77.54 79.47 80.65 79.97 82.37 90.17 93.08 94.58 100.92 112.38 117.17 117.48 119.67 121.91 170.67 193.16 193.68 197.77 204.09 212.59 221.89 235.86 246.88 259.71 270.28 280.19 286.68 288.45 299.80 306.30 318.29 319.67 318.19 320.65 326.31 336.56 343.26 343.04 342.86 346.76 348.66 345.73 344.36 344.01 344.04 346.80 350.74 359.79 358.85 348.95 353.89 344.32
143.31 125.89 116.97 121.95 115.88 115.41 113.49 116.92 114.91 112.01 101.28 81.45 82.55 83.13 82.82 83.75 84.41 82.51 81.85 86.23 82.39 88.03 94.43 95.94 99.14 101.79 116.24 116.64 120.11 121.69 124.53 143.47 175.74 197.65 202.72 208.52 215.20 222.47 232.75 252.48 257.72 277.89 287.55 290.02 291.32 295.19 310.16 323.91 332.42 333.78 334.46 335.45 338.49 346.04 352.33 354.48 356.27 358.71 360.61 367.00 368.96 376.67 378.99 370.83 368.78 368.63 377.40 377.80 380.56 381.57
126.83 126.18 118.25 119.23 111.80 111.96 113.13 110.40 104.74 103.80 86.63 81.95 81.64 84.09 85.00 85.31 86.13 87.61 87.96 88.69 93.16 99.29 100.73 100.76 99.18 110.39 116.10 116.85 121.97 121.93 155.34 164.35 182.78 204.23 211.27 216.76 223.19 230.57 240.77 254.54 262.31 284.05 290.62 294.18 301.26 302.10 313.54 332.74 344.03 348.48 350.45 353.09 355.20 355.02 359.33 361.75 370.08 375.99 379.19 387.73 391.05 397.00 401.54 402.72 409.81 398.32 404.05 411.73 418.21 453.82
137.28 122.09 115.47 114.75 113.36 109.37 108.83 111.53 83.77 85.28 79.77 79.25 78.54 81.88 83.92 83.91 84.38 88.22 95.92 90.60 94.17 101.64 102.66 104.61 107.43 110.76 124.72 128.74 127.55 127.27 152.80 169.24 181.72 190.73 203.53 216.04 224.76 226.57 244.89 258.85 277.77 284.38 290.73 295.41 303.75 319.07 326.53 342.61 354.97 357.63 362.89 366.61 372.24 375.27 380.14 389.20 392.64 400.64 407.83 411.30 416.02 420.16 420.68 422.67 425.32 438.38 444.15 451.80 478.57 491.19
123.90 122.05 116.41 114.77 112.90 105.96 108.45 97.93 78.87 75.79 74.71 75.96 79.25 80.06 82.50 83.87 84.36 87.53 87.19 91.82 92.56 95.03 97.70 104.05 113.40 125.15 128.72 129.65 131.12 132.08 153.92 172.21 183.37 191.58 198.59 208.62 217.73 228.18 255.37 279.16 286.75 289.55 293.50 295.70 304.84 320.08 335.15 352.52 359.18 363.88 374.70 379.67 384.29 388.21 391.77 401.48 406.88 416.97 423.24 425.85 430.11 435.23 436.49 438.68 453.31 483.09 492.27 498.83 505.07 523.82
121.35 117.71 117.96 114.57 105.89 111.67 108.65 89.49 73.25 74.55 77.25 76.59 77.66 79.24 81.32 82.62 86.41 88.49 89.75 96.87 99.81 103.02 107.22 109.99 112.17 115.99 125.47 130.08 131.58 133.45 149.58 166.52 184.18 196.44 203.80 213.32 247.82 267.37 272.56 278.84 284.02 289.24 294.50 301.67 311.70 320.46 337.06 353.74 362.80 367.42 382.15 389.96 394.45 400.26 405.97 410.18 414.70 425.46 433.79 440.30 446.95 452.89 458.56 466.47 487.25 495.42 504.53 515.52 530.49 544.25
210.98 213.65 215.12 209.14 161.89 128.82 103.99 79.67 73.25 70.98 74.29 75.27 78.75 81.24 92.61 101.59 113.34 116.35 110.01 108.76 103.52 101.36 108.40 113.14 121.45 123.14 131.17 132.63 132.55 131.22 137.33 165.15 173.98 198.10 205.40 221.06 254.34 273.55 277.10 280.93 289.03 294.28 299.24 309.11 320.27 331.17 341.14 354.93 365.23 372.84 383.06 395.36 401.66 410.25 414.68 419.63 424.28 432.93 440.60 448.03 457.28 466.74 496.41 497.84 503.53 510.69 522.25 533.00 546.09 550.19
285.09 262.65 232.64 232.77 157.18 128.62 91.91 74.87 68.93 70.19 70.08 76.27 84.77 91.47 97.78 111.80 120.27 122.62 128.07 130.37 131.11 129.66 134.93 137.72 136.89 136.58 135.95 135.60 135.40 130.91 130.25 160.71 166.44 183.99 192.49 204.27 246.03 261.58 273.13 282.70 294.11 301.63 307.57 317.65 327.92 335.79 350.94 358.72 369.72 377.37 387.27 399.29 410.00 419.34 425.29 428.78 433.04 438.33 449.78 458.14 465.66 495.81 512.00 515.01 521.28 529.18 540.24 553.63 560.16 562.29
262.52 270.70 236.77 241.49 180.73 138.14 84.23 67.34 63.31 63.12 73.87 89.56 94.33 92.13 103.54 117.65 120.88 126.56 128.95 133.12 134.03 134.38 137.59 139.59 140.33 139.43 138.81 139.68 139.80 134.93 143.90 162.11 173.26 181.55 192.17 206.26 247.10 259.60 268.77 276.20 283.63 294.91 307.43 324.37 333.87 344.63 356.68 362.45 368.65 383.65 392.26 407.25 418.50 428.46 438.00 443.06 444.77 450.58 468.42 500.93 510.35 515.17 527.24 535.12 539.44 546.92 558.84 563.74 563.68 559.79
233.37 229.00 214.35 248.52 204.35 90.57 94.38 81.26 64.78 58.01 59.03 86.83 91.28 101.20 113.73 119.11 125.46 129.55 132.59 135.37 136.95 140.17 141.75 144.90 145.12 142.41 145.03 149.17 148.70 149.67 151.97 157.55 174.60 178.60 186.24 209.15 244.88 259.66 260.41 274.74 286.21 292.61 305.70 319.31 339.83 353.91 362.25 367.99 374.45 380.30 393.50 410.89 425.22 442.02 455.72 457.31 455.65 458.87 487.96 507.77 517.08 525.00 535.89 550.48 566.26 572.14 578.42 564.43 565.83 566.93
294.52 268.46 294.87 259.30 186.51 130.90 98.69 99.10 88.48 80.52 80.27 95.40 101.64 112.96 121.66 120.16 128.32 133.18 137.57 135.40 136.04 144.87 143.35 148.35 151.84 148.03 155.44 161.28 158.15 158.04 156.36 156.72 169.80 177.57 181.81 206.93 241.20 258.79 260.04 265.81 277.04 298.27 313.83 324.32 332.28 347.99 367.89 376.19 382.53 389.99 394.26 410.99 438.21 454.52 481.07 466.60 464.78 476.56 508.50 521.76 535.07 548.76 568.37 580.31 588.62 595.01 586.98 574.23 570.04 573.44
438.83 319.44 312.69 263.62 219.12 184.21 114.11 114.77 136.19 115.66 119.23 114.66 111.06 122.01 126.28 128.69 132.71 140.74 136.76 137.13 141.66 145.64 146.01 155.00 162.22 159.10 160.63 168.65 164.46 161.63 161.41 157.90 161.27 176.23 182.74 201.11 243.58 252.81 258.03 265.86 276.11 289.52 315.65 327.89 331.32 336.61 355.89 370.72 379.59 390.61 401.41 410.48 441.21 464.60 474.31 476.98 476.02 487.20 522.46 537.99 549.83 565.02 575.97 590.01 601.06 595.22 595.97 597.20 581.82 579.73
558.54 391.59 318.23 251.10 275.16 235.80 185.25 190.73 191.91 179.75 165.13 165.70 124.44 126.61 131.19 131.39 137.46 141.71 138.36 138.92 150.14 153.71 162.87 166.83 163.86 161.64 157.99 159.13 162.60 161.61 160.78 157.33 159.94 168.03 181.75 199.75 236.28 255.45 262.31 269.98 284.29 294.47 308.55 327.65 335.89 342.52 353.38 371.14 380.14 390.62 398.78 405.86 419.99 447.43 478.34 489.08 487.40 483.91 505.62 524.13 546.88 568.85 581.74 584.09 617.43 631.05 608.26 610.08 577.06 561.92
