arc/python_arcpy/Precipitation/APHRO_MA_025deg_1999.txt
ncols	360 
nrows	280 
xllcorner	60.125 
yllcorner	-14.875 
cellsize	0.25 
NODATA_value	-99.9 
[rows 93 to 123 of 280, columns 70 to 139 of 360]
994.32 709.56 343.29 287.93 254.63 269.71 332.88 350.65 334.38 372.96 297.53 249.96 214.62 183.96 182.64 180.87 167.67 152.62 132.39 134.42 130.89 128.86 126.85 120.85 124.87 132.92 140.63 140.61 148.80 152.94 166.42 173.31 175.94 190.45 207.26 216.46 254.61 269.88 296.76 304.35 315.13 366.21 382.71 387.35 401.11 402.15 405.11 399.91 394.07 383.23 382.45 390.40 393.98 406.02 428.78 451.63 471.58 463.51 465.35 491.60 509.46 543.25 558.06 553.50 572.05 584.33 585.57 599.84 598.69 570.69
731.78 522.33 334.02 300.85 292.84 287.53 401.43 467.77 579.03 567.83 434.81 294.68 263.48 209.27 186.32 172.31 149.08 142.20 121.91 122.71 130.18 132.16 130.44 135.50 138.51 146.01 155.18 157.87 158.00 169.74 179.10 183.14 182.24 194.86 207.80 221.64 259.14 259.72 294.72 296.56 323.83 364.41 370.86 366.10 393.29 395.52 393.47 383.81 381.17 368.51 371.37 394.40 402.73 410.60 423.41 451.42 472.37 476.57 474.26 498.34 513.33 542.24 555.92 561.91 574.21 577.05 591.84 602.63 605.51 584.76
545.17 527.90 431.60 377.65 380.06 479.49 529.44 598.74 739.09 641.12 606.38 441.07 344.63 301.52 222.60 145.46 135.38 136.14 135.40 127.27 127.67 130.44 139.15 146.37 149.57 160.43 162.84 158.96 168.26 174.25 184.91 191.58 187.69 201.12 209.36 239.50 264.00 282.93 309.24 321.50 349.05 356.19 365.18 381.19 371.57 385.19 398.70 391.52 394.81 392.31 385.94 395.28 402.15 409.29 421.55 431.84 458.75 479.65 495.84 497.94 512.71 540.83 560.52 571.53 577.41 590.32 598.63 603.73 606.10 605.51
728.58 772.53 854.46 721.42 658.53 689.75 685.93 867.71 885.94 750.41 601.53 469.00 376.38 298.97 175.58 158.04 144.33 144.95 143.27 150.18 150.56 146.63 165.92 159.98 191.22 171.34 163.33 172.22 176.19 183.86 189.26 193.04 192.13 204.62 210.07 246.93 278.79 296.05 319.14 331.11 351.34 361.17 374.37 373.58 374.40 390.85 389.36 396.42 404.79 410.92 408.75 412.09 410.98 420.28 426.97 420.78 452.70 465.19 479.78 493.23 517.40 548.53 581.79 600.29 586.78 598.51 605.45 591.52 591.69 574.38
1277.77 1296.04 1198.86 1112.67 890.90 980.58 1203.35 1108.80 1047.54 1017.63 706.75 534.23 284.02 232.93 170.60 117.94 143.81 157.06 169.00 185.50 191.15 200.34 243.42 255.10 214.06 178.82 175.57 179.23 178.32 188.98 192.59 189.18 192.37 208.57 220.04 241.67 309.70 297.24 331.75 344.64 350.27 354.02 364.37 368.97 388.86 397.77 392.84 383.09 391.66 400.22 415.43 430.12 426.20 426.01 459.84 446.38 469.30 462.44 477.18 495.57 519.43 551.91 587.44 622.27 586.29 593.25 599.05 599.56 580.70 579.98
1318.58 1550.42 1750.36 1161.22 864.53 963.81 1172.21 1158.28 1204.64 1090.40 1268.89 963.32 489.25 252.63 196.35 105.51 172.55 188.49 195.93 230.04 285.45 363.73 390.94 297.19 231.67 217.63 217.97 217.60 214.06 209.92 212.88 211.30 213.97 227.07 236.75 273.05 326.69 336.41 330.07 335.80 342.32 351.03 365.96 371.42 385.65 383.84 396.45 390.05 391.12 400.04 408.46 402.53 408.74 447.28 480.15 446.04 467.84 470.76 474.23 484.66 501.52 526.56 548.62 570.66 575.97 589.47 623.35 626.52 638.89 633.97
907.33 1013.64 1220.11 1173.79 945.89 900.83 1126.22 1192.83 1249.86 1423.71 2017.83 2233.68 1252.59 625.25 251.93 270.51 359.25 418.92 378.75 472.57 516.20 520.15 441.54 271.86 227.68 227.77 237.82 238.54 234.22 240.52 244.04 274.42 246.36 253.61 265.22 300.66 308.61 329.77 330.20 347.66 361.37 357.84 367.22 378.57 391.57 397.80 408.70 396.96 394.63 398.82 388.77 405.25 422.85 403.55 414.22 436.46 450.92 470.02 467.51 466.51 482.59 502.43 523.97 529.95 552.77 576.66 584.49 592.48 604.39 662.75
641.35 616.16 650.07 895.56 1036.20 1018.80 1092.24 1050.05 1148.45 1462.10 1981.71 2022.44 1634.58 1183.09 633.57 566.18 609.35 717.67 770.74 687.31 595.90 521.86 419.70 251.42 231.66 233.06 244.97 251.86 243.29 253.58 271.30 286.27 260.57 267.04 289.54 321.57 308.03 319.12 330.02 349.78 375.47 376.86 375.06 385.67 402.02 432.25 468.89 426.76 401.72 393.77 399.65 421.45 396.91 396.90 409.88 438.32 470.04 476.45 439.47 445.84 462.82 479.43 486.40 517.21 543.33 576.85 576.57 563.93 579.59 618.43
484.02 490.50 470.48 502.59 860.13 992.57 1124.32 1169.57 1027.39 1125.82 1347.62 1301.07 1342.04 1569.84 1455.29 1243.05 861.04 647.27 663.63 652.29 634.31 515.79 334.40 235.20 212.58 233.23 248.47 259.98 257.97 272.89 312.92 320.89 284.83 314.91 319.77 348.71 328.56 321.97 326.59 337.60 379.56 365.36 392.35 401.72 425.52 450.46 541.22 441.85 430.51 404.31 399.02 390.36 364.25 377.88 371.12 387.65 386.59 391.15 408.33 418.47 427.18 441.13 449.42 463.60 467.36 511.13 560.52 593.70 555.44 588.43
442.77 470.92 505.71 582.98 703.21 828.33 1040.34 1404.14 1255.91 945.01 960.13 968.11 965.41 1416.02 1765.60 1521.37 860.10 538.52 611.43 739.73 598.33 534.28 383.83 288.71 228.19 229.03 238.60 265.24 281.10 308.25 340.13 383.32 417.28 391.00 354.61 345.34 334.27 345.87 366.55 384.42 414.16 434.45 453.47 450.03 480.33 524.95 516.11 472.53 423.73 384.12 407.64 376.15 386.73 396.60 370.49 373.21 352.51 346.67 369.01 385.25 405.34 416.04 408.67 430.26 454.71 488.21 540.98 605.25 596.57 620.38
413.81 482.68 540.40 636.95 703.63 783.83 915.37 1256.55 1431.69 1287.45 1285.12 1268.99 1188.95 1158.64 1308.66 1200.06 1015.69 718.93 834.48 947.40 747.48 669.28 506.60 355.86 239.71 215.08 237.95 278.92 308.16 370.96 463.81 580.04 583.52 444.69 376.07 355.76 341.12 354.61 353.42 377.45 443.31 449.56 448.87 469.59 486.69 497.15 460.95 416.90 371.84 369.39 360.85 359.76 356.47 343.49 343.83 346.31 332.06 326.43 343.33 373.42 431.15 424.53 428.39 439.72 467.95 524.71 571.33 636.35 680.76 1057.13
425.18 487.32 524.90 633.00 747.12 829.36 872.63 993.58 1112.20 1208.83 1278.71 1408.65 1612.33 1488.61 1348.92 1168.51 1212.97 1080.52 1246.39 1519.40 1038.26 684.73 836.89 742.43 334.03 310.89 391.22 388.24 502.86 668.70 706.94 760.30 658.05 531.09 392.12 398.17 337.52 335.28 338.35 344.34 374.16 426.99 412.75 411.60 424.17 415.52 413.61 386.64 353.39 347.12 345.56 346.48 338.33 330.92 335.94 326.55 322.23 320.93 328.30 337.11 356.45 381.37 387.79 406.10 417.86 468.68 630.61 747.65 1171.33 1627.61
432.32 489.94 571.79 607.19 656.69 766.34 868.80 921.82 979.71 1097.43 1141.30 1332.39 1437.86 1417.95 1640.87 1613.58 1460.61 1296.55 1500.22 1702.34 1604.39 1249.55 1468.85 1601.54 1061.99 940.20 909.96 865.49 938.58 876.94 804.88 822.96 709.41 589.42 466.21 386.74 382.46 373.10 401.99 428.28 448.19 472.05 450.06 396.82 420.55 417.08 407.09 383.40 358.94 347.94 347.46 338.46 312.88 311.85 322.88 324.47 326.20 325.60 324.01 322.08 332.04 358.74 386.49 440.94 521.48 584.74 863.07 1053.70 1439.24 1501.14
444.37 480.47 578.77 651.96 710.64 801.32 861.19 945.37 1022.03 1096.07 1013.70 1062.93 1096.75 1085.64 1250.23 1489.15 1686.17 1519.01 1220.63 1314.61 1573.85 1570.39 2113.67 1781.14 2430.18 3341.99 2159.76 1962.72 1098.92 1447.06 881.57 876.15 669.14 633.33 569.58 409.29 399.40 422.39 448.94 478.66 469.71 529.56 479.52 473.37 444.78 421.86 415.80 393.70 368.73 354.48 381.13 350.77 322.77 313.62 340.31 356.65 337.40 335.23 329.73 314.24 323.02 369.35 484.26 713.62 926.98 1163.63 1375.78 1059.37 1924.75 1900.24
429.44 470.48 552.02 653.87 725.56 778.48 841.66 893.44 917.63 961.97 934.92 894.05 933.99 958.52 1109.48 1348.34 1350.46 1386.96 1486.09 1534.76 1455.90 1421.83 1680.70 1935.88 2226.59 3075.26 3272.23 2523.25 2337.70 2337.44 2056.02 1542.76 1502.57 985.18 682.89 596.18 484.43 449.65 489.78 657.32 543.36 631.87 597.59 524.86 528.56 457.10 437.54 434.85 417.61 459.89 488.26 420.89 370.61 320.85 395.92 379.95 369.19 369.30 349.49 342.78 344.04 411.59 905.33 1461.01 1616.18 1500.77 2091.54 1802.19 2288.98 2182.18
455.13 481.86 570.71 646.29 692.72 709.94 766.58 799.85 828.03 796.76 782.29 764.96 805.94 960.54 1085.49 1249.85 1287.09 1329.34 1457.54 1601.62 1519.91 1400.44 1485.28 1471.26 1612.04 2057.57 2096.18 1793.75 1862.17 2351.87 2608.94 2540.06 2595.48 2464.15 1551.06 888.68 805.45 722.04 766.71 1555.12 873.91 833.10 715.72 588.54 659.10 514.24 476.45 469.40 537.07 560.37 662.26 483.53 413.14 368.26 645.20 494.71 463.22 444.38 383.38 373.84 439.73 774.88 1466.31 1684.39 1844.43 2022.60 2061.47 2356.27 2253.51 2298.79
531.24 618.54 638.01 659.14 659.86 676.88 719.98 772.18 791.47 779.77 731.28 733.16 766.25 852.77 993.65 1124.72 1206.09 1184.64 1266.44 1387.33 1461.33 1452.57 1578.07 1758.46 1822.24 2196.57 2430.83 2166.10 2114.13 2214.87 2274.93 1812.57 1492.48 1728.43 1839.69 1468.10 1626.80 1563.39 2228.92 2842.92 1421.91 1580.16 900.13 1275.16 1347.81 639.25 573.13 730.59 671.78 1359.68 1139.28 981.91 663.87 481.78 820.39 768.51 845.90 628.43 509.25 602.08 1064.79 1824.30 2001.15 1519.14 1879.99 1854.80 2213.38 2577.94 2470.73 2227.83
582.11 642.24 731.63 721.04 730.44 769.42 775.18 773.17 802.80 729.39 691.68 707.34 699.96 730.33 845.89 910.18 985.71 1028.42 1051.62 1092.18 1171.39 1235.27 1333.94 1504.02 1575.74 1699.01 1671.40 1630.61 1719.70 2058.87 2385.81 2281.12 1889.57 1600.53 1381.24 1472.98 1756.54 2107.43 2312.33 2114.04 1983.65 2150.13 1690.80 2103.59 1999.56 897.30 926.70 1274.81 1189.55 1394.16 1505.51 1084.65 891.15 560.65 694.85 754.89 971.72 577.74 767.91 1244.63 1746.90 2206.34 2097.27 1636.45 2096.30 2322.78 2900.01 2953.56 2458.80 2222.85
656.44 657.26 774.14 810.80 801.86 799.69 804.32 762.18 768.48 701.46 678.95 728.31 702.91 682.48 722.03 757.01 841.54 953.37 909.88 908.96 988.05 1045.79 1160.53 1248.05 1186.18 1192.63 1132.70 1256.41 1229.00 1438.57 1628.76 1680.15 2073.75 1906.27 1669.78 1457.04 1391.38 1461.90 1415.21 1412.42 1293.48 1730.41 2193.27 2507.07 2484.47 2536.56 2040.28 2115.25 2185.16 2096.07 1985.69 1518.47 1724.35 1278.79 1241.57 1402.49 1148.92 1092.67 1357.75 1526.12 2273.71 2369.29 2136.97 2212.18 2553.00 2539.25 2568.68 2376.92 2168.82 2044.50
623.68 655.41 687.36 758.31 835.33 839.08 828.74 797.60 794.70 752.77 736.71 714.43 641.50 657.24 659.84 726.82 830.46 923.18 918.47 906.25 929.11 915.41 974.81 1018.44 975.48 1005.76 964.59 947.07 1190.32 1326.47 1405.95 1557.95 1589.19 1549.39 1744.17 1632.44 1503.93 1493.63 1717.08 1364.67 1443.79 2061.26 2864.95 3177.59 3230.46 3315.82 3200.60 3481.07 3216.74 2831.00 2878.76 3427.84 3024.67 2587.91 2692.80 2504.29 2162.37 2170.21 2199.05 2165.49 2164.87 2308.46 2370.34 2306.56 2115.95 1938.79 1845.80 1865.07 1941.50 1996.33
569.27 595.64 673.26 733.21 800.27 805.70 841.30 821.02 785.42 724.06 667.15 634.38 608.83 630.98 663.63 738.56 801.88 889.87 963.15 900.45 900.67 877.85 891.81 941.31 956.00 983.53 944.78 865.22 982.27 1177.99 1262.27 1404.55 1399.80 1496.99 1433.84 1512.98 1607.41 1590.71 1777.67 1889.38 2328.77 2707.51 2775.05 3178.30 3411.91 3253.24 3105.35 3590.72 4282.62 3986.96 3496.94 3239.02 3135.19 2752.00 2573.08 2283.85 2036.17 1912.89 1727.56 1786.65 1784.35 1957.75 2136.52 2085.41 1770.66 1631.85 1583.80 1616.62 1730.20 1878.40
562.15 653.90 722.68 764.97 804.05 750.29 785.91 813.79 808.77 756.15 684.72 671.26 669.80 653.91 700.40 754.40 801.78 938.15 1042.52 980.51 896.24 907.99 928.26 992.17 1035.00 1046.12 1003.31 878.26 944.52 1065.08 1184.24 1188.57 1307.31 1381.63 1123.61 1325.06 1533.59 1349.95 1437.62 1703.53 2006.42 2347.65 2566.03 2813.18 3057.44 2912.44 2810.69 3244.90 3802.56 3658.26 3269.04 3016.11 2772.94 2242.17 1837.74 1877.44 1752.57 1597.55 1496.29 1501.82 1575.60 1748.93 1910.16 1883.09 1664.66 1455.85 1463.68 1570.53 1667.58 1741.22
607.86 725.34 787.65 828.82 843.42 830.41 848.52 881.34 919.96 849.52 786.57 830.83 836.97 743.24 742.80 814.79 885.20 1021.06 1095.89 1112.41 1000.13 1016.50 1021.43 1079.63 1109.83 946.16 918.30 889.14 889.93 918.93 912.83 980.94 1240.07 1182.23 953.34 1200.25 1392.01 1127.56 1251.07 1572.72 1799.98 2058.13 2245.23 2381.86 2587.09 2624.47 2739.77 2964.52 3137.78 2962.49 2767.59 2647.67 2563.22 1981.41 1683.09 1829.91 1774.60 1698.18 1464.37 1453.00 1456.88 1589.95 1843.62 1751.16 1624.65 1481.99 1470.14 1560.77 1616.94 1717.96
622.18 662.33 738.37 846.05 899.50 951.22 1005.73 996.68 903.06 829.09 772.97 811.78 865.03 822.83 854.00 889.17 940.74 1029.95 1078.47 1096.12 1004.91 984.83 974.67 1102.60 1069.25 903.89 816.24 797.44 765.81 750.00 784.95 938.09 1145.11 1183.54 946.66 1013.34 1263.85 1368.31 1511.82 1699.13 1750.92 1955.04 2091.06 2306.02 2350.60 2491.15 2622.31 2729.73 2767.61 2651.30 2629.45 2709.20 2559.62 2463.41 2553.72 2584.71 2740.60 2358.41 2007.73 1699.20 1478.07 1371.22 1402.44 1419.59 1379.22 1457.07 1568.78 1551.88 1573.46 1637.24
629.28 597.74 664.02 815.53 942.72 1036.82 1083.84 1114.05 997.53 846.63 794.09 845.21 878.42 841.31 884.72 885.44 967.51 1087.30 1119.78 1090.21 1052.95 1014.36 960.21 978.37 923.55 897.66 831.19 770.72 700.94 717.75 783.35 787.80 1001.44 1131.14 1042.49 1175.43 1447.44 1537.91 1768.60 1860.67 1783.80 1958.70 2053.75 2198.85 2335.37 2399.64 2368.92 2373.65 2447.89 2478.26 2786.76 3265.28 2978.03 4057.48 6247.59 6108.82 4668.79 2954.41 2773.55 2161.44 1785.56 1499.28 1304.37 1328.36 1396.40 1574.65 1628.92 1545.94 1509.81 1549.95
692.75 642.94 662.72 826.17 950.12 1049.80 1065.41 1132.23 1107.83 1045.83 1048.52 1155.02 969.80 907.60 916.63 910.63 994.78 1096.50 1072.70 1068.08 1065.97 1044.38 1030.39 910.68 889.85 831.86 838.97 896.96 769.12 704.28 719.33 784.83 991.75 1095.01 1094.22 1318.69 1513.60 1646.25 1831.55 1953.64 1880.38 1875.64 2076.56 2154.20 2182.93 2215.01 2107.96 2091.77 2122.71 2212.94 2403.12 2869.34 3301.88 3930.03 5808.79 8106.61 8080.62 4752.51 3645.54 2626.75 2166.91 1950.47 1485.00 1620.04 1661.87 1518.53 1357.20 1356.76 1358.52 1431.43
727.19 723.88 765.80 858.22 954.63 1097.08 1218.50 1378.67 1299.72 1199.36 1228.83 1207.25 1038.98 975.02 956.74 996.27 1041.96 983.39 1011.49 1056.05 1118.48 1103.23 1028.71 875.51 812.64 871.13 894.67 937.93 813.45 735.22 777.29 830.64 978.33 1013.26 989.02 992.75 1193.39 1421.03 1603.60 1736.53 1696.53 1765.50 2007.82 2059.79 1971.84 1962.02 1921.72 1873.33 1867.31 1921.77 1985.95 2090.43 2544.01 3034.67 3464.02 4087.24 4620.79 3941.65 3463.03 3005.15 2708.25 2399.23 2087.93 1919.60 1734.51 1482.99 1279.60 1277.57 1282.93 1431.89
726.88 749.34 848.26 947.50 1052.82 1193.56 1285.64 1384.40 1357.29 1247.04 1325.36 1240.79 1044.81 918.02 935.02 1038.81 1084.84 1008.90 1041.10 1047.85 1160.13 1129.67 1086.28 933.94 921.52 1008.67 980.08 956.72 883.74 924.95 960.39 989.39 1078.34 1095.92 1140.91 1123.04 1093.97 1236.25 1562.87 1759.36 1704.38 1759.69 1818.78 1814.61 1725.85 1717.91 1676.36 1588.36 1630.90 1685.28 1768.64 1851.17 2169.24 2576.00 2881.85 3240.63 3314.96 3107.90 3016.87 2816.43 2725.57 2724.82 2581.18 2009.76 1786.39 1410.20 1282.89 1253.65 1307.66 1565.53
779.54 785.37 905.86 1077.41 1214.40 1269.09 1268.63 1427.07 1378.03 1315.69 1298.75 1133.72 957.16 912.02 1004.48 1117.47 1119.69 1049.04 1022.71 1006.80 1139.43 1227.89 1266.06 1115.95 1118.44 1158.86 1082.61 1026.19 1024.19 1068.49 1034.66 1101.46 1171.19 1167.01 1410.86 1640.84 1505.21 1513.36 1843.72 2216.03 2133.17 1915.94 1768.77 1756.56 1675.33 1615.18 1556.97 1505.10 1484.36 1535.23 1634.09 1755.44 1811.41 1980.20 2105.37 2314.94 2359.65 2423.70 2427.73 2407.14 2497.57 2631.10 2530.49 1964.67 1761.52 1441.42 1548.75 1572.98 1690.92 1697.99
907.00 926.70 989.04 1239.89 1396.07 1371.17 1346.14 1400.94 1324.97 1243.67 1179.34 1026.50 918.77 937.83 1067.81 1187.69 1177.37 1138.62 1056.41 1034.96 1105.70 1175.58 1171.97 1110.30 1040.38 1019.73 941.48 836.63 990.02 1152.21 1171.63 1280.78 1329.73 1382.01 1615.75 1750.18 1562.90 1578.90 1920.70 2374.04 2426.12 2130.57 1875.36 1738.06 1705.87 1622.28 1543.66 1476.35 1473.92 1484.10 1566.86 1685.56 1762.16 1748.87 1783.89 1806.97 1909.32 1990.87 2098.70 2145.59 2086.40 2251.02 2272.77 2010.13 1822.24 1893.86 1999.86 1987.67 1774.69 1691.29
1074.42 1133.52 1239.85 1470.05 1560.68 1544.40 1442.36 1352.09 1232.84 1192.74 1145.99 1023.65 955.81 965.61 1068.63 1160.94 1164.91 1129.88 1087.34 1093.29 1146.69 1157.86 1120.58 1067.77 1039.12 991.42 838.89 749.09 980.61 1152.28 1217.54 1360.35 1451.19 1543.55 1726.89 1773.22 1615.74 1577.25 1800.37 2028.61 2090.20 2075.66 1902.58 1735.82 1668.57 1598.28 1574.25 1494.99 1499.18 1529.26 1614.43 1683.46 1707.18 1694.29 1642.82 1643.44 1644.96 1887.98 2184.16 2285.25 2204.87 2239.77 2070.03 1983.14 1777.24 1850.90 2096.85 1980.05 1735.09 1628.87
