arc/python_arcpy/Precipitation/APHRO_MA_025deg_1989.txt
ncols	360 
nrows	280 
xllcorner	60.125 
yllcorner	-14.875 
cellsize	0.25 
NODATA_value	-99.9 
[rows 62 to 92 of 280, columns 210 to 279 of 360]
434.70 434.75 456.73 471.42 463.51 442.00 419.79 413.76 404.68 395.04 377.36 382.78 393.32 393.06 369.21 341.54 317.45 282.27 276.65 292.14 314.53 333.31 347.78 363.34 385.89 401.52 407.83 423.12 -99.90 -99.90 -99.90 -99.90 -99.90 -99.90 -99.90 386.74 384.28 387.20 404.76 426.15 434.35 -99.90 461.25 -99.90 -99.90 -99.90 -99.90 -99.90 683.44 -99.90 -99.90 753.73 802.00 808.70 796.08 835.21 885.29 944.94 991.79 1071.25 1048.03 -99.90 -99.90 -99.90 -99.90 -99.90 -99.90 -99.90 -99.90 -99.90
435.85 437.00 463.70 517.56 582.24 485.96 428.37 425.80 408.28 394.25 379.07 376.51 376.53 368.21 350.71 336.97 300.34 283.35 275.44 231.90 296.93 315.38 326.13 336.68 346.56 369.24 390.72 -99.90 -99.90 -99.90 -99.90 -99.90 -99.90 -99.90 -99.90 390.29 395.91 404.14 409.98 415.14 419.80 425.31 431.48 -99.90 -99.90 -99.90 -99.90 -99.90 -99.90 -99.90 679.92 693.21 719.08 738.01 757.78 795.92 815.50 925.73 1049.46 1225.63 1198.86 1166.76 -99.90 -99.90 -99.90 -99.90 -99.90 -99.90 -99.90 -99.90
402.72 422.67 475.49 536.83 574.58 508.86 428.87 415.91 404.28 386.55 371.38 362.56 377.11 356.60 343.44 331.67 312.78 287.59 275.55 279.73 296.31 -99.90 -99.90 -99.90 -99.90 -99.90 -99.90 -99.90 -99.90 -99.90 -99.90 -99.90 -99.90 -99.90 369.07 385.52 407.66 405.09 -99.90 -99.90 -99.90 -99.90 -99.90 -99.90 -99.90 -99.90 -99.90 -99.90 -99.90 -99.90 572.27 640.01 664.84 681.32 709.96 751.01 825.66 929.56 1051.29 1170.88 1229.18 1309.04 1366.36 -99.90 -99.90 -99.90 -99.90 -99.90 -99.90 -99.90
401.93 420.51 447.28 469.94 497.50 485.05 445.47 416.38 407.53 391.10 363.20 357.96 369.86 352.24 339.47 331.29 330.86 319.76 298.98 289.31 290.37 -99.90 -99.90 -99.90 -99.90 -99.90 -99.90 -99.90 -99.90 -99.90 -99.90 -99.90 -99.90 -99.90 378.79 -99.90 -99.90 -99.90 -99.90 -99.90 -99.90 -99.90 -99.90 -99.90 -99.90 -99.90 -99.90 -99.90 -99.90 503.39 512.57 534.16 577.74 610.14 651.45 692.28 815.46 916.41 1006.96 1159.13 1251.14 1312.05 1396.06 1353.72 -99.90 -99.90 -99.90 -99.90 -99.90 -99.90
412.88 427.67 439.05 450.83 461.66 460.91 447.82 426.11 409.41 388.56 354.41 355.34 377.62 363.33 339.58 341.73 349.39 343.97 321.18 304.00 286.50 285.83 -99.90 -99.90 -99.90 -99.90 -99.90 -99.90 -99.90 -99.90 -99.90 -99.90 -99.90 364.23 -99.90 -99.90 -99.90 -99.90 -99.90 -99.90 -99.90 -99.90 -99.90 -99.90 -99.90 -99.90 -99.90 -99.90 -99.90 472.23 485.33 513.20 572.01 632.87 691.15 732.74 837.30 956.79 1023.36 1075.48 1141.23 1152.29 1189.87 1393.32 1591.72 -99.90 -99.90 -99.90 -99.90 -99.90
383.32 404.85 424.14 446.93 475.78 476.18 479.26 447.70 414.13 384.51 356.03 353.35 376.88 362.95 339.76 347.95 353.23 347.34 333.18 315.75 297.34 286.98 286.27 290.98 306.19 323.39 -99.90 -99.90 -99.90 -99.90 -99.90 -99.90 -99.90 -99.90 -99.90 -99.90 -99.90 -99.90 -99.90 -99.90 -99.90 -99.90 -99.90 -99.90 -99.90 -99.90 -99.90 -99.90 366.08 434.20 476.78 525.45 607.36 710.76 771.42 817.34 988.04 1076.43 1198.08 1234.99 1123.26 1037.28 1089.18 1331.21 1488.29 -99.90 -99.90 -99.90 -99.90 -99.90
353.88 388.06 407.94 462.75 509.55 485.65 488.81 463.09 418.86 391.33 366.70 364.01 367.12 356.07 339.39 341.97 343.50 334.15 321.42 298.58 293.70 289.31 297.64 298.98 307.88 315.26 330.69 -99.90 -99.90 -99.90 -99.90 -99.90 379.67 391.13 -99.90 -99.90 -99.90 -99.90 -99.90 -99.90 -99.90 -99.90 -99.90 -99.90 -99.90 -99.90 -99.90 -99.90 306.67 412.26 461.54 531.18 644.84 771.20 851.55 948.95 1009.93 1114.45 1322.12 1401.11 1336.08 1130.84 1048.16 1205.78 1553.61 1642.09 -99.90 -99.90 -99.90 -99.90
364.37 391.37 426.04 466.72 488.61 495.64 491.19 453.65 425.23 404.69 392.29 385.05 373.84 353.91 336.73 334.37 326.56 315.40 295.82 293.03 287.73 284.49 293.69 300.44 322.70 335.43 349.31 -99.90 -99.90 -99.90 392.64 394.23 395.35 405.82 404.79 409.20 -99.90 -99.90 558.18 -99.90 -99.90 -99.90 -99.90 -99.90 -99.90 -99.90 -99.90 -99.90 -99.90 -99.90 -99.90 588.80 658.75 -99.90 943.67 1096.11 1039.20 1121.66 1373.38 1402.38 1350.68 1290.47 1192.40 1482.28 1752.12 1795.57 1614.90 -99.90 -99.90 -99.90
414.33 431.01 460.48 488.02 502.02 503.31 480.68 446.98 431.79 426.09 422.44 409.51 375.02 356.24 361.10 350.88 320.96 299.23 289.41 281.69 276.52 282.79 294.78 305.91 321.83 343.31 355.46 -99.90 -99.90 390.08 395.32 404.42 419.79 432.32 433.75 436.95 470.32 515.19 586.91 583.64 564.29 -99.90 -99.90 -99.90 -99.90 -99.90 -99.90 -99.90 -99.90 -99.90 -99.90 -99.90 -99.90 -99.90 -99.90 986.75 1000.26 1071.46 1060.95 1283.24 1269.17 1282.44 1369.58 1488.48 1566.49 1630.66 1484.42 1435.40 -99.90 -99.90
444.07 456.72 473.15 488.12 499.77 482.98 465.72 445.67 424.80 417.96 423.56 419.06 376.94 363.52 363.17 349.61 323.14 295.89 284.53 287.35 287.42 285.34 296.11 313.44 327.58 351.17 357.81 366.74 383.71 400.25 408.80 415.35 434.12 453.86 474.62 483.04 499.34 532.22 576.51 603.23 589.87 -99.90 -99.90 -99.90 -99.90 -99.90 -99.90 -99.90 -99.90 -99.90 -99.90 -99.90 -99.90 925.26 967.60 938.08 961.91 1064.41 1152.95 1221.20 1296.77 1343.61 1403.23 1332.42 1345.15 1339.29 1364.94 1317.79 -99.90 -99.90
440.73 457.86 471.45 480.89 480.88 484.00 466.95 439.71 424.60 410.83 400.05 387.93 372.71 354.74 359.85 356.26 330.45 306.64 304.48 303.36 301.87 285.03 294.81 321.96 337.23 362.61 379.94 375.62 392.63 413.40 419.53 427.89 450.52 484.89 532.58 528.17 532.02 558.88 590.26 661.86 619.26 -99.90 -99.90 -99.90 -99.90 -99.90 -99.90 -99.90 -99.90 -99.90 -99.90 -99.90 -99.90 -99.90 976.41 912.37 1063.94 1133.66 1181.21 1174.47 1197.75 1269.03 1331.81 1346.85 1203.85 1212.05 1278.92 1251.69 -99.90 -99.90
440.55 459.77 465.21 475.28 472.47 481.22 467.75 445.96 427.11 406.50 393.94 379.65 375.97 363.43 364.59 364.70 357.06 350.88 353.61 345.82 340.90 323.29 333.90 353.91 368.48 392.18 409.90 391.21 401.12 419.44 425.28 432.34 451.96 497.88 534.42 542.31 -99.90 -99.90 -99.90 -99.90 -99.90 -99.90 -99.90 -99.90 -99.90 -99.90 -99.90 -99.90 -99.90 -99.90 -99.90 -99.90 -99.90 -99.90 962.70 970.37 1132.57 1285.38 1290.65 1216.00 1216.62 1250.47 1224.22 1055.10 1082.26 1114.10 1217.06 1210.58 -99.90 -99.90
446.18 457.19 469.83 484.74 492.58 480.21 456.11 447.53 436.99 421.52 402.72 393.11 394.42 381.03 379.90 384.69 393.02 398.91 424.53 385.28 366.68 364.55 370.31 385.41 398.11 412.68 416.95 425.61 427.92 439.10 440.70 446.49 459.57 485.01 -99.90 -99.90 -99.90 -99.90 -99.90 -99.90 -99.90 -99.90 -99.90 -99.90 -99.90 -99.90 -99.90 -99.90 -99.90 -99.90 -99.90 -99.90 -99.90 -99.90 -99.90 1049.04 1251.60 1397.94 1409.48 1404.73 1302.80 1241.21 1090.88 1051.28 1076.03 1168.53 1203.50 1189.48 -99.90 -99.90
486.13 487.18 496.20 519.36 522.30 473.71 462.49 466.22 448.31 437.48 424.53 412.70 414.42 393.55 404.24 409.35 414.04 412.98 395.16 387.63 385.66 386.20 399.63 406.40 433.41 437.37 437.77 449.72 450.81 456.19 456.44 465.21 476.36 -99.90 -99.90 -99.90 -99.90 -99.90 -99.90 -99.90 -99.90 -99.90 -99.90 -99.90 -99.90 -99.90 -99.90 -99.90 -99.90 -99.90 -99.90 -99.90 -99.90 -99.90 -99.90 -99.90 1279.54 1396.35 1452.96 1471.63 1357.22 1325.54 1224.88 1146.32 1143.89 1205.34 1220.78 1185.95 1153.80 -99.90
502.97 503.79 513.34 535.32 517.45 482.94 476.53 462.02 462.56 458.55 450.92 436.92 421.30 405.16 400.15 409.14 423.93 422.56 413.20 411.47 422.07 428.09 433.25 454.91 473.34 479.82 485.11 503.32 505.46 496.29 491.58 491.79 -99.90 -99.90 -99.90 -99.90 -99.90 -99.90 -99.90 -99.90 -99.90 -99.90 -99.90 -99.90 -99.90 -99.90 -99.90 -99.90 -99.90 -99.90 -99.90 -99.90 -99.90 -99.90 -99.90 1292.92 1304.59 1349.45 1436.03 1569.74 1590.02 1570.07 1499.13 1312.23 1259.33 1249.73 1276.35 1203.09 1192.80 -99.90
511.20 509.93 519.97 538.23 516.12 501.65 493.48 487.18 478.52 477.00 473.91 472.74 464.31 448.08 433.10 425.57 437.48 445.31 433.16 439.39 446.76 462.63 485.20 518.64 543.28 541.82 554.82 544.35 538.17 537.88 -99.90 -99.90 -99.90 -99.90 -99.90 -99.90 -99.90 -99.90 -99.90 -99.90 -99.90 -99.90 -99.90 -99.90 -99.90 -99.90 -99.90 -99.90 -99.90 -99.90 -99.90 -99.90 -99.90 -99.90 -99.90 1291.12 1311.28 1412.67 1559.00 1681.25 1831.22 1795.20 1726.56 1589.95 1531.52 1428.78 1385.88 1326.81 -99.90 -99.90
527.85 521.22 520.34 507.43 499.89 504.30 510.33 512.52 513.35 514.22 513.22 509.84 504.39 497.68 490.30 483.22 479.15 479.81 469.57 475.53 479.71 512.14 543.88 557.94 575.48 585.23 580.54 574.69 568.48 -99.90 -99.90 -99.90 -99.90 -99.90 -99.90 -99.90 -99.90 -99.90 -99.90 -99.90 -99.90 -99.90 -99.90 -99.90 -99.90 -99.90 -99.90 -99.90 -99.90 -99.90 -99.90 -99.90 -99.90 -99.90 1273.24 1288.45 1344.67 1511.37 1697.15 1827.08 2008.43 1920.28 1851.75 1747.21 1628.28 1490.90 1419.46 1366.90 -99.90 -99.90
521.42 513.53 515.32 518.66 525.64 539.62 550.17 555.52 550.68 549.10 549.50 558.46 560.89 553.12 546.91 532.44 521.97 518.44 517.29 515.22 527.63 563.24 586.35 595.04 615.04 630.80 638.74 629.47 -99.90 -99.90 -99.90 -99.90 -99.90 -99.90 -99.90 -99.90 -99.90 -99.90 -99.90 -99.90 -99.90 -99.90 -99.90 -99.90 -99.90 -99.90 -99.90 -99.90 -99.90 -99.90 -99.90 -99.90 -99.90 -99.90 1231.81 1254.46 1306.19 1481.54 1767.84 1909.49 1892.98 1819.50 1706.34 1727.24 1668.27 1373.80 1480.37 -99.90 -99.90 -99.90
545.22 542.43 542.36 555.60 565.79 578.37 594.74 605.56 605.10 601.20 601.51 604.38 599.97 588.82 585.83 594.85 583.42 574.30 577.49 581.80 610.37 612.22 624.89 640.39 654.40 684.53 723.46 664.98 -99.90 -99.90 -99.90 -99.90 -99.90 -99.90 -99.90 -99.90 -99.90 -99.90 -99.90 -99.90 -99.90 -99.90 -99.90 -99.90 -99.90 -99.90 -99.90 -99.90 -99.90 -99.90 -99.90 -99.90 -99.90 1322.74 1247.43 1313.43 1383.57 1528.06 1683.02 1805.76 1761.46 1850.73 1717.33 1687.13 1768.76 -99.90 -99.90 -99.90 -99.90 -99.90
584.29 597.35 619.55 610.10 610.00 619.12 635.27 648.71 644.66 645.39 642.34 637.53 622.28 627.06 633.92 655.17 631.83 624.75 620.86 647.81 651.44 649.33 649.91 654.97 646.84 662.87 672.16 595.95 584.63 -99.90 -99.90 -99.90 -99.90 -99.90 -99.90 -99.90 -99.90 -99.90 -99.90 -99.90 -99.90 -99.90 -99.90 -99.90 -99.90 -99.90 -99.90 -99.90 -99.90 -99.90 -99.90 1257.61 -99.90 1284.04 1267.64 1335.45 1451.21 1598.04 1564.55 1608.91 1666.60 1742.87 1762.01 1750.51 1746.70 -99.90 -99.90 1846.24 -99.90 -99.90
659.95 674.21 659.74 673.79 680.05 684.58 684.18 676.60 677.54 685.35 675.64 676.66 659.73 660.90 676.57 689.93 688.38 682.36 684.36 687.42 686.17 682.53 670.32 639.52 636.18 626.13 603.64 570.49 553.80 572.66 609.80 649.81 -99.90 -99.90 -99.90 -99.90 -99.90 -99.90 -99.90 -99.90 -99.90 -99.90 -99.90 -99.90 -99.90 -99.90 -99.90 -99.90 -99.90 -99.90 -99.90 -99.90 -99.90 -99.90 1259.03 1405.29 1515.74 1579.93 1580.50 1616.40 1672.55 1688.56 -99.90 -99.90 -99.90 -99.90 1908.95 1737.70 -99.90 -99.90
707.00 694.32 710.48 714.25 724.71 747.63 756.16 741.63 736.33 725.58 724.71 720.69 721.67 721.31 718.36 725.85 720.41 714.53 713.54 713.27 724.66 729.84 703.12 684.02 677.87 668.71 616.51 582.92 569.74 601.79 621.22 677.69 -99.90 -99.90 -99.90 -99.90 -99.90 -99.90 -99.90 -99.90 -99.90 -99.90 -99.90 -99.90 -99.90 -99.90 -99.90 -99.90 -99.90 -99.90 1213.22 -99.90 -99.90 -99.90 1317.66 -99.90 1463.18 1501.94 -99.90 1581.37 -99.90 -99.90 -99.90 -99.90 -99.90 -99.90 1919.61 1906.44 -99.90 -99.90
737.42 722.41 733.80 759.32 773.25 796.82 804.12 808.78 797.03 779.34 754.13 758.76 771.87 782.58 757.09 745.38 738.63 730.09 703.95 709.15 741.89 832.74 780.36 741.34 721.73 675.84 578.16 614.50 633.57 644.80 679.88 762.01 -99.90 -99.90 -99.90 -99.90 -99.90 -99.90 -99.90 -99.90 -99.90 -99.90 -99.90 -99.90 -99.90 -99.90 -99.90 -99.90 -99.90 -99.90 -99.90 -99.90 -99.90 -99.90 -99.90 1375.32 -99.90 -99.90 -99.90 -99.90 -99.90 -99.90 -99.90 -99.90 -99.90 -99.90 -99.90 -99.90 1732.74 1502.40
760.45 750.29 768.58 795.66 824.36 831.24 835.33 847.14 849.31 830.10 822.25 814.83 813.29 819.69 798.58 784.74 773.08 795.00 737.08 733.61 768.86 827.08 819.06 802.21 790.18 760.31 715.85 697.90 694.34 716.92 789.03 848.59 849.27 -99.90 -99.90 -99.90 -99.90 -99.90 -99.90 -99.90 -99.90 -99.90 -99.90 -99.90 -99.90 -99.90 -99.90 -99.90 -99.90 -99.90 -99.90 -99.90 -99.90 -99.90 -99.90 -99.90 1400.71 1511.21 -99.90 -99.90 -99.90 -99.90 -99.90 -99.90 -99.90 -99.90 -99.90 -99.90 1725.01 1545.95
785.37 804.77 823.38 852.49 880.04 886.68 866.88 858.58 860.49 882.77 884.75 867.75 855.17 868.35 858.37 845.47 844.59 841.54 802.13 793.07 818.42 834.93 842.63 834.64 857.92 835.36 817.02 795.05 788.28 821.17 870.39 899.54 907.81 -99.90 -99.90 -99.90 -99.90 -99.90 -99.90 -99.90 -99.90 -99.90 -99.90 -99.90 -99.90 -99.90 -99.90 -99.90 -99.90 -99.90 -99.90 -99.90 -99.90 -99.90 1196.20 1279.27 1599.29 1618.93 -99.90 -99.90 -99.90 -99.90 -99.90 -99.90 -99.90 -99.90 2061.83 2063.79 2063.91 1955.89
792.15 833.34 869.45 893.26 938.38 977.32 927.18 873.26 901.22 921.91 933.98 925.28 917.09 915.77 900.10 884.65 866.72 871.68 858.36 858.70 858.07 859.51 860.02 852.69 861.88 870.07 871.89 884.73 888.90 893.56 927.64 943.43 959.15 988.01 -99.90 -99.90 -99.90 -99.90 -99.90 -99.90 -99.90 -99.90 -99.90 -99.90 -99.90 -99.90 -99.90 -99.90 -99.90 -99.90 -99.90 -99.90 -99.90 -99.90 1205.28 1262.73 1491.31 -99.90 -99.90 -99.90 -99.90 -99.90 -99.90 -99.90 -99.90 -99.90 2216.43 2159.86 2073.17 2068.80
798.42 836.99 879.99 929.00 968.44 1014.46 960.11 925.19 951.58 972.31 979.91 965.17 966.64 985.23 934.30 908.68 906.83 916.46 903.75 883.24 908.65 915.26 886.64 881.49 885.15 902.23 922.32 940.77 946.73 968.95 1003.76 1049.43 1036.37 1038.45 -99.90 -99.90 -99.90 -99.90 -99.90 -99.90 -99.90 -99.90 -99.90 -99.90 -99.90 -99.90 -99.90 -99.90 -99.90 -99.90 -99.90 -99.90 -99.90 -99.90 -99.90 -99.90 -99.90 -99.90 -99.90 -99.90 -99.90 -99.90 -99.90 -99.90 2123.82 2226.43 2184.14 -99.90 1948.62 1953.46
820.01 846.73 894.40 947.71 1004.23 1025.22 1005.49 975.34 990.26 998.38 1004.72 1003.17 1007.18 1019.17 998.67 948.45 919.67 933.96 932.02 929.68 952.12 969.87 973.73 974.23 961.07 955.76 976.48 994.93 1011.50 1040.47 1042.05 1049.36 1057.78 1059.57 1067.29 -99.90 -99.90 -99.90 -99.90 -99.90 -99.90 -99.90 -99.90 -99.90 -99.90 -99.90 -99.90 -99.90 -99.90 -99.90 -99.90 -99.90 -99.90 -99.90 -99.90 -99.90 -99.90 -99.90 -99.90 -99.90 -99.90 -99.90 -99.90 -99.90 2062.34 2097.62 -99.90 -99.90 -99.90 1862.65
847.72 859.67 914.94 990.90 1026.55 1053.27 1054.43 1034.78 1026.22 1036.47 1034.20 1035.51 1044.72 1071.21 1045.96 1016.69 990.31 988.34 974.77 954.45 992.16 1025.04 1068.73 1065.53 1037.73 1031.33 1036.47 1041.05 1061.20 1077.58 1089.60 1093.03 1091.30 1097.74 1092.84 1091.00 -99.90 -99.90 -99.90 -99.90 -99.90 -99.90 -99.90 -99.90 -99.90 -99.90 -99.90 -99.90 -99.90 -99.90 -99.90 -99.90 -99.90 -99.90 -99.90 -99.90 -99.90 -99.90 -99.90 -99.90 -99.90 -99.90 -99.90 -99.90 -99.90 -99.90 -99.90 -99.90 -99.90 1910.61
893.23 897.24 970.16 1031.50 1078.41 1104.28 1112.72 1084.17 1050.32 1053.13 1088.68 1109.27 1110.50 1119.34 1106.10 1093.47 1063.32 1053.56 1060.74 1050.19 1030.17 1031.48 1108.71 1128.21 1098.87 1095.77 1086.97 1089.12 1092.36 1113.60 1137.42 1145.40 1146.87 1156.63 1130.43 1114.77 1092.35 -99.90 -99.90 -99.90 -99.90 -99.90 -99.90 -99.90 -99.90 -99.90 -99.90 -99.90 -99.90 -99.90 -99.90 -99.90 -99.90 -99.90 -99.90 -99.90 -99.90 -99.90 -99.90 -99.90 -99.90 -99.90 -99.90 -99.90 -99.90 -99.90 -99.90 -99.90 -99.90 -99.90
958.98 976.89 1010.39 1036.16 1061.17 1097.81 1133.22 1124.77 1106.78 1091.54 1146.34 1188.75 1204.36 1195.10 1194.55 1210.53 1186.81 1139.20 1159.37 1101.60 1098.77 1115.38 1154.78 1157.21 1157.82 1135.71 1102.69 1108.82 1117.46 1168.26 1209.18 1209.55 1191.73 1189.02 1183.26 1170.55 1166.92 1185.38 -99.90 -99.90 -99.90 -99.90 -99.90 -99.90 -99.90 -99.90 -99.90 -99.90 -99.90 -99.90 -99.90 -99.90 -99.90 -99.90 -99.90 -99.90 -99.90 -99.90 -99.90 -99.90 -99.90 -99.90 -99.90 -99.90 -99.90 -99.90 -99.90 -99.90 -99.90 2251.54
