arc/python_arcpy/Precipitation/APHRO_MA_025deg_2002.txt
ncols	360 
nrows	280 
xllcorner	60.125 
yllcorner	-14.875 
cellsize	0.25 
NODATA_value	-99.9 
[rows 124 to 154 of 280, columns 70 to 139 of 360]
582.25 684.69 773.33 821.85 835.15 804.61 774.39 805.64 800.98 854.84 898.32 895.53 889.99 898.88 878.48 854.01 869.39 872.34 856.94 836.77 816.68 828.87 835.46 843.91 862.91 859.66 829.47 854.97 893.30 917.25 942.88 987.97 986.01 982.80 1077.39 1118.00 1164.20 1219.32 1278.33 1318.39 1314.51 1353.86 1360.85 1336.21 1391.40 1462.57 1477.49 1496.06 1613.17 1725.70 1729.87 1690.23 1745.12 1846.52 1969.80 2152.64 2207.72 2288.29 2297.07 2326.87 2038.80 1799.76 1501.30 1426.67 1493.23 1572.40 1738.03 1712.17 1587.59 1438.46
656.25 749.46 811.81 856.18 851.00 827.08 825.16 836.35 844.13 915.83 941.83 939.43 950.27 944.37 885.86 858.67 883.19 901.00 901.54 890.40 892.25 902.05 902.74 910.37 914.24 908.66 955.23 976.67 880.47 921.11 973.06 1004.02 1091.01 1116.37 1102.98 1112.62 1138.75 1207.53 1279.46 1326.53 1363.55 1336.62 1320.55 1298.94 1375.59 1524.13 1560.36 1625.27 1736.32 1890.23 1821.15 1766.46 1752.18 1818.33 1986.74 1981.70 1994.82 2186.20 2234.10 2299.19 2106.46 1829.33 1583.83 1545.57 1509.15 1530.84 1599.69 1547.90 1419.18 1301.20
745.56 834.64 826.43 840.07 845.10 858.36 864.05 859.02 885.34 970.66 1006.41 1008.36 1017.18 975.38 906.47 882.02 893.84 914.32 930.83 941.75 967.38 969.92 980.98 982.75 961.03 938.45 958.54 990.50 892.97 965.41 1059.21 1101.36 1105.42 1123.74 1160.33 1179.87 1171.29 1237.61 1356.72 1261.92 1316.55 1340.23 1299.49 1238.66 1322.39 1457.72 1569.85 1701.19 1800.75 1888.84 1887.71 1858.09 1955.17 2003.94 2058.87 2074.60 2020.28 2177.01 2252.47 2308.64 2168.74 1973.00 1665.62 1557.76 1512.98 1508.90 1575.41 1485.63 1313.54 1214.21
782.21 834.45 850.26 832.62 836.81 876.78 872.89 853.28 879.78 1005.29 1048.42 1073.81 1059.55 990.96 934.01 901.51 896.46 909.64 924.98 955.98 994.08 1004.21 1038.24 1062.36 1014.25 1005.13 992.76 999.45 994.86 1020.18 1073.78 1069.75 1040.34 1109.79 1182.81 1175.27 1175.81 1227.61 1419.09 1251.19 1224.24 1305.07 1362.93 1289.87 1353.44 1511.79 1644.69 1787.77 1926.97 1975.10 1989.74 1971.45 2120.14 2287.45 2343.77 2345.88 2181.74 2149.82 2202.70 2247.76 2321.98 2229.62 1869.42 1631.02 1512.64 1499.65 1449.49 1336.72 1207.59 1127.30
847.62 879.24 912.87 913.40 900.10 913.18 874.00 838.56 846.33 929.04 1002.61 1054.94 1038.51 992.89 929.26 906.83 947.06 944.90 903.03 924.28 992.01 1023.90 1033.43 1073.89 1114.03 1102.92 1078.18 1082.23 1083.44 1014.84 1002.36 1070.43 1101.37 1132.27 1166.43 1149.69 1179.98 1234.16 1320.46 1264.95 1217.40 1284.38 1508.03 1503.34 1565.61 1620.02 1745.74 1939.18 2098.91 2106.31 2130.06 2138.14 2233.75 2480.84 2759.65 2658.71 2518.38 2373.56 2349.78 2393.84 2478.10 2443.80 2059.71 1758.25 1560.97 1367.11 1305.87 1208.09 1065.39 950.49
867.15 908.99 975.26 1051.47 982.84 970.19 874.24 831.15 817.90 881.80 996.86 1046.00 1053.81 982.90 934.71 902.89 917.85 917.35 910.58 942.34 1027.64 1025.33 1025.64 1056.04 1079.43 1040.06 997.76 1031.47 1049.52 979.32 969.19 1063.09 1099.75 1045.56 1035.23 1064.22 1145.71 1245.38 1314.54 1339.31 1289.19 1410.07 1668.69 1737.97 1661.02 1691.02 1821.88 1974.79 2167.78 2236.44 2279.75 2298.65 2341.86 2585.51 2855.76 2909.56 3015.20 2699.66 2553.43 2442.10 2441.10 2404.83 2101.34 1858.90 1685.42 1311.44 1157.11 1051.01 868.72 803.43
904.70 883.44 986.23 1204.25 1124.75 1024.66 868.07 831.53 851.08 937.70 1042.84 1061.19 1055.66 1013.31 927.35 879.68 893.88 906.28 921.89 961.16 1047.11 1024.33 991.81 986.79 1023.56 988.86 962.20 998.65 1015.00 1011.55 1001.40 993.74 1053.36 1077.63 1070.40 1077.51 1097.91 1180.31 1307.90 1414.28 1282.12 1419.99 1501.73 1634.23 1752.67 1784.07 1870.35 2014.48 2274.31 2407.03 2478.11 2550.15 2555.78 2728.86 2902.00 2886.57 2803.26 2572.62 2416.26 2418.36 2411.47 2304.87 2073.90 1888.10 1653.78 1275.01 1077.64 934.72 798.49 743.15
901.75 864.57 884.91 979.36 978.39 876.48 813.58 880.17 962.78 1057.25 1156.20 1097.76 1014.84 970.34 897.07 839.04 849.15 867.58 883.14 894.55 963.23 990.04 973.74 982.00 1028.01 1014.61 1011.99 1038.02 1067.03 1055.60 1019.46 993.37 1010.47 1078.62 1110.63 1143.70 1180.55 1228.63 1235.12 1237.07 1279.13 1364.64 1421.77 1529.36 1762.92 1816.25 1914.68 2051.18 2265.72 2454.06 2602.50 2662.31 2686.42 2646.89 2717.53 -99.90 -99.90 2238.94 2215.63 2378.38 2407.61 2243.98 2031.99 1845.76 1682.40 1251.55 1037.80 912.57 752.99 718.34
854.74 927.07 841.14 765.67 776.39 794.05 822.77 907.41 979.64 1051.55 1217.23 1187.68 1090.80 975.44 881.35 819.15 820.64 817.59 839.37 830.57 875.56 903.93 916.48 1029.25 1088.35 1093.12 1121.50 1096.29 1083.47 1102.24 1022.11 973.77 980.05 1026.73 1077.32 1152.74 1234.32 1287.05 1237.15 1225.81 1336.19 1437.61 1553.88 1597.46 1748.94 1859.60 1925.48 2088.53 2283.80 2435.06 2633.44 2588.75 2587.99 -99.90 -99.90 -99.90 -99.90 2403.51 2391.36 2495.05 2498.84 2264.88 2063.08 1895.33 1693.18 1256.19 1013.04 881.11 736.20 736.64
870.95 732.34 710.32 694.29 707.10 728.54 817.98 895.68 955.83 1062.29 1211.20 1376.67 1248.68 945.88 860.67 841.17 827.71 819.49 847.56 838.59 829.78 839.04 861.23 949.07 1042.78 1118.65 1122.93 1096.45 1078.36 1065.35 1008.07 974.69 1011.03 1000.95 1043.12 1111.95 1188.85 1219.74 1207.07 1244.50 1348.96 1474.93 1557.68 1617.23 1711.19 1858.21 1896.44 2057.57 2180.45 -99.90 -99.90 -99.90 -99.90 -99.90 -99.90 -99.90 -99.90 2788.34 2734.33 2692.99 2618.53 2435.04 2138.12 1906.12 1891.45 1502.96 1068.40 853.91 735.47 711.72
724.34 650.17 662.55 717.20 729.98 768.56 830.55 983.06 1053.77 1148.34 1202.42 1399.79 1227.53 896.23 808.42 809.35 799.95 827.71 883.93 890.53 875.19 865.72 862.67 878.37 967.01 1079.92 1095.00 1043.17 1036.12 1001.81 970.61 950.62 955.17 982.01 1024.88 1105.28 1148.02 1167.53 1196.82 -99.90 -99.90 -99.90 -99.90 -99.90 -99.90 -99.90 -99.90 -99.90 -99.90 -99.90 -99.90 -99.90 -99.90 -99.90 -99.90 -99.90 -99.90 3040.16 3087.13 3004.63 2913.87 2736.16 2402.97 2036.47 1868.84 1818.98 1116.80 855.45 725.77 673.29
603.38 623.96 675.42 720.52 753.85 826.72 926.35 976.85 1157.54 1189.33 1260.28 1261.37 1058.82 955.61 900.00 784.00 773.37 844.11 907.67 929.80 929.65 889.25 864.07 869.85 917.20 997.30 1021.77 992.10 973.13 926.39 900.13 910.60 945.26 981.73 1013.81 1072.15 1134.59 1172.60 -99.90 -99.90 -99.90 -99.90 -99.90 -99.90 -99.90 -99.90 -99.90 -99.90 -99.90 -99.90 -99.90 -99.90 -99.90 -99.90 -99.90 -99.90 -99.90 -99.90 3277.44 3406.81 3356.47 3123.98 2752.16 2253.80 1897.77 1837.48 1213.56 883.66 712.19 645.52
645.52 664.03 711.85 743.08 742.31 791.23 867.88 899.19 976.66 1009.93 1092.67 1144.86 1069.18 1001.31 896.00 782.92 756.23 850.01 903.08 916.97 894.31 884.76 867.10 883.43 913.72 953.81 962.56 956.18 923.88 858.36 810.16 887.85 949.58 1014.97 1049.16 1090.25 1146.14 1178.03 -99.90 -99.90 -99.90 -99.90 -99.90 -99.90 -99.90 -99.90 -99.90 -99.90 -99.90 -99.90 -99.90 -99.90 -99.90 -99.90 -99.90 -99.90 -99.90 -99.90 3340.44 3733.79 3749.71 3442.85 3118.34 2583.77 1972.44 1622.04 1238.40 884.08 706.82 646.33
767.39 733.74 765.85 764.52 730.48 774.27 810.92 837.62 856.56 853.91 989.74 1079.95 1045.32 991.86 916.48 826.14 816.12 839.60 889.11 888.58 834.70 820.87 845.84 888.04 912.76 922.37 911.85 905.28 902.16 883.29 863.45 919.67 989.93 1032.99 1071.04 1097.68 1139.97 1131.52 1163.53 -99.90 -99.90 -99.90 -99.90 -99.90 -99.90 -99.90 -99.90 -99.90 -99.90 -99.90 -99.90 -99.90 -99.90 -99.90 -99.90 -99.90 -99.90 -99.90 -99.90 3658.54 3880.92 3766.74 3581.43 3034.12 2260.44 1769.70 1340.27 952.56 742.39 657.44
909.81 881.63 846.75 808.41 754.50 744.21 752.49 773.02 807.38 839.41 968.38 1108.37 1062.57 993.17 907.93 853.52 788.74 791.39 869.81 857.73 789.95 770.55 820.34 855.39 875.34 874.79 864.36 868.66 885.25 916.73 925.85 962.08 1049.66 1124.03 1082.06 1090.18 1102.14 1108.83 -99.90 -99.90 -99.90 -99.90 -99.90 -99.90 -99.90 -99.90 -99.90 -99.90 -99.90 -99.90 -99.90 -99.90 -99.90 -99.90 -99.90 -99.90 -99.90 -99.90 -99.90 -99.90 3899.98 4091.87 4051.65 3588.57 2656.31 2021.69 1526.59 1066.69 834.23 720.43
985.23 932.35 884.21 839.23 804.44 723.43 704.64 746.08 768.34 823.30 955.67 1037.77 1063.28 989.75 966.21 918.75 865.44 825.62 843.77 813.44 749.18 733.07 766.53 809.84 825.99 826.60 840.45 852.37 871.59 885.48 919.30 967.73 1049.37 1123.69 1083.36 1069.87 1092.60 -99.90 -99.90 -99.90 -99.90 -99.90 -99.90 -99.90 -99.90 -99.90 -99.90 -99.90 -99.90 -99.90 -99.90 -99.90 -99.90 -99.90 -99.90 -99.90 -99.90 -99.90 -99.90 -99.90 -99.90 4228.53 4347.29 4067.96 3199.41 2500.98 1763.69 1211.50 917.13 836.21
939.83 885.93 901.26 838.26 803.39 719.81 671.95 702.07 744.83 802.60 873.92 912.58 943.66 898.32 885.56 868.26 857.50 843.42 841.17 771.10 702.24 696.62 725.04 770.10 778.18 787.45 806.71 840.02 850.67 859.09 891.88 944.88 1018.92 1101.50 1074.26 1078.14 -99.90 -99.90 -99.90 -99.90 -99.90 -99.90 -99.90 -99.90 -99.90 -99.90 -99.90 -99.90 -99.90 -99.90 -99.90 -99.90 -99.90 -99.90 -99.90 -99.90 -99.90 -99.90 -99.90 -99.90 -99.90 4117.91 4135.50 3911.10 3929.50 3336.46 2387.06 1509.69 1056.62 843.66
940.39 873.10 814.95 736.38 735.81 721.39 649.77 628.80 685.44 814.68 848.70 894.61 912.97 861.22 813.62 816.06 809.13 808.09 801.30 805.67 760.46 740.31 781.57 773.91 766.14 785.30 788.83 810.28 832.00 849.23 868.24 908.18 977.84 -99.90 -99.90 -99.90 -99.90 -99.90 -99.90 -99.90 -99.90 -99.90 -99.90 -99.90 -99.90 -99.90 -99.90 -99.90 -99.90 -99.90 -99.90 -99.90 -99.90 -99.90 -99.90 -99.90 -99.90 -99.90 -99.90 -99.90 -99.90 -99.90 -99.90 4344.14 4416.82 3907.19 2887.11 1815.33 1268.12 947.70
848.94 843.01 747.11 653.99 686.28 661.73 608.83 579.83 630.74 748.02 834.82 907.19 901.04 857.20 791.99 787.93 785.79 801.28 814.66 825.17 808.40 797.63 803.64 764.49 753.62 765.76 775.98 797.00 822.24 875.72 864.29 -99.90 -99.90 -99.90 -99.90 -99.90 -99.90 -99.90 -99.90 -99.90 -99.90 -99.90 -99.90 -99.90 -99.90 -99.90 -99.90 -99.90 -99.90 -99.90 -99.90 -99.90 -99.90 -99.90 -99.90 -99.90 -99.90 -99.90 -99.90 -99.90 -99.90 -99.90 -99.90 4447.99 4978.90 4348.85 3454.14 2208.40 1533.16 1151.14
666.77 681.33 652.86 615.46 584.34 570.23 570.56 589.98 628.23 711.03 815.09 897.93 899.65 847.60 804.28 784.13 800.50 818.12 864.73 839.38 846.84 841.80 809.97 777.73 778.17 764.59 758.98 774.55 798.44 843.09 -99.90 -99.90 -99.90 -99.90 -99.90 -99.90 -99.90 -99.90 -99.90 -99.90 -99.90 -99.90 -99.90 -99.90 -99.90 -99.90 -99.90 -99.90 -99.90 -99.90 -99.90 -99.90 -99.90 -99.90 -99.90 -99.90 -99.90 -99.90 -99.90 -99.90 -99.90 -99.90 -99.90 -99.90 4797.44 4652.53 4000.43 2682.84 1855.13 1435.27
564.63 617.78 665.67 603.52 535.17 513.67 534.36 607.35 614.02 660.37 733.98 848.74 869.18 829.20 790.11 765.85 789.75 806.96 834.42 833.24 860.15 828.80 781.98 763.30 767.58 755.25 739.72 735.42 748.70 -99.90 -99.90 -99.90 -99.90 -99.90 -99.90 -99.90 -99.90 -99.90 -99.90 -99.90 -99.90 -99.90 -99.90 -99.90 -99.90 -99.90 -99.90 -99.90 -99.90 -99.90 -99.90 -99.90 -99.90 -99.90 -99.90 -99.90 -99.90 -99.90 -99.90 -99.90 -99.90 -99.90 -99.90 -99.90 4597.91 4432.26 4230.77 3228.53 2205.34 1758.38
572.12 671.54 685.71 634.32 543.22 507.63 524.01 558.46 548.67 581.27 600.91 673.11 770.69 825.96 838.20 806.70 792.61 799.61 786.38 788.18 800.63 765.19 709.89 680.13 722.07 733.15 726.43 709.64 -99.90 -99.90 -99.90 -99.90 -99.90 -99.90 -99.90 -99.90 -99.90 -99.90 -99.90 -99.90 -99.90 -99.90 -99.90 -99.90 -99.90 -99.90 -99.90 -99.90 -99.90 -99.90 -99.90 -99.90 -99.90 -99.90 -99.90 -99.90 -99.90 -99.90 -99.90 -99.90 -99.90 -99.90 -99.90 -99.90 4363.27 4248.90 3813.23 3306.80 2786.97 2170.25
613.08 713.01 675.59 631.85 560.95 485.46 491.46 505.81 523.93 546.49 519.99 521.01 691.14 805.52 828.41 794.75 783.40 805.65 760.33 712.74 716.15 699.48 659.70 617.70 640.00 652.38 695.38 704.17 -99.90 -99.90 -99.90 -99.90 -99.90 -99.90 -99.90 -99.90 -99.90 -99.90 -99.90 -99.90 -99.90 -99.90 -99.90 -99.90 -99.90 -99.90 -99.90 -99.90 -99.90 -99.90 -99.90 -99.90 -99.90 -99.90 -99.90 -99.90 -99.90 -99.90 -99.90 -99.90 -99.90 -99.90 -99.90 -99.90 -99.90 -99.90 -99.90 5063.44 3400.16 2406.10
601.08 685.49 667.75 665.68 578.62 478.75 491.12 506.33 528.32 575.51 523.72 550.41 665.16 736.64 767.23 752.95 749.70 742.30 716.77 687.86 676.97 675.75 641.01 612.77 618.39 638.08 -99.90 -99.90 -99.90 -99.90 -99.90 -99.90 -99.90 -99.90 -99.90 -99.90 -99.90 -99.90 -99.90 -99.90 -99.90 -99.90 -99.90 -99.90 -99.90 -99.90 -99.90 -99.90 -99.90 -99.90 -99.90 -99.90 -99.90 -99.90 -99.90 -99.90 -99.90 -99.90 -99.90 -99.90 -99.90 -99.90 -99.90 -99.90 -99.90 -99.90 -99.90 4279.86 3484.88 2511.92
597.64 602.57 618.99 627.71 568.75 523.88 500.28 525.69 543.48 591.67 581.25 572.87 606.77 642.51 670.36 690.00 703.69 691.28 679.23 657.70 686.11 695.34 634.13 587.17 609.89 -99.90 -99.90 -99.90 -99.90 -99.90 -99.90 -99.90 -99.90 -99.90 -99.90 -99.90 -99.90 -99.90 -99.90 -99.90 -99.90 -99.90 -99.90 -99.90 -99.90 -99.90 -99.90 -99.90 -99.90 -99.90 -99.90 -99.90 -99.90 -99.90 -99.90 -99.90 -99.90 -99.90 -99.90 -99.90 -99.90 -99.90 -99.90 -99.90 -99.90 -99.90 -99.90 3920.53 3550.86 2743.94
602.90 605.16 604.35 574.78 514.28 461.24 428.54 465.42 518.57 552.76 559.21 561.23 554.86 555.92 616.67 660.87 665.60 668.63 682.85 686.23 634.81 583.99 582.45 592.93 -99.90 -99.90 -99.90 -99.90 -99.90 -99.90 -99.90 -99.90 -99.90 -99.90 -99.90 -99.90 -99.90 -99.90 -99.90 -99.90 -99.90 -99.90 -99.90 -99.90 -99.90 -99.90 -99.90 -99.90 -99.90 -99.90 -99.90 -99.90 -99.90 -99.90 -99.90 -99.90 -99.90 -99.90 -99.90 -99.90 -99.90 -99.90 -99.90 -99.90 -99.90 -99.90 -99.90 -99.90 3784.23 2903.61
618.11 621.46 569.21 554.40 473.71 454.63 398.57 394.43 459.97 488.82 499.23 534.59 538.37 554.46 601.68 660.71 655.49 638.43 620.94 596.32 568.65 561.53 -99.90 -99.90 -99.90 -99.90 -99.90 -99.90 -99.90 -99.90 -99.90 -99.90 -99.90 -99.90 -99.90 -99.90 -99.90 -99.90 -99.90 -99.90 -99.90 -99.90 -99.90 -99.90 -99.90 -99.90 -99.90 -99.90 -99.90 -99.90 -99.90 -99.90 -99.90 -99.90 -99.90 -99.90 -99.90 -99.90 -99.90 -99.90 -99.90 -99.90 -99.90 -99.90 -99.90 -99.90 -99.90 -99.90 3508.94 2922.72
607.96 599.09 486.37 463.99 414.86 424.92 399.97 401.13 463.58 457.02 491.95 525.13 539.09 559.56 611.60 670.13 643.35 583.16 557.87 537.46 561.93 -99.90 -99.90 -99.90 -99.90 -99.90 -99.90 -99.90 -99.90 -99.90 -99.90 -99.90 -99.90 -99.90 -99.90 -99.90 -99.90 -99.90 -99.90 -99.90 -99.90 -99.90 -99.90 -99.90 -99.90 -99.90 -99.90 -99.90 -99.90 -99.90 -99.90 -99.90 -99.90 -99.90 -99.90 -99.90 -99.90 -99.90 -99.90 -99.90 -99.90 -99.90 -99.90 -99.90 -99.90 -99.90 -99.90 3547.36 3325.80 2905.88
553.35 579.29 526.90 462.73 410.65 394.15 391.46 417.17 429.54 441.90 489.67 523.31 544.01 545.29 563.57 602.25 591.04 583.14 574.34 552.94 -99.90 -99.90 -99.90 -99.90 -99.90 -99.90 -99.90 -99.90 -99.90 -99.90 -99.90 -99.90 -99.90 -99.90 -99.90 -99.90 -99.90 -99.90 -99.90 -99.90 -99.90 -99.90 -99.90 -99.90 -99.90 -99.90 -99.90 -99.90 -99.90 -99.90 -99.90 -99.90 -99.90 -99.90 -99.90 -99.90 -99.90 -99.90 -99.90 -99.90 -99.90 -99.90 -99.90 -99.90 -99.90 -99.90 -99.90 3460.93 3285.48 2999.74
484.51 523.84 506.82 438.06 409.97 381.22 379.03 399.73 407.86 423.98 443.39 516.07 567.51 580.90 547.81 593.79 608.62 649.74 640.36 625.80 -99.90 -99.90 -99.90 -99.90 -99.90 -99.90 -99.90 -99.90 -99.90 -99.90 -99.90 -99.90 -99.90 -99.90 -99.90 -99.90 -99.90 -99.90 -99.90 -99.90 -99.90 -99.90 -99.90 -99.90 -99.90 -99.90 -99.90 -99.90 -99.90 -99.90 -99.90 -99.90 -99.90 -99.90 -99.90 -99.90 -99.90 -99.90 -99.90 -99.90 -99.90 -99.90 -99.90 -99.90 -99.90 -99.90 -99.90 3314.15 3292.12 3010.22
434.31 456.03 428.26 414.11 399.44 382.34 372.48 387.18 404.70 431.25 473.32 515.85 585.28 665.86 656.18 629.21 654.19 679.40 671.88 -99.90 -99.90 -99.90 -99.90 -99.90 -99.90 -99.90 -99.90 -99.90 -99.90 -99.90 -99.90 -99.90 -99.90 -99.90 -99.90 -99.90 -99.90 -99.90 -99.90 -99.90 -99.90 -99.90 -99.90 -99.90 -99.90 -99.90 -99.90 -99.90 -99.90 -99.90 -99.90 -99.90 -99.90 -99.90 -99.90 -99.90 -99.90 -99.90 -99.90 -99.90 -99.90 -99.90 -99.90 -99.90 -99.90 -99.90 3069.09 3301.53 3202.03 2986.73
