arc/python_arcpy/Precipitation/APHRO_MA_025deg_1996.txt
ncols	360 
nrows	280 
xllcorner	60.125 
yllcorner	-14.875 
cellsize	0.25 
NODATA_value	-99.9 
[rows 31 to 61 of 280, columns 140 to 209 of 360]
97.04 112.75 105.03 116.80 115.01 130.25 135.64 138.84 142.98 143.58 130.52 134.73 146.00 148.96 148.08 146.79 148.40 156.56 166.56 187.93 193.25 193.60 192.90 193.79 195.82 201.72 197.35 199.89 202.01 203.47 204.06 194.62 188.75 186.50 181.84 181.54 189.55 187.41 177.63 173.69 174.81 173.79 166.79 166.79 162.60 165.84 165.83 165.12 164.10 159.98 157.13 158.49 162.42 165.59 164.29 163.44 166.78 171.10 168.68 169.61 170.03 167.19 166.96 178.55 190.65 199.93 209.47 211.03 207.72 208.15
95.24 117.32 123.42 121.83 123.54 129.83 135.75 136.42 137.16 129.64 128.47 130.80 125.52 131.78 128.06 142.03 143.73 147.25 162.93 174.16 183.28 188.24 194.15 192.30 195.02 193.93 191.51 196.07 194.44 197.79 204.22 203.61 191.19 182.50 176.62 173.77 172.22 173.06 164.23 156.32 158.96 161.01 161.14 157.94 156.51 158.61 157.62 157.84 158.77 157.58 153.29 153.00 154.93 158.59 158.72 155.25 153.80 160.22 167.66 168.60 170.87 173.73 174.37 178.60 185.62 194.66 204.71 207.29 204.56 203.66
80.91 93.61 115.17 131.95 135.59 132.33 132.17 117.10 118.18 115.78 115.41 116.54 115.33 116.88 124.34 138.55 140.26 142.85 144.99 157.01 175.62 179.08 184.72 180.07 186.47 187.36 188.38 193.45 195.57 192.45 189.68 186.71 179.64 174.19 173.17 169.13 161.22 157.34 154.37 148.84 147.73 145.69 146.86 150.05 149.00 147.67 145.93 148.63 150.23 151.47 148.73 147.37 150.95 151.71 152.42 152.61 152.77 154.83 166.27 167.55 169.63 172.09 174.25 176.07 179.18 187.32 197.33 200.21 211.49 203.48
78.95 81.56 89.04 110.34 131.81 136.27 129.39 112.73 108.81 106.17 106.64 108.24 110.77 110.43 114.36 125.77 128.93 128.67 137.67 149.49 157.66 158.71 164.86 167.48 175.68 179.20 181.01 181.01 178.11 172.11 162.05 155.01 160.16 158.91 158.35 157.17 157.73 156.30 147.93 142.07 135.86 127.07 133.66 142.33 135.10 128.89 129.23 130.39 133.55 139.41 145.14 144.55 144.37 143.45 143.29 144.84 148.05 148.17 155.00 157.88 160.18 162.35 164.72 170.70 181.63 193.39 195.94 200.73 205.49 199.16
74.51 79.40 82.78 86.05 107.67 123.04 120.35 114.73 110.96 103.71 103.51 96.50 106.42 109.02 107.97 107.49 107.16 113.51 125.08 128.55 133.63 140.56 143.64 149.38 157.74 167.43 168.52 171.09 169.16 163.79 154.78 150.32 148.46 147.39 149.21 152.96 152.76 145.75 141.05 139.39 136.60 131.06 131.69 134.78 135.11 132.43 134.68 131.30 131.53 132.00 130.38 132.50 132.16 128.33 127.01 127.11 127.89 132.67 136.31 139.09 144.13 147.24 155.51 169.02 187.59 195.75 199.93 204.44 211.22 203.73
76.42 81.48 93.77 89.93 90.12 90.05 89.64 80.49 85.22 94.11 96.68 85.14 87.83 93.98 101.16 102.70 102.28 101.74 98.84 109.61 120.69 124.35 133.45 136.28 146.07 146.43 155.05 160.60 159.97 162.39 159.11 154.88 146.22 138.87 137.85 135.89 136.90 136.05 138.05 139.29 135.71 132.60 128.72 129.40 130.00 130.39 127.25 128.48 130.90 130.70 128.59 127.49 126.10 123.15 123.77 127.08 129.39 132.23 136.70 139.04 140.34 150.98 163.58 173.36 182.42 188.19 186.74 192.23 197.74 203.18
87.69 91.59 90.58 84.49 95.16 100.23 103.89 100.50 84.40 80.82 81.01 80.25 81.66 80.98 86.53 85.53 94.92 98.50 93.53 96.42 106.00 117.02 118.17 123.40 132.51 139.54 148.17 154.45 152.53 151.28 151.40 146.57 141.94 134.42 126.13 110.48 112.40 120.27 132.01 128.20 133.23 133.28 129.58 128.02 127.26 127.69 125.43 123.64 123.36 125.49 126.60 129.02 130.71 127.41 127.29 128.45 129.70 134.51 139.80 142.23 147.44 155.85 162.70 166.73 175.71 184.98 187.03 190.08 191.01 191.55
86.77 86.76 86.78 78.83 80.40 82.12 90.13 100.01 105.01 101.38 98.08 98.93 100.15 92.61 95.43 99.37 97.53 100.78 98.31 97.07 102.10 114.09 120.90 121.77 123.73 127.25 136.53 144.38 141.37 135.88 138.73 137.15 133.80 129.20 114.96 101.57 105.85 109.16 110.19 111.33 115.72 115.46 121.27 125.49 127.29 128.85 130.52 129.82 128.09 131.67 134.28 136.22 137.77 137.36 132.48 132.10 134.36 137.02 140.92 145.85 147.18 150.87 148.03 159.95 167.32 178.40 183.66 188.08 190.82 201.08
87.58 85.45 84.35 82.70 80.55 78.21 78.77 81.28 80.82 92.22 99.75 102.22 104.39 98.27 100.04 105.22 100.67 98.01 103.38 108.68 105.11 109.99 115.30 121.71 123.90 125.83 124.03 125.86 130.57 130.53 132.95 133.50 132.06 124.78 110.29 110.04 108.53 105.63 112.50 111.80 113.94 112.89 111.32 108.65 117.44 129.70 130.26 129.77 131.44 136.62 135.44 135.12 135.28 135.95 136.07 134.93 138.96 143.35 144.27 142.76 122.60 111.19 126.43 154.10 173.36 182.07 186.49 193.96 203.14 209.75
97.03 87.41 84.09 83.00 82.03 79.70 80.41 79.93 76.67 76.29 78.14 86.98 92.09 90.50 89.08 77.24 71.96 77.11 94.31 105.56 109.59 120.96 125.29 127.55 127.77 133.06 141.67 131.28 126.13 130.47 133.98 134.57 125.54 102.74 100.43 93.00 87.60 86.91 88.58 90.11 93.57 96.50 91.74 91.12 90.96 97.96 105.28 106.57 121.62 120.70 131.90 131.35 130.01 131.73 134.67 140.81 146.80 136.04 123.77 111.40 112.49 113.67 121.90 158.93 180.61 186.78 192.23 203.95 208.92 213.73
83.38 83.31 82.89 80.55 78.35 76.73 74.94 71.18 69.69 71.00 73.44 75.30 76.29 74.60 77.82 71.26 69.15 82.47 91.26 92.43 76.89 78.68 90.69 109.44 117.39 118.97 123.34 128.35 127.73 134.58 136.53 122.67 90.72 89.90 90.41 88.90 89.08 90.24 92.19 95.14 99.71 101.47 98.42 94.74 92.38 90.58 89.33 90.69 92.35 92.73 102.13 108.48 107.83 113.41 117.65 121.30 116.34 105.93 105.78 109.41 113.40 117.05 118.79 148.62 177.82 186.66 199.84 208.08 213.43 217.44
78.22 80.15 79.41 79.39 76.07 72.04 69.39 68.62 68.64 71.16 70.68 70.11 71.62 72.05 69.98 67.70 64.66 69.62 82.20 93.73 94.10 98.27 99.07 84.55 81.12 83.59 92.16 104.43 115.22 118.31 126.84 124.98 91.45 94.93 95.47 92.81 92.25 92.90 94.80 98.91 106.42 112.12 102.97 97.68 95.20 94.60 94.25 93.96 96.35 98.52 102.85 107.27 106.17 106.74 97.38 98.56 102.68 108.49 111.65 114.41 116.85 118.49 122.89 133.87 164.30 191.67 207.38 212.33 218.82 225.22
74.14 74.26 73.78 75.92 73.24 72.58 70.85 68.23 68.67 70.50 69.40 68.97 68.33 66.66 64.02 63.10 63.27 65.16 66.94 70.34 73.96 77.48 75.94 75.57 77.96 79.74 80.70 81.14 84.06 88.85 88.64 89.52 93.02 99.96 105.93 99.19 95.72 93.11 94.37 97.42 100.35 101.77 100.36 99.84 99.93 98.89 97.94 99.12 97.18 96.05 95.88 95.78 98.90 98.55 98.18 104.22 109.26 112.13 114.99 117.89 120.64 121.88 126.84 166.41 193.11 206.57 209.96 215.78 223.47 227.15
71.09 71.35 69.93 69.20 68.41 67.70 67.73 65.60 66.21 67.83 67.03 65.60 63.95 61.71 61.41 60.42 60.95 62.60 66.69 72.09 73.91 77.33 77.78 78.99 80.84 82.29 81.91 81.80 86.01 89.40 114.42 118.45 123.23 131.80 113.13 97.42 94.09 93.25 92.50 93.75 95.69 97.64 100.20 100.60 100.27 101.86 103.26 103.79 102.39 101.12 101.06 100.48 99.90 100.22 103.30 108.85 112.39 115.76 119.75 130.31 127.90 131.21 146.46 178.02 197.86 210.58 217.67 223.49 230.05 230.01
70.14 68.55 67.25 66.51 66.83 62.14 61.91 61.10 62.80 63.40 61.90 60.71 59.42 59.30 60.11 61.82 61.48 61.34 63.13 70.31 76.56 80.26 81.81 99.65 92.37 87.07 85.19 88.71 91.93 97.01 117.61 108.52 114.82 114.77 124.74 145.56 105.02 87.06 92.40 97.05 98.15 99.69 101.44 103.57 105.73 106.42 107.05 107.32 106.05 103.86 105.06 107.45 111.33 108.30 110.20 110.87 115.50 119.54 128.60 149.35 149.73 169.39 186.29 195.02 205.09 211.94 224.82 237.15 237.51 233.95
73.63 71.62 70.51 69.36 70.26 65.85 65.70 63.31 62.32 62.07 59.56 57.77 58.20 59.01 59.77 60.28 59.95 60.82 63.85 68.75 75.37 80.62 90.07 101.49 95.59 90.53 87.27 85.11 83.18 88.13 87.53 87.94 90.36 88.97 89.25 108.72 124.69 100.73 98.08 101.57 102.64 103.27 105.32 106.53 107.31 108.26 109.90 111.91 113.88 112.35 120.53 138.46 136.28 133.54 139.32 143.66 146.46 150.91 166.21 170.85 180.94 192.64 198.52 205.74 207.95 213.86 224.17 231.06 235.96 232.65
69.47 69.79 69.55 68.67 68.74 66.29 60.74 56.86 57.59 60.52 58.18 57.41 58.26 58.22 58.44 58.71 60.82 61.60 62.66 65.28 71.94 78.71 92.05 100.09 100.25 90.36 85.83 86.72 83.37 88.84 86.07 85.03 87.46 89.19 90.33 93.67 99.07 113.47 132.64 115.23 111.51 115.24 111.22 109.02 108.80 109.89 112.06 116.23 136.33 144.39 145.70 143.01 140.97 139.79 145.26 157.02 165.54 174.08 185.84 186.05 189.70 197.02 202.53 206.02 210.15 216.84 222.76 227.31 228.62 229.77
65.50 66.13 64.77 62.20 59.14 56.42 54.18 54.64 55.55 58.41 59.18 57.43 56.95 58.36 58.23 57.89 58.09 59.38 61.08 63.62 66.75 72.63 77.45 80.81 81.72 80.38 78.98 79.13 80.76 85.76 92.19 94.07 94.48 95.84 96.82 99.66 109.07 114.16 129.10 118.76 114.50 115.46 120.39 113.47 109.11 108.23 109.48 126.07 145.43 146.51 144.19 142.92 151.09 165.04 169.68 172.77 178.49 184.83 188.52 190.57 196.15 203.56 205.42 207.80 213.57 217.46 222.44 226.24 226.71 228.99
58.76 56.61 54.88 54.64 54.17 54.44 53.55 56.03 55.74 56.76 57.80 57.38 56.14 55.53 55.69 55.67 56.08 58.62 60.01 61.10 62.57 65.25 67.73 70.82 72.26 73.13 74.14 77.82 85.62 87.14 91.49 94.04 95.32 96.73 99.73 103.23 110.20 113.49 113.98 114.91 116.72 116.61 117.24 115.92 114.02 110.96 116.47 133.91 141.45 151.35 162.35 168.69 172.78 173.58 172.75 176.30 184.07 187.07 198.55 204.76 207.11 210.91 214.10 219.25 225.53 238.42 241.14 239.90 241.66 248.73
55.39 55.35 53.61 52.63 52.99 53.13 53.06 54.07 55.31 54.47 54.42 53.40 55.03 55.92 54.36 54.38 55.43 56.37 58.77 59.27 59.77 60.08 61.04 60.68 64.04 67.63 70.32 76.15 84.21 86.31 92.58 95.97 98.63 102.18 103.32 104.78 112.38 117.40 116.95 117.54 124.25 121.25 118.67 115.70 115.77 116.84 142.97 137.84 157.12 171.52 173.44 177.92 181.22 181.40 183.90 186.31 189.51 195.15 205.86 206.54 206.78 214.90 218.94 238.64 253.88 260.13 264.33 267.00 269.00 274.75
52.51 52.68 53.12 52.56 52.19 52.44 52.08 51.57 51.97 52.75 53.63 52.50 51.46 55.23 56.07 55.27 54.95 55.89 58.18 58.41 57.75 56.65 54.02 50.03 50.79 59.91 68.52 76.70 81.62 87.14 95.94 99.19 104.26 107.12 107.67 109.56 111.47 119.73 121.47 121.60 121.48 122.49 121.24 119.80 118.70 133.43 150.30 164.48 178.05 177.43 180.70 181.50 182.45 184.79 191.56 197.22 200.65 202.82 206.55 213.45 216.90 223.68 236.43 253.73 264.47 270.74 280.50 281.88 279.97 286.40
53.16 54.00 54.00 53.05 52.34 52.25 52.02 50.47 49.58 51.88 53.09 52.96 51.74 50.62 53.35 54.11 54.62 54.75 56.14 56.91 56.26 55.18 53.24 47.28 44.30 61.05 70.36 74.94 80.24 89.33 96.92 100.78 105.46 108.57 109.89 112.20 114.18 121.05 122.65 122.27 123.42 123.99 123.55 123.10 139.23 164.88 180.72 184.70 185.53 184.93 185.78 187.19 187.83 190.79 196.39 204.42 209.08 211.34 214.99 220.19 231.42 232.48 251.14 267.53 281.79 291.37 292.87 296.14 302.18 307.50
54.71 54.55 54.31 53.22 52.82 52.55 52.19 51.09 51.03 52.35 53.24 53.43 52.81 50.71 50.58 52.39 53.11 54.05 54.37 56.84 57.89 57.23 55.61 53.92 57.47 65.05 74.87 79.02 81.87 89.31 95.48 101.98 105.60 108.09 110.59 112.19 113.83 120.08 123.40 123.59 124.36 126.32 127.02 130.89 179.68 192.76 189.67 188.23 189.46 189.67 186.73 190.19 191.33 189.86 194.28 205.50 213.12 219.16 226.62 234.52 246.49 249.67 264.57 278.33 288.75 297.45 313.80 312.19 317.62 317.82
55.13 55.04 54.61 54.36 53.94 53.56 52.85 52.32 52.59 52.88 53.94 53.71 53.30 52.58 50.74 51.85 51.41 54.37 56.00 60.67 60.31 60.40 60.33 62.79 67.54 72.32 79.29 81.62 83.94 91.36 100.91 105.61 109.03 110.15 113.28 116.60 123.09 127.22 128.73 127.89 127.34 129.01 130.25 145.87 196.10 198.09 197.49 195.26 190.28 182.82 183.17 186.23 190.08 193.02 200.58 212.35 220.61 228.97 243.26 259.76 270.83 282.25 287.60 296.13 308.00 320.08 334.49 344.04 343.83 341.79
55.26 55.86 55.64 55.65 55.35 55.02 54.84 54.47 54.22 54.47 54.59 54.63 54.99 56.30 55.18 55.41 55.45 55.13 56.41 60.68 63.07 65.04 66.71 68.06 71.81 77.30 82.55 85.77 90.17 97.46 103.43 107.56 112.79 114.83 116.51 120.28 126.93 133.47 135.36 134.31 131.09 131.23 131.39 170.63 189.51 193.75 195.87 188.16 175.29 171.39 175.57 179.35 185.72 194.13 205.14 217.54 230.32 251.65 273.84 291.79 302.07 308.71 310.88 321.87 333.15 339.77 349.85 361.62 357.43 358.87
54.62 56.07 57.16 57.38 57.10 56.79 56.28 55.92 55.52 55.59 55.44 55.65 57.13 60.66 59.69 57.68 57.14 57.66 59.71 64.38 65.60 66.36 67.59 69.20 73.68 79.43 83.83 88.93 94.54 99.96 104.97 109.20 114.20 118.05 122.08 126.94 136.20 144.69 146.47 140.85 137.36 134.38 164.20 185.05 190.48 189.26 178.26 173.37 166.74 162.06 169.47 178.95 184.43 195.50 210.28 222.92 245.54 277.22 313.32 330.27 335.09 335.99 336.55 346.67 352.77 359.53 367.60 372.35 369.80 375.29
54.04 56.51 60.86 62.62 59.18 57.74 56.89 56.20 55.77 55.84 56.05 55.99 58.21 61.66 61.18 60.95 61.53 61.52 61.00 64.66 66.88 68.56 70.83 73.69 79.79 84.80 86.95 90.34 96.54 105.23 109.76 115.14 116.58 120.25 128.03 131.00 138.17 147.19 150.19 145.19 144.59 161.55 181.02 184.60 194.23 176.16 174.88 169.58 164.12 160.30 171.80 184.27 194.04 200.67 212.82 236.40 265.71 292.21 334.53 372.29 350.96 343.93 348.59 362.48 366.00 377.12 389.09 394.75 396.26 404.72
53.05 55.51 59.04 60.71 59.00 57.89 57.03 57.34 57.30 57.09 56.84 57.08 61.56 62.37 61.22 63.26 63.94 63.46 62.84 68.16 74.26 77.26 79.73 83.96 89.51 92.78 93.24 90.66 100.21 113.15 118.75 121.32 124.58 128.23 132.53 135.64 137.86 143.15 148.22 152.46 183.39 195.78 191.51 169.07 168.31 172.06 173.68 169.89 163.74 166.71 173.54 188.70 201.68 210.10 222.69 244.19 264.07 296.78 321.42 337.26 348.09 350.14 363.28 371.83 379.31 396.73 412.15 417.98 420.91 419.22
51.81 53.34 55.44 56.49 56.89 56.89 58.56 58.89 58.86 57.90 58.46 61.73 64.36 63.12 63.32 60.79 63.76 67.15 70.71 77.82 82.41 85.22 87.58 90.67 97.96 99.86 102.36 106.59 108.20 120.88 124.60 126.62 127.59 129.87 134.71 137.26 149.64 177.11 168.89 173.28 190.43 185.08 169.84 161.41 156.76 172.45 172.89 172.66 176.39 172.37 173.24 188.54 202.05 216.26 238.08 253.66 275.87 304.08 324.86 345.74 366.04 377.13 379.53 385.99 402.46 417.38 423.40 425.46 429.85 427.62
48.98 50.19 50.53 54.73 61.78 60.83 60.03 61.08 64.18 63.51 64.61 67.18 67.82 67.26 64.89 62.47 68.13 74.26 79.28 84.70 87.90 90.24 92.63 95.20 103.43 105.82 110.73 118.13 121.61 120.44 122.97 133.71 143.64 159.69 156.93 167.54 165.40 175.99 180.67 194.39 196.01 173.04 165.76 158.63 167.76 176.66 175.07 177.26 180.65 181.22 183.33 194.08 205.29 230.10 248.42 267.93 290.91 318.23 339.51 364.01 375.57 384.23 391.10 411.64 431.07 434.95 437.60 442.24 441.74 429.68
41.99 41.52 43.07 53.34 65.10 71.85 70.83 68.88 105.60 132.01 121.62 102.92 87.82 75.14 72.93 74.90 77.81 82.73 88.22 93.94 96.32 95.04 98.87 105.38 109.68 119.73 143.87 155.42 156.30 153.61 152.51 164.29 168.05 166.41 173.19 175.41 176.80 174.14 175.91 176.75 178.37 173.65 167.48 172.19 186.00 183.22 177.97 183.13 190.29 192.80 200.32 207.75 229.10 244.22 264.03 283.09 304.41 327.48 350.02 369.61 382.18 390.16 417.95 419.32 433.29 442.43 450.60 455.76 458.51 457.12
