arc/python_arcpy/Precipitation/APHRO_MA_025deg_2004.txt
ncols	360 
nrows	280 
xllcorner	60.125 
yllcorner	-14.875 
cellsize	0.25 
NODATA_value	-99.9 
[rows 31 to 61 of 280, columns 0 to 69 of 360]
187.74 185.77 188.24 185.53 181.50 175.01 165.19 156.74 152.72 149.67 145.99 142.59 139.88 134.19 132.12 131.67 130.33 126.87 129.19 135.05 135.97 139.35 141.82 143.80 146.67 150.32 153.87 159.32 167.05 170.06 170.99 175.20 181.85 183.89 186.29 189.67 195.64 199.11 204.11 208.84 212.77 216.61 220.33 223.61 221.88 217.26 215.61 216.32 214.84 205.90 184.43 175.14 168.41 159.38 153.97 146.52 140.83 134.98 125.16 117.37 110.96 108.94 106.88 108.29 107.12 105.84 104.12 99.87 98.04 94.04
178.45 173.28 169.93 170.35 163.82 160.19 157.22 150.66 148.12 147.10 145.57 141.45 136.42 130.90 127.04 128.57 125.87 124.53 126.78 129.18 128.91 130.61 134.22 137.30 138.74 139.50 141.23 146.67 151.74 158.60 165.28 168.43 169.94 173.59 178.57 184.09 189.48 195.34 197.55 201.21 208.20 211.16 211.83 214.43 212.29 210.56 208.70 208.08 206.38 190.35 181.50 170.97 162.16 153.48 141.58 132.64 128.80 123.44 113.84 94.08 98.80 101.79 102.10 104.43 104.57 102.90 100.87 101.37 102.63 106.65
166.81 164.73 157.77 150.40 153.30 151.93 147.11 143.82 142.98 141.41 138.31 133.45 128.66 125.40 122.81 119.10 119.31 122.76 124.38 124.50 126.08 128.77 130.55 131.96 133.97 135.61 138.82 140.95 143.27 148.76 158.25 160.58 159.77 160.75 169.62 175.10 181.22 190.86 191.69 194.53 198.77 201.00 201.40 199.96 200.71 202.90 203.64 201.53 195.90 185.95 177.62 165.83 148.94 140.49 135.95 131.23 128.23 123.15 115.79 -99.90 109.63 103.74 101.87 102.23 105.10 105.33 102.80 104.21 115.40 127.28
157.82 148.78 144.76 142.44 143.49 140.85 138.47 135.96 134.15 132.20 128.02 121.10 118.05 117.58 117.08 116.02 116.15 116.58 118.46 117.79 122.91 126.95 128.97 130.32 131.54 134.11 136.24 137.22 138.88 140.78 144.82 152.61 156.71 160.29 164.01 165.69 169.11 173.89 185.71 190.88 193.41 195.83 196.42 195.00 195.77 197.50 199.59 197.74 195.41 189.41 170.63 153.28 143.94 139.25 135.35 131.83 130.39 126.43 -99.90 117.44 112.90 111.76 108.43 107.95 110.73 111.95 116.31 123.02 133.88 148.24
138.47 138.12 136.65 134.15 133.07 134.57 132.88 127.23 123.83 122.34 118.86 117.34 117.12 117.03 117.07 116.21 116.15 116.19 113.76 113.02 114.01 116.88 120.07 124.23 126.08 130.76 132.70 134.01 136.02 138.44 139.90 140.65 146.46 153.92 158.78 163.94 166.86 169.07 173.12 184.12 190.25 191.41 189.45 190.39 191.38 195.32 195.82 192.70 188.93 184.13 162.34 148.89 146.93 143.58 137.61 136.47 -99.90 132.65 126.58 124.19 117.83 116.82 119.23 115.44 116.56 122.10 131.28 145.22 154.86 161.76
132.16 131.45 130.63 129.03 123.65 124.08 125.01 124.12 119.75 116.70 115.69 115.46 115.64 116.17 117.22 117.44 117.42 115.78 114.69 111.84 112.21 112.40 113.33 115.07 119.39 127.29 127.59 129.54 132.20 133.64 133.73 134.84 136.60 139.87 148.68 155.62 160.03 163.59 165.44 170.27 181.58 183.96 182.35 181.35 185.29 185.95 183.73 182.38 180.99 176.17 163.26 159.53 153.15 148.39 144.21 -99.90 140.85 138.97 136.86 130.34 125.23 123.56 124.16 123.76 130.18 137.10 148.06 157.04 163.08 171.31
127.36 125.20 121.51 119.69 119.06 118.27 117.68 119.62 118.28 113.30 112.81 112.69 112.23 113.57 116.39 121.14 125.36 118.37 115.77 112.58 110.72 111.03 114.52 117.17 117.86 121.41 126.59 130.20 131.59 132.38 131.55 130.49 132.45 135.64 136.96 147.48 153.16 159.87 162.20 169.94 172.59 174.44 176.90 176.63 174.44 173.23 176.12 176.24 176.90 175.24 170.59 166.54 162.92 159.96 157.49 -99.90 149.24 144.56 141.36 135.26 129.56 131.69 135.27 139.31 154.57 160.86 168.26 173.41 180.49 192.10
-99.90 116.30 116.30 116.21 116.33 115.52 115.09 115.55 113.70 110.02 108.78 108.95 109.10 110.52 113.10 117.05 119.52 116.40 114.28 113.07 112.62 112.45 114.51 116.34 117.97 120.02 124.84 132.38 138.80 133.61 130.65 129.95 136.09 137.18 138.65 149.92 154.04 151.45 153.12 163.24 166.73 168.39 173.03 172.90 169.34 167.31 167.60 171.55 179.53 190.42 179.36 170.90 166.35 164.82 163.66 165.02 172.31 163.74 153.75 148.27 141.88 148.68 154.31 159.22 169.13 174.20 181.21 184.28 197.13 210.85
-99.90 114.76 114.28 113.31 110.62 108.67 112.03 111.56 109.97 106.82 105.26 105.01 104.02 104.83 107.20 109.59 111.04 111.25 111.05 111.07 111.88 113.19 114.11 115.53 117.21 120.01 125.89 130.45 134.47 130.77 128.64 132.52 137.08 137.47 141.83 150.97 153.07 151.70 155.56 163.29 165.99 169.12 170.83 171.04 168.76 167.53 168.56 169.75 173.75 178.31 178.35 174.34 170.02 166.82 165.63 165.35 164.30 160.48 161.00 159.04 158.31 161.64 167.28 176.20 185.76 193.93 203.04 206.44 215.94 220.21
-99.90 111.61 108.77 109.04 109.37 113.40 110.42 109.54 108.87 106.63 104.26 100.30 94.36 98.72 102.93 104.34 105.92 107.62 107.55 108.06 110.18 115.87 118.00 114.46 114.45 116.96 120.95 123.99 124.54 125.68 127.64 130.50 136.03 138.36 141.64 147.75 149.70 153.43 159.16 166.48 168.59 169.14 169.40 168.71 169.09 168.81 168.97 168.96 169.76 172.47 174.43 173.40 172.53 170.95 168.60 166.69 161.92 161.64 166.74 166.07 167.32 171.15 175.80 181.43 196.81 208.16 208.17 214.76 219.66 222.61
-99.90 112.49 112.27 114.31 112.16 114.54 112.64 110.11 108.74 107.43 103.57 102.27 100.70 100.64 101.92 103.05 104.35 106.16 107.12 106.93 107.18 108.22 110.02 110.12 111.27 114.32 119.14 120.20 118.41 118.34 125.13 130.21 135.46 139.39 145.23 153.64 155.65 160.59 163.87 164.31 166.86 169.44 169.45 168.59 169.32 169.64 170.95 169.90 169.38 171.06 174.19 176.65 174.71 170.74 168.24 165.93 164.11 163.48 166.91 169.22 170.13 176.89 180.09 187.17 195.62 198.95 208.34 217.38 221.61 242.98
112.80 114.88 116.38 118.14 116.61 115.71 115.44 111.86 112.19 109.81 106.40 105.09 104.57 102.73 103.58 103.36 104.14 106.02 106.72 107.83 108.33 108.73 108.21 109.13 110.68 111.26 112.30 111.93 113.18 118.90 126.41 129.36 135.30 145.73 165.20 178.57 183.24 178.55 184.23 184.48 178.85 176.24 171.48 168.38 169.37 170.36 172.12 171.24 167.37 168.80 173.04 179.09 176.79 172.19 171.05 172.32 172.50 175.04 178.00 179.36 179.76 185.15 190.40 195.37 198.99 201.98 203.83 210.72 244.26 276.30
113.99 116.35 117.80 118.67 117.92 115.64 114.80 114.88 114.21 112.52 108.26 106.14 104.99 103.78 104.87 104.24 104.30 106.48 107.04 108.32 108.51 109.70 110.89 110.46 111.10 110.64 107.59 107.78 114.06 124.31 128.95 161.82 177.94 166.13 182.90 195.75 206.21 195.52 195.06 196.38 191.98 188.12 184.23 179.30 177.35 178.62 172.63 173.89 170.51 171.21 180.54 185.21 179.80 175.21 177.62 189.28 207.43 220.18 215.67 212.58 211.99 221.69 230.51 233.94 230.71 227.79 231.34 238.82 257.98 260.16
121.67 121.70 119.64 118.39 117.14 113.80 114.20 115.75 112.81 111.86 109.21 106.42 105.64 101.80 102.73 104.52 104.25 105.20 106.12 106.94 106.66 111.08 113.27 111.81 113.81 112.58 112.35 115.76 120.35 126.52 143.66 205.51 241.19 292.50 316.15 304.86 259.86 262.37 255.85 225.94 203.73 194.22 187.64 174.02 177.40 180.98 181.38 182.04 181.22 186.23 201.67 211.85 226.26 235.18 230.62 241.06 284.71 309.89 290.00 285.83 256.11 245.43 253.47 260.46 267.39 270.83 301.54 363.73 379.59 357.31
124.42 124.22 123.59 121.32 120.17 117.30 112.73 109.48 107.90 110.52 111.07 106.33 104.53 101.58 102.19 102.34 106.65 107.84 106.61 106.26 107.14 109.38 109.18 109.92 114.12 115.30 117.58 121.13 126.83 134.63 143.63 211.75 244.44 306.34 383.02 449.65 377.29 339.55 345.42 269.86 226.01 216.52 207.58 189.86 188.37 184.99 183.58 182.53 204.89 228.47 242.37 251.58 264.40 275.42 286.90 316.31 337.72 348.89 351.80 356.74 334.19 280.79 284.88 285.47 311.25 420.07 504.31 567.37 636.03 556.08
128.70 128.19 126.40 124.99 123.42 118.21 111.56 108.09 106.64 107.03 105.55 103.96 101.98 102.00 102.95 104.70 110.38 114.35 111.47 108.61 107.18 108.02 108.21 109.09 114.29 122.49 123.89 128.74 135.46 139.22 170.73 209.98 226.55 287.63 353.01 395.16 417.27 410.71 394.59 358.68 316.20 253.82 237.63 237.67 237.14 231.06 215.57 237.33 262.48 252.33 255.60 261.88 273.98 302.47 314.41 319.23 334.39 368.14 382.83 447.68 409.21 365.47 368.23 368.75 430.16 514.16 677.28 848.33 867.77 792.32
136.87 135.87 128.86 124.99 120.87 112.62 110.16 107.99 109.05 108.11 103.38 100.82 99.67 101.08 101.99 101.24 110.84 121.51 112.99 109.54 106.13 105.65 107.61 111.75 114.32 118.68 127.64 133.91 137.74 143.11 171.00 203.73 225.44 293.56 339.51 365.14 390.42 428.17 422.47 448.18 457.89 411.95 366.47 337.89 302.15 273.16 243.52 250.31 248.26 257.59 263.50 270.87 286.30 312.04 332.08 337.10 345.26 351.18 376.40 408.48 371.50 366.41 364.25 361.39 445.36 541.32 685.99 841.52 864.72 864.74
132.96 130.99 125.29 121.65 112.80 109.43 107.04 103.71 108.42 106.91 97.84 95.94 96.72 99.50 99.62 100.21 103.52 105.37 104.42 102.96 103.57 103.69 105.63 108.13 111.10 117.14 124.99 134.09 142.27 149.68 149.90 165.89 193.93 244.52 311.55 346.31 377.72 414.87 465.08 523.43 549.41 551.42 507.69 432.01 385.60 316.89 249.81 239.84 240.76 256.53 250.40 282.49 315.11 344.73 363.42 375.27 373.00 366.02 354.73 366.64 348.97 341.05 367.82 320.58 375.68 498.82 667.35 770.05 779.48 772.90
120.69 121.03 119.93 116.39 108.98 107.28 104.94 100.40 104.80 99.93 95.56 94.11 94.79 96.03 94.97 98.06 106.36 110.33 110.88 108.51 112.75 118.40 117.37 117.51 120.45 122.69 124.92 131.08 144.95 149.06 160.60 180.46 196.16 239.06 298.01 340.92 371.85 442.92 503.18 567.41 603.82 628.70 602.55 525.04 433.04 345.39 231.33 183.62 145.67 157.75 226.42 272.17 314.99 365.63 396.70 424.24 442.30 441.87 425.61 379.45 352.17 335.18 343.68 273.43 259.12 277.22 340.15 354.43 342.82 375.50
113.42 114.53 114.45 114.25 106.98 101.22 98.39 95.32 97.45 92.19 88.99 87.91 90.75 93.18 95.05 99.06 107.31 111.95 114.32 117.69 118.52 119.35 123.63 124.63 127.18 128.86 131.80 137.12 155.34 162.64 178.89 185.79 205.36 245.43 319.20 354.42 397.52 458.93 526.07 592.79 672.97 712.86 733.58 699.89 557.08 431.85 354.21 237.76 153.38 177.16 235.80 274.65 300.36 345.03 391.86 414.55 394.63 398.25 400.39 401.35 374.94 324.23 291.57 219.13 147.59 171.12 208.05 -99.90 -99.90 -99.90
108.87 109.51 110.36 107.90 97.69 94.80 91.85 87.83 85.17 83.29 81.47 83.11 88.48 90.18 92.95 96.87 104.39 107.98 113.15 118.94 124.83 135.22 141.40 141.30 142.14 144.63 148.74 153.57 164.22 166.35 176.65 192.39 215.71 271.93 340.99 379.84 430.55 497.93 569.25 631.40 710.30 722.37 743.91 733.06 636.82 509.38 437.84 408.79 348.85 284.87 310.20 298.35 324.25 321.25 328.25 331.38 334.66 339.33 309.05 293.65 305.67 254.39 245.21 274.34 309.06 256.55 225.10 238.44 252.02 276.16
104.40 105.97 106.09 98.85 95.55 92.87 90.34 86.27 79.72 72.19 73.77 81.61 86.17 89.60 96.41 98.00 101.98 97.62 95.22 112.82 125.81 135.70 145.39 147.84 152.93 155.93 157.74 172.46 171.29 180.59 201.16 218.60 250.53 324.58 363.74 407.66 463.48 519.82 580.10 699.49 758.75 684.05 654.10 570.91 521.62 452.28 481.78 414.80 394.20 359.81 289.87 263.84 299.89 333.43 318.88 334.76 323.58 249.48 235.86 271.55 299.21 309.34 310.20 334.63 333.58 334.03 338.24 334.27 325.55 334.21
101.96 102.82 100.01 95.80 92.43 89.23 87.95 85.78 77.56 73.32 76.19 81.32 84.55 92.12 97.03 101.52 103.64 100.12 98.48 115.43 128.87 138.74 145.58 166.15 177.44 179.05 181.12 200.33 203.23 214.61 221.58 247.64 270.69 324.69 374.98 428.62 466.93 515.13 628.90 771.34 872.94 805.33 653.88 531.13 425.60 461.85 486.99 434.12 438.14 421.18 381.21 417.47 413.38 478.41 432.05 390.43 356.69 325.26 298.87 268.24 264.50 294.69 296.99 292.36 318.80 315.16 309.10 312.61 318.60 314.34
102.42 97.96 95.22 93.67 92.90 91.06 87.50 85.37 80.98 79.42 81.25 83.94 86.41 92.44 99.24 103.75 106.47 110.80 117.39 126.76 136.16 143.77 159.31 183.95 200.05 211.17 223.02 244.39 247.22 251.77 265.84 270.27 298.13 344.58 389.08 419.40 458.19 486.62 594.11 778.46 906.31 884.13 702.65 536.45 358.19 310.20 344.55 366.34 423.61 486.19 548.34 591.99 557.14 574.78 545.05 508.60 416.32 328.45 272.11 242.12 245.33 250.92 260.14 275.65 278.12 295.01 299.42 310.10 303.42 302.80
97.31 93.18 93.10 92.85 92.77 91.80 89.31 89.12 86.01 84.74 86.16 88.37 92.63 95.05 103.07 108.59 111.99 120.08 130.28 138.46 146.98 172.15 193.15 205.56 221.87 236.59 286.28 290.63 304.02 320.72 348.61 351.14 346.43 367.36 404.40 414.29 433.65 464.93 554.64 747.45 797.88 782.99 721.51 621.23 484.89 398.70 289.01 279.77 301.24 448.06 502.63 544.06 578.75 604.16 616.78 580.87 445.50 368.50 294.67 249.28 230.45 237.00 234.41 248.39 260.28 274.79 271.04 267.16 268.23 275.46
96.62 92.69 92.39 92.05 91.70 91.33 92.17 92.83 93.33 92.64 92.88 94.93 97.90 100.69 109.08 115.92 126.64 136.42 146.59 151.68 168.41 199.05 211.06 225.16 249.34 326.76 354.21 354.24 366.63 367.24 374.88 381.67 383.80 389.38 413.66 423.65 438.81 469.98 520.89 604.89 723.92 731.03 576.45 526.91 565.93 409.65 249.82 232.13 261.92 320.49 414.09 423.28 484.02 569.72 570.25 525.30 438.93 350.39 292.75 252.33 236.27 233.54 248.98 256.46 253.53 248.24 247.95 239.25 229.88 224.97
97.95 94.47 91.75 91.48 91.66 93.66 94.66 94.99 96.95 99.24 103.10 104.89 105.77 109.49 116.36 127.08 135.46 149.54 157.20 164.01 199.95 218.70 253.93 306.66 348.60 386.72 427.31 409.06 400.14 402.59 412.28 408.02 402.73 398.10 393.76 406.08 439.15 447.87 537.55 598.33 517.61 332.58 279.16 267.91 293.55 288.57 245.29 233.17 239.61 287.16 349.25 395.33 447.70 461.72 484.92 435.24 371.88 292.24 260.19 243.22 231.16 257.62 255.74 249.79 249.31 247.20 242.60 236.45 222.63 195.14
97.70 95.85 91.90 91.65 91.84 96.00 97.40 99.94 102.33 108.46 110.38 112.54 116.18 122.34 129.34 138.51 143.53 151.67 154.65 175.24 204.99 239.47 308.42 368.76 395.51 429.00 484.27 490.98 484.68 465.99 435.74 429.89 425.22 419.98 417.47 420.71 415.51 387.67 342.42 282.10 235.09 231.14 227.35 232.77 235.36 234.72 240.66 235.49 275.71 315.78 342.84 382.52 405.60 390.58 386.21 396.71 363.74 271.03 245.08 225.40 235.05 255.67 252.53 235.44 231.08 215.62 184.13 150.87 135.82 121.58
97.76 96.10 91.32 91.29 92.28 98.70 102.22 104.06 107.36 112.53 115.52 117.95 124.69 134.67 142.29 145.10 147.18 154.50 158.50 179.42 194.63 237.81 304.58 355.09 395.28 434.87 460.10 473.23 480.95 508.37 492.51 470.61 460.22 451.17 432.50 425.55 387.35 320.64 296.09 275.71 271.96 257.82 232.32 248.30 307.42 399.04 379.74 374.88 366.13 379.21 358.57 339.55 334.21 313.47 302.60 347.23 301.86 248.36 226.20 214.15 212.18 188.94 168.65 161.01 143.08 133.69 121.71 115.04 110.16 107.52
99.68 97.78 93.59 95.43 100.54 108.09 111.88 115.49 119.82 122.61 125.75 132.29 143.38 146.04 148.41 152.26 162.47 157.16 144.51 162.14 186.92 223.09 312.73 367.88 398.52 420.38 441.16 458.34 504.15 513.59 506.08 526.93 511.62 465.04 422.49 391.97 399.81 394.91 406.12 342.82 344.41 320.96 325.53 384.25 433.97 658.69 678.75 650.82 461.93 480.19 423.38 349.32 341.83 297.82 285.22 262.44 269.61 251.45 230.52 205.17 203.08 186.42 162.62 141.33 130.87 119.64 113.15 109.71 108.13 104.28
112.77 108.25 103.80 107.07 113.35 122.61 125.55 127.15 128.00 133.14 140.55 144.05 149.38 152.69 158.85 164.62 164.12 155.39 144.63 165.44 186.21 214.13 283.22 354.93 395.37 442.30 492.51 510.45 516.11 521.62 561.24 597.74 568.39 479.27 426.58 418.11 394.81 392.97 386.12 354.75 368.49 429.08 568.25 532.48 663.18 802.60 743.84 587.47 484.46 386.06 363.89 303.19 277.44 262.24 253.59 233.41 216.28 207.78 197.97 179.09 194.75 185.92 155.54 129.39 110.08 108.58 105.20 102.34 99.13 95.46
