arc/python_arcpy/Precipitation/APHRO_MA_025deg_1999.txt
ncols	360 
nrows	280 
xllcorner	60.125 
yllcorner	-14.875 
cellsize	0.25 
NODATA_value	-99.9 
[rows 93 to 123 of 280, columns 210 to 279 of 360]
628.69 654.60 679.95 704.72 708.07 725.64 767.40 830.06 879.15 895.67 917.65 926.32 966.77 975.11 1006.62 1033.58 993.06 939.72 842.38 856.42 960.74 1079.41 1140.99 1163.36 1197.30 1184.44 1190.25 1212.13 1242.34 1254.70 1261.78 1281.41 1298.60 1319.33 1320.67 1319.57 1297.65 1270.00 -99.90 -99.90 -99.90 -99.90 -99.90 -99.90 -99.90 -99.90 -99.90 -99.90 -99.90 -99.90 -99.90 -99.90 -99.90 -99.90 -99.90 -99.90 -99.90 -99.90 -99.90 -99.90 -99.90 -99.90 -99.90 -99.90 -99.90 -99.90 -99.90 -99.90 2340.86 2334.03
665.53 721.03 758.47 770.25 781.16 813.12 889.84 929.89 949.70 977.77 1045.24 1136.73 1159.34 1160.51 1213.09 1237.84 1151.77 1095.80 1048.99 1040.61 1076.92 1166.06 1225.68 1295.47 1326.46 1293.09 1238.09 1216.10 1323.58 1344.61 1348.62 1385.38 1388.55 1392.59 1364.83 1353.52 1313.38 1280.01 -99.90 -99.90 -99.90 -99.90 -99.90 -99.90 -99.90 -99.90 -99.90 -99.90 -99.90 -99.90 -99.90 -99.90 -99.90 -99.90 -99.90 -99.90 -99.90 -99.90 -99.90 -99.90 -99.90 -99.90 -99.90 -99.90 -99.90 -99.90 -99.90 -99.90 -99.90 -99.90
737.98 788.21 821.40 828.56 858.33 919.86 983.07 1032.63 1055.09 1081.78 1188.08 1254.83 1341.43 1363.62 1373.82 1381.76 1346.01 1319.34 1289.70 1276.68 1275.19 1330.78 1370.22 1456.69 1521.48 1417.58 1344.16 1259.87 1382.53 1426.36 1442.77 1485.07 1436.55 1405.72 1317.38 1356.40 1321.71 1300.92 -99.90 -99.90 -99.90 -99.90 -99.90 -99.90 -99.90 -99.90 -99.90 -99.90 -99.90 -99.90 -99.90 -99.90 -99.90 -99.90 -99.90 -99.90 -99.90 -99.90 -99.90 -99.90 -99.90 -99.90 -99.90 -99.90 -99.90 -99.90 -99.90 -99.90 -99.90 -99.90
815.99 859.43 898.21 928.72 984.94 1020.98 1069.26 1119.72 1160.89 1228.81 1319.39 1382.59 1445.97 1473.28 1533.30 1556.00 1479.44 1443.18 1448.33 1429.97 1506.95 1610.77 1660.76 1648.96 1657.47 1621.21 1579.54 1517.29 1492.72 1515.12 1518.52 1456.59 1405.50 1411.82 1405.16 1385.60 1357.88 1339.57 -99.90 -99.90 -99.90 -99.90 -99.90 -99.90 -99.90 -99.90 -99.90 -99.90 -99.90 -99.90 -99.90 -99.90 -99.90 -99.90 -99.90 -99.90 -99.90 -99.90 -99.90 -99.90 -99.90 -99.90 -99.90 -99.90 -99.90 -99.90 -99.90 -99.90 -99.90 3027.55
961.37 986.67 1047.17 1086.87 1131.68 1158.00 1231.87 1241.75 1278.68 1374.38 1454.31 1542.11 1623.01 1594.52 1592.63 1588.82 1521.39 1554.43 1682.31 1645.63 1763.54 1849.07 1900.28 1909.28 1920.13 1903.79 1831.67 1724.87 1638.01 1621.06 1591.37 1527.44 1461.81 1460.13 1465.03 1468.91 -99.90 -99.90 1370.15 1367.54 1353.94 1318.21 -99.90 -99.90 -99.90 -99.90 -99.90 -99.90 -99.90 -99.90 -99.90 -99.90 -99.90 -99.90 -99.90 -99.90 -99.90 -99.90 -99.90 -99.90 -99.90 -99.90 -99.90 -99.90 -99.90 -99.90 -99.90 -99.90 -99.90 -99.90
1070.74 1086.45 1131.45 1193.24 1245.51 1286.83 1349.45 1364.20 1426.51 1532.45 1617.09 1628.39 1660.53 1669.28 1603.80 1583.00 1541.10 1625.97 1820.89 1925.40 2050.42 2135.99 2121.62 2126.58 2111.45 2063.78 1968.48 1914.59 1764.91 1654.43 1649.69 1557.45 1488.50 1467.27 1465.42 1475.73 -99.90 -99.90 1403.67 1375.63 -99.90 -99.90 -99.90 -99.90 -99.90 -99.90 -99.90 -99.90 -99.90 -99.90 -99.90 -99.90 -99.90 -99.90 -99.90 -99.90 -99.90 -99.90 -99.90 -99.90 -99.90 -99.90 -99.90 -99.90 -99.90 -99.90 -99.90 -99.90 -99.90 -99.90
1161.60 1185.36 1244.11 1304.55 1398.04 1453.43 1464.50 1484.87 1538.76 1621.52 1688.66 1679.88 1692.24 1678.86 1646.20 1647.50 1648.76 1758.45 1906.43 2138.36 2208.63 2295.04 2524.08 2337.29 2150.37 2174.97 1976.22 1827.61 1755.97 1690.16 1660.25 1556.95 1483.14 1467.55 1470.03 1491.64 1483.12 1468.99 1452.35 1409.15 -99.90 -99.90 -99.90 -99.90 -99.90 -99.90 -99.90 -99.90 -99.90 -99.90 -99.90 -99.90 -99.90 -99.90 -99.90 -99.90 -99.90 -99.90 -99.90 -99.90 -99.90 -99.90 -99.90 -99.90 -99.90 -99.90 -99.90 -99.90 -99.90 -99.90
1271.39 1290.82 1360.06 1401.60 1489.92 1614.48 1584.03 1593.48 1661.97 1660.42 1622.85 1630.58 1670.53 1673.09 1650.14 1697.14 1800.65 1925.65 2060.55 2140.30 2202.48 2272.56 2334.02 2227.36 2111.17 2095.89 1949.54 1802.87 1711.69 1662.80 1610.54 1515.59 1474.40 1445.76 1513.57 1497.99 1506.12 1507.24 1478.61 1400.18 -99.90 -99.90 -99.90 -99.90 -99.90 -99.90 -99.90 -99.90 -99.90 -99.90 -99.90 -99.90 -99.90 -99.90 -99.90 -99.90 -99.90 -99.90 -99.90 -99.90 -99.90 -99.90 -99.90 -99.90 -99.90 -99.90 -99.90 -99.90 -99.90 3235.19
1352.67 1390.55 1430.81 1478.82 1555.05 1672.63 1682.54 1712.16 1730.56 1672.06 1627.72 1656.88 1758.51 1949.94 1934.42 1836.07 1897.82 1985.38 2134.98 2191.94 2297.11 2300.73 2281.80 2254.46 2135.07 1996.79 1887.95 1773.72 1674.45 1612.58 1509.21 1507.73 1487.72 1426.45 1543.38 1503.94 1501.93 1465.25 1432.49 1370.04 -99.90 -99.90 -99.90 -99.90 -99.90 -99.90 -99.90 -99.90 -99.90 -99.90 -99.90 -99.90 -99.90 -99.90 -99.90 -99.90 -99.90 -99.90 -99.90 -99.90 -99.90 -99.90 -99.90 -99.90 -99.90 -99.90 -99.90 -99.90 3356.74 -99.90
1419.64 1444.56 1484.28 1537.02 1625.19 1657.26 1694.04 1749.03 1768.75 1718.30 1595.45 1612.45 1697.62 1876.88 2000.60 1922.45 1952.48 2041.01 2185.67 2236.34 2213.86 2197.73 2250.21 2163.86 2036.81 1924.85 1794.30 1685.44 1612.74 1520.88 1489.10 1509.07 1524.91 1542.79 1586.50 1527.69 1492.54 1462.21 -99.90 -99.90 -99.90 -99.90 -99.90 -99.90 -99.90 -99.90 -99.90 -99.90 -99.90 -99.90 -99.90 -99.90 -99.90 -99.90 -99.90 -99.90 -99.90 -99.90 -99.90 -99.90 -99.90 -99.90 -99.90 -99.90 -99.90 -99.90 -99.90 -99.90 -99.90 -99.90
1446.56 1475.19 1513.72 1576.66 1658.94 1708.21 1705.48 1711.69 1706.51 1714.75 1745.93 1667.95 1537.44 1535.38 1659.01 1836.30 1970.54 2069.29 2175.58 2199.39 2174.12 2165.00 2156.62 2030.68 1982.39 1819.07 1687.47 1596.81 1546.15 1491.10 1493.78 1507.61 1600.13 1557.69 1579.46 1528.57 1472.87 1428.48 1367.66 -99.90 -99.90 -99.90 -99.90 -99.90 -99.90 -99.90 -99.90 -99.90 -99.90 -99.90 -99.90 -99.90 -99.90 -99.90 -99.90 -99.90 -99.90 -99.90 -99.90 -99.90 -99.90 -99.90 -99.90 -99.90 -99.90 -99.90 -99.90 -99.90 -99.90 -99.90
1486.99 1500.82 1543.24 1626.82 1708.60 1707.76 1698.75 1713.25 1742.89 1869.80 1756.75 1510.07 1382.85 1334.09 1546.57 1770.63 1945.35 2027.14 2085.03 2119.35 2112.59 2163.79 2113.50 1967.89 1848.79 1727.21 1681.75 1642.49 1531.80 1465.69 1467.58 1555.75 1585.59 1624.12 1638.71 1555.82 1463.96 -99.90 -99.90 -99.90 -99.90 -99.90 -99.90 -99.90 -99.90 -99.90 -99.90 -99.90 -99.90 -99.90 -99.90 -99.90 -99.90 -99.90 -99.90 -99.90 -99.90 -99.90 -99.90 -99.90 -99.90 -99.90 -99.90 -99.90 -99.90 -99.90 -99.90 -99.90 -99.90 -99.90
1494.57 1519.41 1564.22 1626.25 1695.06 1689.49 1720.42 1734.28 1770.00 1744.41 1599.04 1455.00 1411.09 1437.62 1662.80 1804.92 1919.09 2040.79 2057.83 2062.42 2075.16 2068.12 2005.69 1935.13 1877.28 1817.54 1744.32 1615.18 1544.63 1486.79 1430.86 1475.06 1516.83 1556.03 1537.24 1508.45 1368.70 1249.67 -99.90 -99.90 -99.90 -99.90 -99.90 -99.90 -99.90 -99.90 -99.90 -99.90 -99.90 -99.90 -99.90 -99.90 -99.90 -99.90 -99.90 -99.90 -99.90 -99.90 -99.90 -99.90 -99.90 -99.90 -99.90 -99.90 -99.90 -99.90 -99.90 -99.90 -99.90 -99.90
1513.54 1519.56 1543.42 1591.11 1666.71 1653.49 1695.19 1708.71 1695.06 1663.31 1591.86 1563.30 1568.29 1682.65 1795.11 1858.06 1929.12 1966.19 2050.15 2033.72 1955.49 1908.01 1897.27 1884.17 1950.50 1881.68 1810.07 1633.77 1507.02 1388.16 1386.73 1461.18 1428.06 1433.41 1418.03 1346.41 1250.53 1126.82 -99.90 -99.90 -99.90 -99.90 -99.90 -99.90 -99.90 -99.90 -99.90 -99.90 -99.90 -99.90 -99.90 -99.90 -99.90 -99.90 -99.90 -99.90 -99.90 -99.90 -99.90 -99.90 -99.90 -99.90 -99.90 -99.90 -99.90 -99.90 2302.89 2757.84 2335.89 2018.80
1511.24 1550.11 1564.21 1597.14 1619.77 1628.23 1637.22 1624.36 1605.43 1661.66 1649.14 1710.27 1822.62 1738.88 1814.62 1854.94 1891.26 1856.10 1939.43 2012.53 1931.47 1829.93 1954.54 1912.85 1891.22 1873.49 1775.12 1664.60 1561.38 1432.30 1399.73 1391.53 1418.11 1326.54 1220.82 1219.95 -99.90 -99.90 -99.90 -99.90 -99.90 -99.90 -99.90 -99.90 -99.90 -99.90 -99.90 -99.90 -99.90 -99.90 -99.90 -99.90 -99.90 -99.90 -99.90 -99.90 -99.90 -99.90 -99.90 -99.90 -99.90 -99.90 -99.90 -99.90 -99.90 -99.90 2132.21 2436.76 -99.90 -99.90
1568.35 1622.70 1661.41 1633.93 1617.24 1615.29 1599.33 1591.23 1603.28 1631.01 1635.11 1702.41 1825.34 1789.69 1804.31 1823.24 1818.35 1843.68 1927.79 1972.86 2049.88 2046.90 1947.75 1845.33 1859.15 1857.97 1849.80 1746.42 1656.10 1462.18 1408.22 1343.53 1156.43 1146.56 1164.49 -99.90 -99.90 -99.90 -99.90 -99.90 -99.90 -99.90 -99.90 -99.90 -99.90 -99.90 -99.90 -99.90 -99.90 -99.90 -99.90 -99.90 -99.90 -99.90 -99.90 -99.90 -99.90 -99.90 -99.90 -99.90 -99.90 -99.90 -99.90 -99.90 -99.90 1471.50 1983.09 -99.90 -99.90 -99.90
1651.16 1717.57 1689.71 1655.63 1622.66 1603.29 1649.22 1643.17 1619.03 1586.45 1609.07 1643.00 1688.18 1730.14 1785.15 1778.14 1745.25 1802.46 1869.39 1859.36 1939.03 1858.33 1808.42 1789.43 1802.67 1811.70 1801.15 1774.02 1683.34 1473.37 1435.66 1325.34 1180.29 -99.90 -99.90 -99.90 -99.90 -99.90 -99.90 -99.90 -99.90 -99.90 -99.90 -99.90 -99.90 -99.90 -99.90 -99.90 -99.90 -99.90 -99.90 -99.90 -99.90 -99.90 -99.90 -99.90 -99.90 -99.90 -99.90 -99.90 -99.90 -99.90 -99.90 -99.90 -99.90 1746.75 1907.01 -99.90 -99.90 -99.90
1801.48 1801.22 1690.17 1667.46 1644.43 1658.47 1674.36 1615.92 1553.17 1551.05 1565.15 1596.20 1606.13 1664.69 1722.87 1725.71 1678.78 1692.72 1755.64 1807.02 1815.24 1771.26 1700.46 1717.80 1735.72 1740.18 1824.74 1779.53 1727.98 1609.79 1558.15 1372.92 1201.51 -99.90 1086.42 -99.90 -99.90 -99.90 -99.90 -99.90 -99.90 -99.90 -99.90 -99.90 -99.90 -99.90 -99.90 -99.90 -99.90 -99.90 -99.90 -99.90 -99.90 -99.90 -99.90 -99.90 -99.90 -99.90 -99.90 -99.90 -99.90 -99.90 -99.90 -99.90 1827.19 -99.90 -99.90 -99.90 -99.90 -99.90
1630.03 1682.92 1653.91 1622.86 1679.56 1630.02 1583.60 1541.01 1517.55 1512.70 1544.59 1564.82 1592.78 1668.52 1692.32 1670.37 1629.59 1657.82 1729.71 1725.47 1687.69 1720.78 1651.22 1638.34 1657.99 1785.79 1860.47 1806.50 1657.27 1628.08 1524.18 1305.58 1176.59 -99.90 -99.90 -99.90 -99.90 -99.90 -99.90 -99.90 -99.90 -99.90 -99.90 -99.90 -99.90 -99.90 -99.90 -99.90 -99.90 -99.90 -99.90 -99.90 -99.90 -99.90 -99.90 -99.90 -99.90 -99.90 -99.90 -99.90 -99.90 1976.02 -99.90 1930.09 -99.90 -99.90 -99.90 -99.90 -99.90 -99.90
1327.28 1511.06 1592.32 1598.91 1608.97 1619.09 1566.76 1549.59 1475.59 1438.06 1456.76 1507.14 1576.14 1629.40 1596.25 1611.70 1618.59 1620.61 1621.32 1628.36 1611.55 1582.95 1616.80 1603.93 1720.10 1796.08 1821.87 1766.23 1685.78 1615.35 1420.52 1283.57 -99.90 -99.90 -99.90 -99.90 -99.90 -99.90 -99.90 -99.90 -99.90 -99.90 -99.90 -99.90 -99.90 -99.90 -99.90 -99.90 -99.90 -99.90 -99.90 -99.90 -99.90 -99.90 -99.90 -99.90 -99.90 -99.90 -99.90 -99.90 -99.90 1930.69 2143.55 2166.89 -99.90 -99.90 -99.90 -99.90 -99.90 -99.90
1405.62 1470.84 1534.10 1548.15 1571.50 1611.16 1740.96 1520.06 1429.30 1392.15 1439.28 1522.53 1541.28 1531.35 1520.32 1533.55 1574.59 1580.40 1553.00 1531.00 1535.15 1513.91 1552.85 1553.06 1597.10 1655.39 1673.86 1751.98 1703.64 1535.33 1403.29 -99.90 -99.90 -99.90 -99.90 -99.90 -99.90 -99.90 -99.90 -99.90 -99.90 -99.90 -99.90 -99.90 -99.90 -99.90 -99.90 -99.90 -99.90 -99.90 -99.90 -99.90 -99.90 -99.90 -99.90 -99.90 -99.90 -99.90 1803.11 -99.90 -99.90 1926.22 2197.21 2216.19 -99.90 -99.90 -99.90 -99.90 -99.90 -99.90
1427.87 1444.66 1480.06 1492.13 1557.26 1658.77 1665.35 1476.28 1375.45 1340.05 1355.80 1350.51 1421.66 1401.20 1440.01 1480.12 1494.94 1490.81 1471.68 1453.59 1455.90 1451.35 1490.83 1452.15 1424.10 1520.54 1579.79 1541.17 1500.45 1413.95 -99.90 -99.90 -99.90 -99.90 -99.90 -99.90 -99.90 -99.90 -99.90 -99.90 -99.90 -99.90 -99.90 -99.90 -99.90 -99.90 -99.90 -99.90 -99.90 -99.90 -99.90 -99.90 -99.90 -99.90 -99.90 -99.90 1891.03 1996.36 -99.90 -99.90 1636.83 1715.98 -99.90 -99.90 -99.90 -99.90 -99.90 -99.90 -99.90 -99.90
1385.33 1386.74 1396.13 1442.58 1544.82 1600.06 1495.54 1355.38 1316.50 1271.21 1267.07 1301.07 1336.54 1353.06 1381.30 1435.25 1445.19 1409.41 1391.33 1343.99 1430.21 1431.11 1407.23 1441.74 1418.26 1406.29 1414.54 1420.09 1368.75 1330.50 -99.90 -99.90 -99.90 -99.90 -99.90 -99.90 -99.90 -99.90 -99.90 -99.90 -99.90 -99.90 -99.90 -99.90 -99.90 -99.90 -99.90 -99.90 -99.90 -99.90 -99.90 -99.90 -99.90 -99.90 -99.90 -99.90 -99.90 -99.90 -99.90 1752.54 1653.69 1659.51 -99.90 -99.90 -99.90 -99.90 -99.90 -99.90 -99.90 -99.90
1308.51 1290.63 1315.57 1348.63 1422.53 1453.61 1381.81 1285.92 1235.98 1189.84 1211.12 1257.67 1289.72 1300.63 1341.25 1445.42 1439.72 1412.29 1368.45 1290.83 1369.69 1372.61 1422.89 1424.96 1389.78 1422.95 1391.52 1310.86 1244.94 -99.90 -99.90 -99.90 -99.90 -99.90 -99.90 -99.90 -99.90 -99.90 -99.90 -99.90 -99.90 -99.90 -99.90 -99.90 -99.90 -99.90 -99.90 -99.90 -99.90 -99.90 -99.90 -99.90 -99.90 -99.90 -99.90 -99.90 -99.90 -99.90 -99.90 -99.90 -99.90 -99.90 -99.90 -99.90 -99.90 -99.90 -99.90 -99.90 -99.90 -99.90
1274.44 1294.36 1329.03 1298.80 1300.28 1323.75 1313.98 1300.11 1241.72 1213.56 1226.57 1243.49 1212.37 1227.49 1310.61 1318.65 1379.93 1411.38 1397.46 1347.13 1343.19 1393.39 1465.33 1393.70 1387.21 1335.41 1298.15 1182.17 1085.88 1021.95 -99.90 -99.90 -99.90 -99.90 -99.90 -99.90 -99.90 -99.90 -99.90 -99.90 -99.90 -99.90 -99.90 -99.90 -99.90 -99.90 -99.90 -99.90 -99.90 -99.90 -99.90 -99.90 -99.90 -99.90 -99.90 -99.90 -99.90 -99.90 -99.90 -99.90 -99.90 -99.90 -99.90 -99.90 -99.90 -99.90 -99.90 -99.90 -99.90 -99.90
1260.77 1241.29 1223.16 1308.55 1286.13 1266.97 1281.75 1249.75 1215.62 1198.98 1161.87 1149.29 1170.64 1204.60 1261.41 1280.56 1325.89 1400.57 1370.23 1323.32 1358.53 1382.18 1381.35 1343.65 1275.72 1250.30 1186.31 1119.90 1000.31 968.90 -99.90 -99.90 -99.90 -99.90 -99.90 1562.01 1807.02 -99.90 -99.90 -99.90 -99.90 -99.90 -99.90 -99.90 -99.90 -99.90 -99.90 -99.90 -99.90 -99.90 -99.90 -99.90 -99.90 -99.90 -99.90 -99.90 -99.90 -99.90 -99.90 -99.90 -99.90 -99.90 -99.90 -99.90 -99.90 -99.90 -99.90 -99.90 -99.90 -99.90
1257.62 1213.74 1198.55 1185.30 1171.14 1195.79 1254.87 1245.17 1172.29 1115.73 1138.66 1139.41 1165.54 1194.79 1229.89 1302.16 1336.75 1366.69 1374.33 1403.66 1397.85 1401.09 1307.97 1248.43 1260.83 1242.70 1169.58 1088.63 981.55 -99.90 -99.90 -99.90 -99.90 -99.90 1023.64 1274.48 2158.26 2113.33 -99.90 -99.90 -99.90 -99.90 -99.90 -99.90 -99.90 -99.90 -99.90 -99.90 -99.90 -99.90 -99.90 -99.90 -99.90 -99.90 -99.90 -99.90 -99.90 -99.90 -99.90 -99.90 -99.90 -99.90 -99.90 -99.90 -99.90 -99.90 -99.90 -99.90 -99.90 -99.90
1288.71 1280.98 1209.99 1138.00 1095.34 1175.84 1205.38 1231.31 1172.68 1116.08 1090.80 1112.83 1100.09 1155.03 1178.33 1253.39 1261.32 1310.76 1370.18 1404.78 1396.76 1377.25 1300.81 1198.85 1160.35 1328.48 -99.90 -99.90 -99.90 -99.90 -99.90 -99.90 -99.90 965.36 1022.13 1135.99 2009.27 2238.87 -99.90 -99.90 -99.90 -99.90 -99.90 -99.90 -99.90 -99.90 -99.90 -99.90 -99.90 -99.90 1524.44 1837.67 -99.90 -99.90 -99.90 -99.90 -99.90 -99.90 -99.90 -99.90 -99.90 -99.90 -99.90 -99.90 -99.90 -99.90 -99.90 -99.90 -99.90 -99.90
1266.16 1275.52 1243.91 1180.41 1180.42 1233.68 1240.46 1250.20 1217.63 1177.59 1111.86 1106.12 1113.09 1088.26 1118.39 1160.37 1187.27 1290.92 1342.91 1330.11 1415.24 1333.59 1206.43 1124.20 1101.43 -99.90 -99.90 -99.90 -99.90 -99.90 -99.90 -99.90 934.16 994.28 1174.21 1474.62 2036.10 2676.78 -99.90 -99.90 -99.90 -99.90 -99.90 -99.90 -99.90 -99.90 -99.90 1882.15 1887.46 -99.90 -99.90 1811.17 -99.90 -99.90 -99.90 -99.90 -99.90 -99.90 -99.90 -99.90 -99.90 -99.90 -99.90 -99.90 -99.90 -99.90 -99.90 -99.90 -99.90 -99.90
1292.85 1281.80 1288.26 1283.65 1291.12 1277.21 1277.96 1309.59 1285.46 1183.96 1126.02 1097.64 1076.41 1046.58 1016.51 1096.51 1139.17 1225.95 1283.10 1268.81 1318.74 1247.06 1203.42 1164.91 -99.90 -99.90 -99.90 -99.90 -99.90 -99.90 -99.90 -99.90 917.01 1284.30 1548.32 1771.83 1862.42 2020.73 -99.90 -99.90 -99.90 1694.53 1645.56 -99.90 1756.07 1872.95 1856.29 1935.26 -99.90 -99.90 -99.90 -99.90 -99.90 -99.90 -99.90 -99.90 -99.90 -99.90 -99.90 -99.90 -99.90 -99.90 -99.90 -99.90 -99.90 -99.90 -99.90 -99.90 -99.90 -99.90
1351.69 1334.91 1350.00 1392.81 1414.04 1375.09 1373.13 1332.79 1297.84 1192.00 1153.60 1118.10 1076.36 1049.73 1059.88 1099.51 1125.71 1176.16 1202.92 1190.04 1154.38 1128.61 1222.50 -99.90 -99.90 -99.90 -99.90 -99.90 -99.90 -99.90 -99.90 1105.56 1160.74 1655.58 1744.80 1991.48 1647.29 -99.90 -99.90 -99.90 -99.90 -99.90 -99.90 -99.90 -99.90 1815.91 1834.03 -99.90 -99.90 -99.90 -99.90 -99.90 -99.90 -99.90 -99.90 -99.90 -99.90 -99.90 -99.90 -99.90 -99.90 -99.90 -99.90 -99.90 -99.90 -99.90 -99.90 -99.90 -99.90 -99.90
