arc/python_arcpy/Precipitation/APHRO_MA_025deg_2003.txt
ncols	360 
nrows	280 
xllcorner	60.125 
yllcorner	-14.875 
cellsize	0.25 
NODATA_value	-99.9 
[rows 31 to 61 of 280, columns 70 to 139 of 360]
168.43 191.89 200.52 206.95 208.76 213.27 225.18 241.15 250.16 251.75 251.58 274.81 272.85 277.59 319.35 391.64 447.75 402.03 386.94 382.72 338.15 325.20 327.57 323.07 310.09 294.18 276.62 256.34 251.71 248.71 267.49 266.53 253.68 219.42 196.78 179.16 158.15 151.91 144.23 130.59 131.59 148.04 154.22 157.75 160.82 163.80 162.48 164.10 165.57 168.22 172.65 173.84 178.13 152.01 142.15 146.25 122.57 122.23 119.99 116.97 122.10 129.30 122.20 108.46 100.79 89.21 91.96 98.07 102.15 101.79
179.81 196.46 208.17 215.47 218.80 216.48 228.02 249.44 268.66 260.78 250.86 264.78 271.94 278.63 298.55 313.01 311.12 293.86 268.05 271.98 279.96 283.49 284.49 291.32 296.19 287.09 257.59 246.88 247.34 230.77 210.04 190.91 175.35 167.48 160.15 151.15 148.27 146.47 141.72 137.60 142.87 151.52 154.31 152.55 153.16 160.60 160.33 167.80 174.07 177.00 188.17 193.76 184.92 170.36 144.07 141.74 126.78 113.65 109.42 102.31 108.35 107.30 116.87 114.57 107.90 92.16 93.57 99.53 95.64 97.05
193.13 204.06 211.78 216.90 222.85 223.77 234.85 260.57 276.81 280.56 272.09 271.41 269.71 276.87 276.95 258.32 254.21 240.95 231.53 226.13 237.87 243.78 224.30 223.18 230.55 237.32 255.44 261.38 231.00 210.98 197.55 178.67 157.38 142.41 138.26 139.28 141.04 141.08 140.00 142.51 152.96 157.25 155.26 152.66 158.95 161.02 158.72 159.77 172.96 183.30 198.96 224.16 195.99 166.92 144.64 131.91 122.84 111.77 108.63 106.23 103.43 105.65 102.91 101.63 114.30 93.53 97.36 94.31 94.12 94.63
201.14 206.76 211.19 216.71 224.90 234.05 262.90 292.66 318.88 330.23 313.04 286.00 272.46 265.98 249.44 228.15 210.82 206.92 199.06 199.89 202.20 202.62 201.28 195.64 192.64 220.31 251.43 234.92 214.09 189.61 169.42 148.44 138.47 137.57 136.56 136.89 140.53 140.28 139.16 142.48 150.48 150.98 153.96 155.70 160.77 158.66 158.72 158.91 166.66 174.81 180.56 184.61 178.38 168.01 154.11 143.65 127.74 111.83 113.32 107.18 112.57 106.51 106.23 95.84 90.92 72.02 75.22 93.77 98.79 98.32
209.16 217.98 221.14 226.62 239.02 254.00 296.69 349.48 347.78 360.36 388.11 389.67 367.52 333.57 239.16 215.39 205.21 193.47 183.71 182.18 185.39 195.58 195.79 203.89 199.00 201.45 208.16 202.52 195.19 164.76 156.57 149.20 139.71 137.96 136.04 135.39 135.36 135.47 137.58 139.28 148.01 152.78 153.12 150.93 152.85 150.89 151.18 154.12 154.08 157.75 161.15 162.47 161.58 157.59 149.82 138.52 126.58 126.01 123.92 124.07 122.30 112.90 107.34 97.82 89.13 82.35 81.24 84.55 91.74 97.74
219.74 224.86 229.90 243.44 264.45 305.90 365.87 468.26 480.15 472.94 485.91 498.14 501.31 473.31 391.55 285.65 195.53 166.93 156.26 158.76 168.78 205.47 230.40 213.73 227.59 214.54 194.93 192.15 180.22 162.86 153.93 150.36 149.39 140.86 138.81 135.47 132.51 129.60 128.24 136.16 142.49 145.10 141.76 143.93 145.97 147.43 145.47 145.65 149.40 148.45 149.44 152.34 156.33 151.07 143.79 133.36 132.02 124.96 127.04 129.84 131.08 122.56 116.89 111.33 101.52 94.59 87.31 93.55 97.28 102.68
237.61 246.13 256.29 268.84 343.89 397.65 442.75 539.54 537.82 532.14 539.23 567.53 627.85 551.52 465.53 379.15 274.37 127.69 95.76 123.63 152.92 199.30 213.81 208.68 200.13 189.41 179.12 167.68 155.51 150.62 150.47 150.43 148.24 141.00 138.55 134.95 132.72 131.56 130.44 132.94 137.26 140.52 138.30 138.28 141.86 143.34 145.44 147.87 145.97 141.82 139.81 141.93 153.82 149.98 144.02 135.57 132.95 127.57 125.53 126.85 130.43 125.34 118.13 117.79 110.38 102.72 92.11 93.83 97.40 103.12
253.55 275.29 296.51 402.07 458.01 520.41 539.50 574.89 583.28 602.85 623.91 646.99 698.64 566.47 463.41 379.19 290.29 185.54 115.53 117.87 130.69 160.35 182.29 179.55 165.49 160.11 156.28 151.00 150.85 152.30 150.11 145.71 142.76 139.63 137.02 135.35 133.91 132.06 130.72 129.42 133.00 143.15 136.32 135.90 137.04 142.83 143.10 138.80 136.44 133.20 132.66 141.09 155.71 147.07 144.44 137.87 134.18 125.92 117.84 119.46 115.75 117.68 113.97 106.70 97.81 91.60 90.13 87.67 90.78 98.79
251.87 286.19 431.41 513.60 564.87 639.62 705.78 714.35 754.00 754.04 752.27 682.00 528.91 439.29 360.91 283.16 247.61 200.17 173.33 144.66 138.24 138.25 140.25 144.57 148.60 150.45 150.02 150.47 147.21 148.63 148.59 145.64 143.43 140.98 138.44 136.58 133.96 132.09 130.37 129.07 127.29 134.18 139.60 136.80 137.92 137.00 135.36 134.56 133.16 130.30 134.28 133.49 137.18 131.17 124.95 130.24 126.98 123.65 121.59 118.20 116.05 113.05 108.68 96.87 97.57 92.72 91.45 88.79 88.87 89.18
283.53 383.12 450.77 553.40 614.54 768.96 872.69 883.19 809.12 767.27 714.67 657.11 472.46 382.75 324.61 284.97 226.20 180.82 161.00 149.63 139.12 136.92 138.16 141.19 141.47 143.70 148.63 151.56 150.00 151.50 149.86 146.96 145.77 144.77 143.70 141.34 137.59 134.69 131.83 130.25 128.41 126.85 138.09 136.72 135.05 133.52 132.78 132.85 132.66 132.70 129.56 127.61 129.63 114.26 107.67 118.58 124.11 115.40 113.48 104.05 101.02 104.64 95.31 85.86 84.28 78.19 81.25 80.91 81.83 80.34
328.02 421.65 499.97 603.06 640.02 728.76 774.22 802.49 743.35 706.27 723.52 611.56 511.11 447.72 376.44 371.85 297.94 236.60 185.75 154.17 146.05 139.70 141.32 144.19 143.52 145.94 149.54 153.98 157.64 158.35 154.71 152.79 150.64 149.13 146.04 141.82 138.61 136.36 135.77 134.77 132.62 131.61 128.80 132.45 141.13 136.04 132.15 130.15 127.40 126.15 126.37 120.41 124.43 109.88 110.00 109.40 119.92 116.52 115.92 112.04 99.65 95.48 90.63 72.09 70.97 64.85 64.02 63.07 59.08 56.18
360.23 416.92 463.77 549.73 623.27 683.72 696.18 693.10 627.15 502.99 450.14 464.39 412.83 389.89 437.23 396.31 365.27 328.31 243.55 189.14 162.20 157.09 196.48 241.07 178.81 147.86 151.55 156.94 173.76 166.43 158.60 155.70 153.17 153.49 151.14 144.59 140.76 137.52 135.08 132.76 129.60 127.37 127.64 120.67 113.64 111.93 111.79 117.35 129.25 125.89 132.76 121.46 125.22 119.83 114.09 109.68 108.44 100.46 97.98 106.56 106.66 101.66 89.36 77.95 69.22 59.59 58.71 52.93 46.02 39.10
328.59 359.05 423.41 468.20 469.21 510.36 530.60 504.89 421.54 334.46 294.19 304.47 310.85 328.00 372.46 389.46 392.04 390.08 374.22 346.11 327.39 292.94 324.40 330.77 276.25 256.25 246.08 213.39 203.13 184.19 163.08 151.81 152.40 151.69 148.87 144.26 140.51 136.13 131.83 126.85 121.26 118.08 119.81 118.37 113.14 107.78 105.41 104.38 109.13 105.28 104.57 106.21 103.58 102.23 101.34 102.53 95.60 91.86 94.37 100.63 102.09 99.94 99.87 86.33 73.62 62.29 52.73 39.68 36.76 35.41
400.00 366.18 346.24 347.76 372.96 376.10 380.41 369.94 354.79 328.26 302.28 302.22 305.82 308.29 315.42 321.73 313.26 332.05 358.37 349.20 349.57 336.88 327.60 350.39 352.51 319.58 287.48 262.66 252.36 246.67 238.23 206.83 193.05 172.96 164.47 149.61 138.48 134.49 122.20 110.97 113.03 118.62 140.91 158.97 141.96 120.48 105.94 105.84 112.52 111.00 102.29 98.52 89.55 83.78 87.66 90.72 94.99 99.53 97.06 102.65 134.68 152.50 163.03 134.38 104.54 68.28 48.59 38.75 34.07 31.22
540.25 466.65 385.06 363.93 372.21 410.55 430.90 390.94 376.99 383.16 377.36 382.23 411.47 435.86 445.46 428.00 367.09 316.19 311.69 342.69 329.82 318.03 320.37 314.19 329.22 307.39 277.52 253.24 252.66 251.56 257.91 246.77 231.82 238.41 221.11 197.04 183.33 141.05 119.40 115.34 115.09 120.61 135.02 138.38 146.66 132.88 124.86 108.74 113.44 111.60 103.01 99.26 93.08 86.89 88.04 77.32 72.88 81.76 99.98 109.14 141.92 199.54 207.35 167.51 124.16 96.91 71.64 58.11 43.16 34.65
794.92 630.65 489.02 438.01 463.24 463.84 470.48 483.50 497.04 502.17 515.93 526.71 531.60 552.86 568.83 552.61 506.12 447.54 388.13 343.13 307.63 301.12 315.51 295.69 292.22 291.73 282.15 223.02 226.18 235.63 234.93 232.52 227.96 230.12 221.72 208.63 190.23 176.79 175.43 155.75 131.32 121.81 128.13 134.72 118.81 104.36 97.94 97.08 109.69 105.57 92.95 90.45 85.82 72.53 67.33 56.71 45.41 51.70 66.37 79.01 102.59 131.91 141.64 107.29 105.84 98.50 81.62 80.70 68.41 54.02
1021.82 792.90 582.84 539.61 558.37 544.16 521.16 523.11 539.02 535.15 547.17 543.89 546.82 557.02 575.49 533.23 459.37 397.35 413.93 391.82 367.57 365.64 362.27 312.98 297.96 282.54 236.67 220.63 219.32 212.66 209.01 210.51 215.53 221.57 220.37 208.61 203.32 202.76 188.09 176.11 143.77 116.71 115.21 108.58 95.76 81.28 67.81 61.82 66.45 72.86 69.01 62.47 57.47 52.80 49.55 44.48 37.57 40.58 47.62 57.28 63.89 63.59 62.28 61.22 57.59 65.23 87.27 85.26 74.90 69.03
949.40 795.19 672.52 619.21 614.81 638.47 574.51 528.65 524.46 518.41 507.16 498.18 476.55 484.18 489.23 483.51 466.96 417.95 411.41 406.64 373.10 358.73 341.33 285.23 270.17 238.07 216.06 205.52 210.10 213.49 207.89 200.30 203.53 213.10 217.30 206.23 204.65 192.35 178.39 164.66 123.91 104.55 94.78 88.85 76.69 66.09 49.51 43.32 48.87 55.58 55.84 56.60 53.44 48.72 48.01 47.68 45.29 44.34 46.65 49.52 47.58 46.79 46.67 47.01 47.87 53.83 61.95 72.54 75.02 65.54
566.86 540.20 564.30 580.57 612.38 637.44 584.11 550.31 536.45 522.41 514.80 499.78 492.89 482.00 483.99 453.01 417.81 380.52 380.92 368.55 343.42 331.87 300.91 282.88 255.05 234.75 207.77 197.84 201.09 196.61 200.21 203.74 203.45 202.73 195.75 202.76 196.94 168.38 169.30 146.17 128.57 107.60 96.87 90.39 80.21 69.72 60.24 54.25 52.43 52.84 55.15 56.69 58.20 57.65 57.29 56.83 55.92 52.25 49.35 43.91 43.16 44.90 46.18 45.63 48.62 54.07 57.26 58.97 61.77 59.72
-99.90 458.86 478.60 496.16 501.97 516.87 515.79 503.63 507.57 504.33 522.33 519.69 497.83 484.67 407.02 376.33 363.26 353.20 338.75 274.01 233.97 246.26 240.88 243.11 237.41 206.90 216.47 197.56 194.68 189.62 180.95 167.73 132.62 117.68 115.05 118.46 117.38 111.22 113.17 103.67 98.32 95.34 95.57 93.47 91.05 84.35 73.80 67.01 63.48 61.92 59.71 59.60 61.39 61.45 65.01 66.73 64.82 58.18 51.01 44.90 44.63 46.74 46.53 47.55 49.54 51.68 55.12 58.34 60.03 57.86
374.31 420.04 421.54 423.63 413.03 408.51 407.20 426.58 445.34 466.33 493.74 457.11 395.20 377.47 348.23 317.77 261.70 253.07 216.96 184.87 164.89 157.20 152.28 163.24 157.63 138.17 132.45 128.15 126.57 130.29 130.72 143.19 139.35 111.72 102.36 106.10 110.40 102.41 98.71 96.38 94.31 92.19 90.70 87.16 86.16 85.20 79.22 72.50 70.77 68.68 67.66 66.87 66.76 70.41 70.71 71.41 68.84 60.29 49.74 48.55 47.56 51.25 51.99 52.28 53.22 55.17 57.04 63.92 63.15 62.38
404.41 394.55 372.02 358.07 336.43 354.67 388.65 367.73 372.64 403.55 401.32 341.81 311.18 265.48 223.48 197.05 180.82 193.68 181.81 166.75 152.55 145.82 139.67 132.57 127.85 124.15 119.04 110.89 107.85 105.08 102.09 95.51 93.69 93.98 91.40 95.34 99.20 98.62 96.32 94.06 92.02 90.59 89.24 86.03 84.95 83.54 80.34 73.97 71.81 71.15 70.61 73.46 73.39 71.82 72.69 71.58 71.32 64.45 57.87 52.05 50.50 53.94 52.13 52.70 53.01 55.33 63.59 67.16 69.02 67.32
370.35 342.15 331.26 319.40 333.20 346.51 332.90 272.99 214.63 235.58 213.75 175.40 165.61 163.98 165.98 164.45 168.04 176.13 169.85 157.84 144.58 136.70 129.36 126.23 123.55 116.63 109.27 102.34 100.31 102.20 102.06 100.26 92.20 89.02 86.55 89.69 92.11 94.70 93.48 90.16 90.60 87.77 87.13 86.28 85.33 84.33 82.09 73.76 72.69 71.91 72.28 74.94 72.86 71.41 71.67 70.53 68.47 60.54 54.89 52.68 53.61 55.22 56.88 57.99 58.24 60.69 69.51 74.55 78.83 72.45
351.46 317.48 301.96 311.32 308.23 278.25 204.77 163.35 149.18 151.04 149.06 147.99 149.58 151.70 155.07 152.61 153.16 154.04 149.71 141.24 129.66 123.65 120.53 116.53 111.50 106.93 103.59 100.89 99.08 99.28 101.85 97.05 89.37 88.78 89.15 87.63 87.17 86.76 85.58 85.08 86.88 86.79 87.22 84.23 82.55 79.55 81.35 75.28 71.22 69.95 66.29 67.43 69.90 71.22 65.70 55.96 59.36 55.93 51.14 53.89 52.28 54.96 52.86 55.28 57.88 61.98 66.84 68.55 71.68 69.62
298.29 286.27 281.88 272.82 245.64 209.27 186.97 160.60 143.49 143.52 141.53 137.72 138.80 140.41 142.34 140.97 141.21 137.89 134.51 131.91 123.76 118.88 114.76 112.25 109.19 106.59 104.29 102.02 98.77 97.11 91.25 84.31 83.02 84.09 84.88 82.90 80.50 79.03 76.91 71.94 69.31 70.07 71.79 70.57 71.57 70.35 73.24 70.52 68.43 68.32 66.24 59.34 57.20 58.15 53.01 52.29 49.55 47.18 50.05 51.61 51.81 52.11 52.01 53.91 55.46 59.45 57.64 61.00 63.35 63.95
251.25 247.32 245.47 249.21 230.53 211.68 196.01 164.70 144.52 141.48 136.44 132.04 129.36 127.98 129.45 131.22 129.40 126.90 126.26 125.30 119.70 113.64 111.42 108.98 105.89 102.52 101.45 100.07 98.16 96.28 91.60 81.32 81.31 82.89 82.62 80.59 77.66 75.45 72.64 66.93 62.80 59.43 59.97 63.71 68.65 69.70 71.26 70.39 66.65 64.21 63.33 58.20 46.90 42.95 45.23 43.21 39.87 46.45 47.14 46.16 47.66 48.58 50.23 48.64 51.47 54.91 55.05 56.64 57.94 57.52
226.35 223.72 208.47 195.66 181.54 163.14 154.11 146.78 143.53 139.06 134.26 129.21 123.35 115.50 108.43 114.01 117.13 119.12 120.38 118.67 117.12 109.68 106.97 102.77 101.80 99.38 96.57 93.72 92.51 85.45 76.07 75.19 77.13 79.79 81.10 79.02 76.28 73.25 70.14 64.13 52.39 51.04 54.08 57.32 63.10 66.02 65.81 65.83 67.39 62.74 55.61 43.35 41.55 41.42 41.31 39.83 39.36 39.85 40.43 40.56 42.12 43.65 45.02 43.74 50.20 51.50 51.38 51.43 51.13 50.70
145.57 152.31 143.10 145.85 145.11 146.68 145.60 143.73 140.85 137.30 133.26 128.66 122.71 111.93 101.86 107.12 111.55 113.73 114.01 114.11 110.28 104.51 99.14 96.28 94.88 91.74 86.18 84.25 84.56 75.82 72.51 71.45 71.02 70.76 71.54 73.51 72.71 69.53 65.23 60.98 55.21 54.72 55.73 54.04 55.75 60.60 64.39 64.81 64.28 55.19 44.21 42.06 41.76 41.28 42.79 41.19 40.77 40.43 41.06 41.48 42.10 42.94 44.80 45.04 47.09 48.87 47.61 48.71 47.29 46.88
124.82 119.77 123.18 129.32 137.59 135.82 133.91 132.30 136.27 136.38 133.68 129.93 122.72 114.22 111.35 110.45 110.52 110.78 110.13 106.84 99.77 96.66 90.98 89.54 90.37 87.02 81.98 80.98 80.57 73.84 66.69 66.38 67.22 67.48 66.40 63.28 63.74 64.89 62.91 60.74 58.87 57.49 56.43 53.59 52.94 54.86 61.71 60.23 53.47 49.70 45.91 42.18 42.77 43.08 50.76 42.18 42.54 42.32 40.80 41.46 43.34 45.55 45.07 45.72 47.38 45.63 46.39 46.09 41.11 43.84
126.61 120.53 114.05 121.06 130.77 130.21 128.87 125.26 124.32 130.71 133.53 129.04 118.28 113.97 111.19 110.06 109.58 107.43 102.48 98.95 93.68 91.57 84.35 82.92 81.78 78.99 77.04 77.23 72.55 68.63 64.00 64.33 65.18 65.13 63.76 60.08 58.45 57.72 59.21 59.87 59.56 58.01 57.61 51.05 52.35 50.78 51.39 53.60 51.42 50.09 46.96 42.93 42.48 44.18 48.24 44.28 42.14 42.52 43.74 45.38 45.50 42.60 42.59 45.34 47.73 47.66 47.12 47.04 45.37 46.40
114.22 116.40 114.26 109.71 112.46 115.12 119.03 120.02 116.63 114.34 117.99 119.99 114.83 112.64 109.53 106.22 101.48 98.71 97.37 92.91 86.57 82.19 79.88 78.26 76.69 71.15 68.29 67.39 58.79 58.29 59.48 61.77 63.49 62.94 60.64 58.26 57.46 56.60 55.93 53.34 53.21 55.35 57.14 51.25 51.18 51.84 51.31 49.66 49.15 49.90 43.61 41.63 40.43 44.93 43.81 39.60 38.44 38.83 42.08 43.57 45.44 44.96 41.94 44.03 45.93 47.97 46.19 44.67 45.79 51.41
