arc/python_arcpy/Precipitation/APHRO_MA_025deg_2003.txt
ncols	360 
nrows	280 
xllcorner	60.125 
yllcorner	-14.875 
cellsize	0.25 
NODATA_value	-99.9 
[rows 31 to 61 of 280, columns 0 to 69 of 360]
192.83 192.05 196.95 199.46 197.20 193.46 191.77 188.91 184.92 180.44 177.04 174.59 174.35 171.74 171.20 172.89 174.34 176.59 184.57 190.17 189.96 194.07 199.23 201.65 204.23 205.75 210.33 218.73 226.30 224.40 225.59 229.07 235.06 233.99 232.69 231.75 234.63 237.30 238.17 237.69 239.04 241.21 239.53 237.35 235.09 231.06 229.65 228.84 225.82 221.23 200.69 192.11 186.23 175.87 171.36 162.50 156.41 152.71 147.03 139.95 134.67 133.63 132.41 134.70 134.85 137.82 141.18 142.24 143.83 143.93
187.31 185.38 180.80 179.46 187.72 195.60 202.68 191.86 182.31 176.15 171.31 169.14 167.71 166.24 166.22 172.32 175.19 179.16 183.47 185.56 187.25 193.19 196.89 199.47 204.26 205.19 205.50 210.15 218.12 222.67 227.03 227.27 221.16 218.00 223.01 229.45 234.61 238.22 237.88 238.48 232.55 232.10 227.37 227.50 224.85 223.07 221.35 220.78 219.14 202.83 194.71 186.21 176.72 167.32 156.32 148.18 143.76 139.21 131.67 112.86 122.68 126.96 128.61 132.23 135.47 136.59 137.82 144.05 148.35 156.46
178.38 171.04 168.19 172.30 184.43 188.67 191.16 184.88 177.70 169.41 164.18 162.58 160.66 159.31 164.03 168.21 174.67 183.16 183.60 182.50 186.83 192.38 194.69 200.17 204.01 206.55 208.53 208.31 214.14 221.02 227.24 221.97 213.07 205.61 216.10 223.16 229.66 237.38 236.15 238.23 230.19 228.63 223.32 219.26 218.87 219.24 217.18 213.39 203.47 191.17 185.81 175.15 158.26 148.45 144.10 140.14 137.41 133.89 130.27 -99.90 128.48 127.93 131.34 133.01 137.53 142.29 146.05 154.55 162.11 175.31
161.81 161.89 163.19 163.59 170.68 174.87 174.09 171.51 168.93 164.69 160.46 157.41 155.30 155.56 160.69 170.45 174.36 177.16 178.40 176.79 181.82 187.35 193.78 199.40 201.80 205.78 207.82 209.57 220.13 221.97 222.73 222.76 220.07 219.72 222.71 223.17 226.00 228.74 234.29 228.68 226.40 227.30 224.89 218.76 217.20 211.67 206.46 202.78 198.87 190.26 170.85 155.71 147.37 146.44 146.05 141.57 137.91 134.89 -99.90 130.28 129.18 133.40 136.32 138.72 142.53 146.56 157.00 167.68 177.42 191.25
161.38 160.15 157.33 156.69 157.29 164.48 166.45 161.70 158.56 158.55 159.21 156.65 155.87 158.85 160.72 169.46 174.01 176.05 176.08 178.79 179.49 181.23 186.92 194.67 197.68 202.01 207.30 214.86 222.22 222.41 223.97 223.34 224.58 224.61 225.83 226.37 226.62 224.68 221.46 223.63 226.32 224.75 220.08 218.99 218.13 210.16 199.57 196.80 193.48 189.78 167.80 152.52 150.77 151.62 153.66 145.62 -99.90 135.54 133.68 132.56 128.89 133.54 138.73 137.14 143.17 153.01 165.51 182.40 192.39 198.44
155.09 154.51 153.05 149.16 145.75 149.88 154.13 155.89 152.36 152.67 154.16 154.15 154.62 157.61 158.65 167.50 173.16 173.85 177.18 180.96 180.77 181.91 183.81 187.65 194.01 204.16 208.44 211.66 218.09 219.26 222.78 224.15 225.56 224.28 225.93 227.82 228.74 225.49 219.06 220.81 224.16 222.70 217.21 213.27 219.23 211.70 197.08 193.27 189.40 181.91 165.78 160.90 156.35 152.86 146.01 -99.90 137.97 135.53 133.71 130.68 128.10 130.16 137.21 140.40 152.41 164.79 178.58 192.09 204.10 214.49
148.05 146.05 143.97 142.04 140.24 140.92 142.51 147.99 150.61 148.72 149.17 149.55 152.70 154.74 156.85 165.51 173.13 175.73 178.91 181.51 183.11 184.47 185.88 188.37 195.18 205.23 210.73 213.60 216.55 223.84 225.62 225.72 227.28 225.92 225.68 228.34 230.98 229.84 222.45 224.21 220.69 218.91 218.06 218.64 214.03 203.78 190.62 185.12 179.85 172.57 167.73 166.09 163.44 158.66 153.66 -99.90 136.49 132.58 130.32 129.14 132.34 137.36 143.13 150.31 170.81 183.34 193.77 202.35 218.07 234.88
-99.90 137.35 137.13 136.91 134.05 134.52 136.29 140.06 145.44 144.21 145.04 147.63 150.74 152.52 155.37 163.38 172.39 177.77 180.61 184.14 186.97 189.83 192.37 196.43 201.38 207.49 214.90 222.76 230.33 231.23 230.20 230.65 233.82 232.58 231.69 235.21 237.25 232.84 226.38 223.64 222.54 221.07 225.93 221.88 210.68 199.78 187.09 180.98 180.57 178.35 172.73 167.78 163.89 160.37 155.06 148.78 145.28 140.33 139.40 140.05 141.40 152.88 157.75 164.15 182.97 198.41 206.64 209.83 223.98 238.25
-99.90 131.26 129.15 127.68 125.03 124.78 133.77 139.42 138.39 139.01 141.42 144.98 147.80 152.31 155.10 160.98 174.21 178.33 182.15 186.14 190.06 194.92 200.78 203.25 207.09 211.84 220.58 228.02 237.03 234.19 232.56 234.98 237.37 237.33 240.95 241.70 241.27 235.65 233.48 227.01 225.18 229.98 231.18 224.77 211.17 201.79 193.05 183.86 183.09 182.44 180.76 177.00 170.79 163.54 155.86 140.98 138.58 145.46 147.33 150.67 153.59 159.36 167.93 175.54 194.68 207.53 219.19 227.36 239.44 244.73
-99.90 121.16 113.82 111.01 115.08 127.18 131.18 135.11 135.91 137.17 139.05 139.42 141.71 149.93 155.35 160.49 174.37 178.90 182.10 185.77 191.99 202.08 211.37 208.13 210.98 217.16 222.90 232.19 233.78 233.73 234.22 236.48 239.94 241.91 248.76 254.41 253.24 246.93 242.83 235.91 232.90 231.38 230.54 226.27 215.32 206.26 200.41 190.17 187.01 187.38 187.49 185.39 182.46 176.95 167.74 159.81 156.11 158.52 158.49 158.83 161.54 164.99 174.11 180.36 193.34 203.65 218.28 233.12 242.21 246.77
-99.90 119.90 107.09 89.39 100.60 123.44 130.07 133.61 135.22 137.85 138.82 142.53 146.61 152.74 157.18 162.25 174.31 180.19 183.82 186.51 192.84 199.24 205.46 207.06 212.63 219.78 231.70 236.53 233.71 233.24 235.85 239.08 243.01 245.91 253.02 264.97 262.83 254.95 248.16 236.17 232.91 230.68 230.21 227.86 223.13 218.17 207.81 201.32 195.80 194.75 198.82 202.42 197.20 187.29 177.90 170.55 168.98 169.25 168.04 167.65 168.99 172.41 188.23 198.29 203.67 207.88 226.76 240.22 245.41 269.11
134.24 128.49 122.64 116.79 119.82 128.61 134.29 136.06 139.33 140.05 142.52 147.07 151.43 156.57 159.44 164.72 174.20 181.93 185.21 188.22 192.40 198.39 201.25 206.95 213.44 223.24 233.61 234.48 232.30 234.14 239.11 240.23 244.87 256.03 283.38 296.92 290.78 277.10 277.69 271.95 257.53 249.11 236.03 228.35 226.06 223.24 219.37 215.81 207.96 209.36 217.62 235.55 220.39 200.91 187.55 185.02 187.50 189.95 186.51 186.69 188.12 198.73 213.29 216.37 217.72 220.16 228.33 240.27 278.93 320.22
143.60 141.78 141.78 138.69 137.43 138.70 141.60 144.55 144.71 145.55 146.09 154.09 154.68 157.27 162.56 167.44 174.76 184.12 186.99 190.25 192.68 197.89 202.64 206.22 215.91 226.35 233.22 234.38 232.52 237.49 238.62 283.04 301.00 283.91 299.63 307.70 313.10 297.67 291.37 285.47 276.73 270.47 264.46 255.93 242.70 237.14 228.74 231.08 226.69 227.94 248.02 255.69 239.94 221.35 213.65 219.24 241.97 257.50 244.29 237.48 233.83 239.46 256.43 265.72 264.25 261.54 269.61 289.22 335.68 318.97
158.11 153.74 151.11 149.85 145.88 143.80 146.77 151.68 149.79 150.77 152.48 154.31 155.24 156.48 160.30 169.82 176.61 184.16 186.03 188.21 191.96 201.41 206.98 210.37 221.08 225.77 228.50 232.00 233.60 235.85 249.66 323.06 379.07 467.47 490.49 451.34 385.86 377.31 358.79 315.99 288.11 271.68 261.84 245.24 252.52 255.44 257.77 261.17 258.86 268.26 288.48 295.00 303.91 309.36 293.64 293.65 347.21 381.13 352.14 340.71 299.58 280.38 287.54 299.18 323.27 338.02 389.69 481.28 504.45 454.40
166.50 162.06 157.76 155.81 153.21 150.77 150.77 152.53 152.57 155.13 157.02 156.50 157.48 158.92 163.58 174.46 180.67 186.22 189.24 192.95 197.34 202.36 203.62 213.18 223.71 225.25 227.94 230.11 230.65 233.35 240.78 327.09 371.85 456.79 568.62 669.29 551.09 478.60 468.81 350.00 299.61 287.43 274.46 254.50 254.12 257.79 265.73 264.39 291.53 321.39 344.55 355.52 357.44 366.76 367.26 384.49 407.43 434.02 446.30 442.73 404.05 343.13 346.59 354.31 394.02 550.24 667.32 745.87 826.45 702.81
175.54 171.49 166.14 162.76 159.32 156.51 151.66 154.63 154.66 155.92 158.38 159.66 160.06 162.00 166.13 178.85 188.08 194.27 197.19 198.48 198.75 202.73 205.60 216.01 219.79 221.86 224.03 227.38 230.15 232.85 265.59 310.34 331.28 413.71 490.48 553.64 576.55 559.31 522.97 463.19 389.68 310.04 292.04 295.68 300.67 306.49 296.68 338.64 363.53 362.70 366.59 373.00 376.30 406.88 409.43 410.83 421.53 464.99 488.63 552.87 500.05 447.32 455.19 456.80 552.32 673.09 881.19 1112.46 1115.34 979.78
191.14 187.27 179.13 171.22 159.10 156.56 153.25 155.13 157.90 158.56 160.81 161.09 161.35 165.31 170.31 180.13 191.61 204.62 200.55 196.38 195.19 197.51 202.27 214.96 218.48 219.53 223.81 228.57 230.08 231.04 259.64 295.69 319.23 406.54 460.45 488.92 507.42 547.67 539.21 560.58 555.64 483.04 431.40 406.60 376.60 354.53 340.67 358.17 355.75 372.74 389.21 395.10 404.26 423.94 453.89 459.28 471.59 478.30 509.66 541.94 487.71 477.28 471.30 473.22 585.23 701.40 924.94 1172.27 1224.63 1180.24
189.53 186.60 179.75 174.18 170.01 168.76 167.68 165.78 172.09 172.60 168.26 164.29 165.65 172.82 179.66 183.66 189.53 192.53 194.66 196.64 194.08 195.22 198.15 203.34 211.40 220.97 224.29 228.37 231.45 233.54 233.32 252.87 278.40 330.58 415.48 453.38 480.77 518.40 577.10 633.56 658.34 656.74 602.48 515.84 483.22 422.92 355.86 352.56 354.37 373.76 375.23 423.39 461.02 490.97 519.61 523.02 515.12 510.11 517.08 516.89 488.70 484.56 516.60 461.73 556.39 744.73 990.07 1139.64 1152.27 1101.57
176.73 174.03 171.98 170.95 167.37 170.49 170.55 167.89 173.56 174.14 173.60 171.59 173.56 175.92 176.91 182.38 187.95 196.31 195.89 193.92 196.21 206.71 207.98 213.62 216.10 217.48 221.61 226.41 230.42 234.03 245.76 268.90 285.43 327.23 394.98 441.46 471.70 561.04 627.98 694.61 725.51 741.90 709.87 614.02 536.34 450.37 324.77 269.54 233.63 254.48 339.08 395.56 442.22 500.19 522.55 556.20 559.90 562.52 569.63 514.82 482.22 469.49 488.54 409.21 417.23 443.31 528.10 531.63 501.93 524.54
165.60 167.28 168.86 169.23 166.75 167.07 167.07 166.10 169.23 170.22 170.56 171.32 175.46 178.04 182.56 184.51 190.36 195.61 196.73 199.38 201.38 207.72 212.55 212.54 215.15 212.90 216.60 221.40 226.85 236.07 256.99 269.76 295.66 340.81 429.19 453.66 502.42 590.12 703.91 767.16 837.06 850.52 871.68 825.70 674.22 541.49 461.90 340.79 244.99 270.75 337.71 368.55 409.96 448.05 462.91 464.73 437.57 466.58 485.77 499.58 478.91 420.20 402.24 327.30 248.44 280.74 323.42 -99.90 -99.90 -99.90
161.13 163.74 165.19 164.94 161.00 160.85 160.94 162.68 164.46 167.43 168.81 170.20 173.95 177.47 183.46 184.98 189.05 193.50 197.20 201.42 203.14 213.45 216.70 217.23 217.92 220.33 221.44 222.46 222.07 226.95 247.70 273.39 303.99 369.02 463.16 502.66 554.69 641.98 735.16 803.35 889.98 854.93 855.22 855.17 747.01 607.70 537.89 524.58 480.69 388.44 395.00 384.13 418.43 402.39 384.81 346.98 348.41 391.05 371.06 359.04 374.27 331.66 326.95 385.79 446.94 369.44 328.99 345.72 348.65 369.82
157.13 159.71 161.40 159.83 160.35 160.85 163.05 163.27 162.96 164.46 167.69 170.16 173.76 180.73 186.05 190.37 190.27 189.94 193.07 200.45 203.17 215.73 218.50 217.56 221.43 225.53 223.16 236.76 224.95 244.73 279.43 305.12 333.53 425.54 478.75 549.42 603.22 662.05 731.60 841.54 883.81 755.65 743.59 654.75 602.31 538.63 589.49 517.22 516.28 483.50 381.70 344.83 394.91 434.07 393.83 401.59 369.93 297.98 289.16 324.96 356.01 364.18 372.82 423.79 453.93 434.56 436.36 432.34 416.08 418.46
155.21 155.98 156.83 159.66 161.15 162.39 163.68 164.68 165.25 165.30 168.53 173.48 179.30 184.62 186.65 188.33 189.15 188.83 191.78 192.23 197.62 207.37 217.07 237.08 250.02 253.34 246.80 258.49 264.95 291.88 306.93 334.67 357.44 420.57 481.75 552.96 594.55 643.42 769.44 901.21 987.80 912.63 737.97 596.36 485.90 542.26 589.12 531.82 528.27 535.95 475.77 498.05 508.53 584.48 531.33 466.04 422.84 386.74 360.20 326.19 318.72 347.04 356.58 358.13 400.13 393.94 386.32 390.79 397.84 393.14
157.27 156.10 158.20 162.28 165.80 169.01 167.58 167.05 168.49 170.02 171.00 173.68 175.13 182.78 185.43 184.58 186.81 188.47 191.86 193.39 197.10 209.68 226.43 254.66 276.93 288.44 287.03 292.90 296.44 304.55 330.27 367.91 407.28 437.41 482.55 512.78 568.01 601.24 705.88 910.30 1048.24 1055.75 835.38 622.62 417.24 378.03 425.03 449.62 488.11 571.72 656.44 689.67 665.56 685.68 643.15 613.89 515.53 411.23 335.75 303.03 300.59 304.91 310.48 331.52 338.18 348.33 361.79 369.53 355.04 351.09
154.43 158.67 160.81 163.49 167.91 174.68 172.01 172.72 173.87 172.90 172.31 172.76 176.84 182.91 184.42 182.64 187.65 189.38 193.50 194.01 197.53 227.49 260.91 277.80 294.77 303.64 332.14 328.01 335.76 354.58 390.36 409.84 423.74 440.04 481.39 491.18 516.25 561.93 659.97 892.89 938.97 921.87 849.39 724.06 550.10 448.65 336.16 331.25 349.05 507.35 579.86 645.58 706.73 737.42 730.49 685.59 517.73 440.86 349.09 289.32 264.12 273.07 272.18 284.35 298.50 306.58 307.09 312.03 304.73 304.62
154.40 159.45 161.04 163.59 166.69 169.68 173.61 176.94 176.99 177.26 175.79 174.93 179.25 182.65 184.68 184.13 188.66 195.47 199.44 198.62 214.42 251.95 262.52 282.16 308.34 351.61 378.68 378.27 385.55 385.52 395.34 401.50 410.08 429.02 460.78 475.66 501.86 548.36 613.38 721.82 849.66 848.88 649.03 592.27 653.17 456.81 269.19 257.06 282.59 372.16 476.82 503.91 589.24 702.97 700.51 612.92 494.19 398.46 333.91 280.40 258.12 260.15 269.41 275.92 286.33 289.78 293.30 285.43 274.87 269.67
154.73 157.74 159.73 162.45 165.69 170.12 174.03 177.81 183.05 185.27 180.52 178.91 181.06 181.13 183.97 186.39 190.75 196.47 200.23 207.47 248.21 264.87 302.35 341.69 370.71 387.66 415.95 396.19 389.95 397.19 408.62 407.83 407.93 419.70 429.39 452.84 495.02 517.60 629.12 723.27 617.77 386.58 317.21 295.38 322.46 313.69 268.41 259.02 262.77 325.40 421.08 479.14 544.11 571.20 602.96 521.04 438.95 344.25 294.43 269.82 247.78 266.78 268.34 267.84 274.91 277.84 280.26 272.74 259.37 230.70
156.39 156.33 156.95 159.13 164.00 168.96 171.98 177.83 184.99 188.53 181.05 181.61 180.97 181.01 184.53 185.56 186.00 188.48 191.58 219.81 245.31 280.61 336.49 378.82 393.65 421.80 462.57 450.85 433.47 412.85 394.25 403.53 418.34 431.68 466.70 503.45 492.64 469.86 416.85 345.27 283.91 269.70 264.20 258.80 262.19 267.80 290.57 283.44 320.30 374.61 417.42 468.92 489.88 478.50 465.09 452.33 413.24 312.79 277.51 246.84 250.80 261.83 258.09 247.69 242.63 233.55 206.97 176.18 166.02 142.62
156.47 157.16 156.16 159.39 163.67 167.09 169.46 175.86 179.30 179.00 178.17 181.14 181.82 185.13 188.01 186.04 183.27 183.22 183.26 207.73 224.51 268.80 323.92 354.26 382.78 414.31 425.23 424.16 423.37 438.47 420.83 416.24 450.07 469.96 473.78 493.91 468.63 403.95 371.65 345.31 334.30 309.36 269.87 285.06 361.73 468.61 434.33 421.30 410.52 408.57 385.02 371.43 362.42 343.16 335.88 369.91 325.12 271.32 245.26 236.19 234.19 201.73 175.84 165.79 148.18 144.59 135.39 132.15 129.95 132.23
156.59 157.35 155.45 157.39 161.66 164.08 165.71 167.19 169.46 172.16 172.03 176.16 186.22 186.39 186.20 184.93 183.06 176.87 165.47 183.87 211.16 247.46 318.25 354.97 380.88 388.74 392.50 393.95 430.15 438.14 439.66 475.47 492.22 480.10 465.81 452.55 473.94 481.15 503.87 423.34 422.76 384.05 385.90 441.29 501.84 697.38 653.10 597.30 444.11 444.87 393.02 336.85 332.47 299.17 290.09 264.66 265.21 247.54 234.15 214.77 214.65 193.63 155.92 130.03 119.43 115.37 114.02 116.58 121.75 124.07
163.04 161.23 156.83 152.71 155.27 158.55 159.66 160.31 163.51 169.79 173.63 174.35 178.33 182.19 184.08 182.85 176.78 169.45 158.86 179.85 200.46 224.09 277.74 321.73 354.94 389.45 420.44 420.59 427.06 447.62 503.94 554.62 547.59 489.74 466.56 469.98 455.79 468.62 465.38 427.63 446.02 491.32 577.73 561.99 661.86 753.35 668.16 519.74 422.14 336.97 330.65 288.88 269.37 258.76 254.16 230.55 211.96 197.43 191.94 180.86 195.47 177.58 135.59 96.13 72.47 85.45 96.79 103.56 107.97 112.85
