arc/python_arcpy/Precipitation/APHRO_MA_025deg_2001.txt
ncols	360 
nrows	280 
xllcorner	60.125 
yllcorner	-14.875 
cellsize	0.25 
NODATA_value	-99.9 
[rows 31 to 61 of 280, columns 140 to 209 of 360]
84.13 101.55 102.98 118.63 124.06 134.78 141.40 144.35 143.81 140.28 130.50 129.26 132.08 130.75 129.00 126.84 127.38 134.25 145.53 165.43 174.45 181.43 195.23 199.66 208.82 222.53 220.12 227.39 231.63 237.64 243.75 236.67 228.65 224.81 215.86 216.92 234.84 235.70 227.85 221.50 217.28 212.30 210.70 212.08 211.61 215.79 213.43 206.41 202.66 198.02 195.58 196.43 197.60 196.36 193.06 189.62 185.07 184.12 181.12 177.56 172.18 163.88 165.01 168.38 169.43 170.24 172.04 170.95 170.47 167.48
88.47 109.51 121.91 125.69 132.09 137.11 137.84 137.86 135.66 127.15 125.16 121.25 108.59 111.93 111.25 120.29 121.27 124.53 138.57 150.78 159.69 166.18 178.78 188.14 197.27 202.66 205.20 212.66 217.36 224.72 238.79 244.17 225.58 218.44 213.50 209.72 210.41 212.12 202.75 195.35 200.92 197.71 197.65 199.11 199.05 199.36 196.42 195.00 193.44 191.01 188.48 187.67 187.65 187.02 185.77 181.74 179.61 177.22 175.77 172.47 167.60 162.44 162.51 165.07 166.86 166.08 167.83 169.44 166.80 164.72
72.70 90.41 115.11 133.85 146.17 142.18 138.26 123.26 122.32 117.41 114.42 112.17 105.79 105.36 109.28 116.92 118.60 120.19 121.26 129.60 144.51 151.29 162.69 166.15 178.90 184.75 191.21 197.85 205.63 209.98 216.64 216.57 208.00 203.98 206.95 205.55 198.76 193.11 189.63 183.63 179.86 181.01 183.93 185.44 183.16 181.92 178.68 181.84 183.11 182.95 178.83 178.20 180.47 180.08 179.05 178.04 177.03 175.44 170.68 168.50 159.30 158.70 159.20 158.28 160.34 160.67 160.44 159.88 161.60 165.14
74.93 78.55 92.02 116.51 143.47 148.35 134.20 118.53 115.92 114.47 113.08 110.35 106.58 104.63 104.57 106.02 104.87 105.86 112.57 124.08 133.07 137.07 141.58 148.82 162.18 168.54 177.68 181.94 186.17 186.00 187.75 186.82 189.34 187.95 186.24 183.74 182.21 178.62 167.87 161.53 149.34 143.25 154.61 166.46 154.51 149.88 150.14 151.83 154.50 159.12 167.73 168.99 169.51 167.31 163.75 163.02 166.79 165.37 160.49 155.53 153.68 154.75 154.76 154.28 155.27 156.99 155.86 155.40 159.35 160.00
70.96 75.90 81.39 90.00 113.26 126.42 122.89 118.06 115.46 109.77 107.28 95.22 96.15 94.02 92.26 92.30 92.17 92.27 99.32 101.52 105.60 117.58 122.64 133.43 147.76 160.18 166.36 172.29 174.52 174.67 171.96 175.94 174.00 172.93 169.74 160.62 159.88 150.71 140.29 139.26 137.23 134.92 137.15 137.48 137.76 136.96 139.48 138.68 138.68 140.28 141.36 143.48 142.35 136.81 132.37 130.83 131.11 130.80 129.30 128.09 130.66 132.02 137.26 142.29 147.04 149.14 151.84 150.26 147.81 151.23
77.79 81.47 94.72 92.98 94.14 92.69 93.53 82.87 87.53 96.06 97.43 78.85 75.42 79.61 84.90 88.11 86.94 84.27 86.13 89.38 93.80 97.63 112.48 121.02 138.36 148.18 156.70 160.23 161.32 166.81 167.52 170.71 163.46 150.28 139.45 138.53 137.48 135.78 134.32 132.92 131.18 127.66 126.00 127.78 125.50 124.15 125.29 128.44 130.74 132.10 132.16 131.95 130.87 127.82 124.42 122.65 121.17 122.83 120.99 122.25 123.46 123.85 126.35 131.26 130.92 129.87 129.19 127.90 128.29 135.30
78.89 80.21 84.87 85.63 96.92 99.60 98.97 95.25 83.16 80.70 76.18 70.33 69.63 68.26 72.64 72.62 79.86 79.46 79.75 81.04 82.90 90.01 97.61 106.87 122.03 135.64 146.55 148.09 146.81 147.42 151.94 146.33 136.68 132.63 133.27 126.61 124.64 125.20 127.55 122.10 120.97 119.97 120.06 119.85 116.99 115.68 118.51 121.34 123.73 123.31 123.04 123.36 121.51 119.24 116.51 116.35 116.24 117.33 117.47 119.01 120.94 122.10 123.47 125.80 125.97 126.56 125.15 125.76 126.20 126.27
69.00 70.59 74.44 73.24 75.45 77.36 82.93 88.07 92.39 90.61 82.94 83.00 80.57 74.26 76.09 78.44 75.10 77.24 78.27 77.68 80.09 85.32 93.43 100.43 104.78 111.17 123.04 132.18 128.00 119.83 122.20 121.83 121.39 123.44 120.01 115.64 113.98 109.81 106.99 107.34 109.12 108.90 109.73 110.52 113.37 111.75 112.24 112.97 113.35 113.08 113.56 113.56 113.74 111.41 111.25 112.27 113.02 113.76 115.52 117.91 118.63 118.89 114.21 119.20 119.72 118.29 119.93 121.72 124.03 125.82
67.44 67.92 69.88 69.22 68.26 67.01 63.59 62.71 62.30 72.91 75.10 73.49 75.97 72.30 69.63 70.71 69.51 70.18 73.61 74.80 76.84 81.69 85.30 91.65 93.87 98.61 101.39 108.25 112.85 113.47 114.72 118.36 119.61 117.55 111.67 111.16 109.10 103.29 105.57 103.86 105.16 102.56 98.38 95.70 100.37 107.10 108.42 107.87 108.20 108.74 108.10 107.95 107.53 106.23 105.95 106.85 109.44 112.51 114.89 115.19 102.25 93.72 100.29 113.65 115.57 118.05 119.87 120.97 122.66 125.83
78.39 74.99 71.10 68.21 65.86 61.39 56.76 53.78 53.62 55.57 57.06 62.29 64.78 62.96 58.65 54.63 53.86 58.27 66.42 70.18 71.46 76.78 81.79 89.13 90.11 96.10 107.41 101.30 104.68 107.23 109.67 112.57 113.80 102.91 101.48 97.34 91.18 89.86 89.67 89.90 91.37 90.05 86.38 85.09 84.73 87.53 91.75 92.56 95.49 95.47 102.22 103.17 102.99 102.94 103.32 105.52 106.88 101.74 97.78 89.76 89.76 89.05 93.03 105.98 112.23 115.44 117.09 120.74 121.70 124.30
68.56 72.26 69.97 66.61 63.63 59.02 56.72 54.56 53.90 52.81 52.41 51.63 50.50 48.53 46.27 47.08 52.34 60.90 64.47 64.44 58.43 59.71 67.08 74.07 80.55 87.98 93.87 98.38 104.00 105.43 108.14 103.48 89.67 90.57 89.48 89.62 89.46 90.18 90.34 91.10 92.89 92.34 89.42 86.58 84.37 82.47 81.35 79.27 75.20 76.22 82.18 87.87 90.72 94.24 93.48 93.13 89.51 82.23 83.05 83.21 84.38 86.01 85.68 97.27 109.55 112.46 116.67 120.50 122.20 123.86
67.13 68.08 67.89 66.33 62.76 58.61 55.74 53.15 51.88 50.65 50.15 48.64 48.07 45.24 43.92 45.87 48.26 53.49 59.15 64.04 62.85 66.17 68.09 63.55 64.01 69.82 77.04 86.16 95.57 97.37 101.88 100.89 86.41 86.88 87.60 88.47 89.72 90.19 90.15 91.99 95.95 97.67 90.47 86.40 83.94 82.22 79.41 73.94 74.45 74.54 77.24 80.58 85.70 88.28 78.44 78.23 77.40 75.91 77.96 79.47 80.78 82.45 84.57 90.12 104.06 112.96 117.83 120.66 122.90 124.66
68.41 66.03 65.66 63.74 60.48 59.40 56.62 52.43 50.85 49.90 47.29 47.38 46.59 43.37 43.76 45.33 46.11 47.50 49.14 50.04 52.62 55.68 57.77 59.70 61.62 63.72 70.04 74.14 77.93 82.96 83.80 83.90 84.96 85.69 87.69 88.78 88.37 89.62 90.72 91.56 91.72 89.87 87.50 84.90 83.33 81.43 77.23 75.34 74.68 73.64 71.79 71.15 73.26 73.09 73.86 73.82 73.13 74.24 75.95 78.49 80.21 83.00 85.35 101.45 112.92 115.39 117.89 120.99 123.70 124.47
67.12 66.49 61.46 57.65 56.35 54.89 54.77 51.14 48.29 48.02 46.66 45.57 44.70 42.34 41.33 41.15 42.59 44.32 45.88 46.22 49.89 53.33 55.28 57.15 60.48 64.51 69.24 71.04 74.86 79.35 89.06 91.74 93.83 97.58 93.00 88.21 89.19 90.81 91.28 90.70 88.98 86.85 85.13 83.42 81.63 78.86 76.12 74.57 73.98 73.09 72.90 71.54 69.96 70.98 73.52 72.91 73.34 73.72 74.98 81.07 82.17 86.05 91.93 104.02 113.82 117.01 120.29 123.81 125.18 124.57
67.55 61.96 59.61 55.08 53.29 50.04 48.34 46.61 45.26 45.53 44.31 42.42 41.26 40.58 39.69 38.99 39.01 39.60 42.44 44.70 49.31 53.37 56.01 63.42 64.50 64.90 66.52 69.43 73.36 78.69 88.29 85.43 87.52 89.81 96.56 108.45 96.39 94.16 90.75 87.74 85.57 83.73 81.85 79.31 77.08 75.45 73.61 72.42 71.21 70.54 70.72 70.84 73.10 74.80 76.38 72.48 71.34 71.19 74.22 87.03 89.12 100.76 109.58 112.21 118.02 121.21 123.11 124.51 126.38 128.09
69.11 64.84 61.15 58.43 54.20 51.87 49.72 46.30 42.94 42.81 41.66 39.35 39.10 38.96 37.14 34.77 34.36 37.05 39.60 42.44 46.72 51.75 57.48 63.64 63.90 63.75 64.71 65.39 65.34 70.85 73.31 74.68 77.22 77.56 80.52 90.97 101.28 90.56 83.82 81.68 79.76 77.72 76.67 75.49 73.30 71.75 70.25 69.13 68.49 66.75 69.48 76.77 78.50 81.23 84.62 83.74 83.24 84.64 92.07 97.71 105.92 113.14 115.97 119.42 121.09 122.93 125.00 127.36 133.06 133.47
67.83 62.61 58.19 55.19 52.79 51.45 46.77 43.32 42.31 42.12 42.03 40.18 38.14 36.03 34.22 28.94 30.01 34.95 36.98 39.21 43.14 47.57 55.13 60.86 63.93 61.86 63.55 66.19 65.85 67.74 70.33 70.04 71.24 74.39 78.26 80.71 82.22 84.33 89.65 80.56 77.74 77.26 73.28 71.56 70.71 69.52 67.75 67.22 71.56 73.43 74.54 76.06 77.65 77.67 81.42 88.33 91.18 97.00 105.91 110.34 113.94 116.44 118.71 122.27 123.48 124.99 128.85 133.99 137.13 138.95
61.50 58.86 56.41 54.00 52.97 49.06 45.35 43.43 42.30 41.57 41.72 40.60 38.18 37.52 34.38 31.53 31.75 33.62 35.30 36.26 36.63 41.03 46.19 50.77 53.38 54.84 57.12 57.80 58.56 60.45 66.33 67.66 68.64 71.23 73.66 76.24 76.07 76.28 81.55 76.31 73.04 74.37 74.80 70.75 69.82 67.75 65.78 69.80 75.46 75.76 77.81 79.14 80.86 86.35 88.87 98.22 105.70 109.32 112.07 115.01 118.97 123.10 126.02 127.87 129.18 129.68 133.77 139.38 143.53 146.30
55.37 54.79 52.69 51.19 51.69 49.32 45.34 44.54 43.34 42.03 41.32 41.43 37.87 35.21 33.46 32.42 32.15 32.22 33.68 35.19 36.80 38.55 42.10 44.87 47.83 50.57 52.56 54.09 55.80 58.88 63.44 66.63 67.79 70.33 71.52 70.63 71.07 72.01 71.86 71.60 71.33 73.64 72.81 72.20 70.50 67.60 69.84 75.24 77.29 80.44 87.09 90.84 93.54 95.25 97.71 103.47 116.71 119.89 121.47 125.13 131.60 135.13 138.58 140.21 142.17 151.14 154.91 163.80 162.56 161.49
51.55 52.95 51.37 51.41 49.14 47.57 45.98 44.31 42.43 40.40 39.05 37.64 35.82 35.19 34.28 33.54 33.84 33.95 33.83 34.30 35.07 36.71 39.43 41.35 42.82 46.00 49.30 51.91 54.67 57.54 60.11 62.87 64.62 64.37 62.89 64.06 68.46 70.46 69.33 69.24 71.38 72.65 72.67 71.51 69.05 67.94 77.54 76.59 82.15 89.11 93.89 98.21 100.82 102.83 105.45 109.79 121.34 127.94 133.51 137.63 142.67 145.24 147.60 161.74 171.83 174.69 186.23 189.19 187.90 186.36
49.22 49.64 51.49 51.80 50.74 48.10 47.10 45.93 42.99 40.66 39.10 36.02 37.94 38.34 37.89 37.62 37.08 36.28 35.75 35.84 35.93 35.85 35.94 36.65 37.94 41.51 44.88 48.77 52.31 56.14 58.18 60.14 60.73 62.01 61.47 60.89 63.06 65.76 65.78 65.45 66.44 70.13 70.16 69.15 68.17 73.00 77.99 83.30 88.37 95.27 99.60 102.70 105.51 108.81 114.03 121.28 126.74 141.31 145.68 151.08 155.37 166.06 177.90 182.22 189.30 198.15 206.92 206.68 203.54 201.06
47.90 49.28 49.26 49.17 48.54 48.02 47.18 46.35 44.13 41.39 38.94 36.96 38.02 38.89 39.16 39.20 38.25 37.36 36.10 35.99 35.89 36.78 37.63 37.01 36.14 39.87 42.61 44.28 48.17 52.80 56.31 57.45 58.92 59.88 58.42 59.84 61.16 65.60 65.62 66.06 66.57 68.91 67.54 66.54 71.41 79.98 85.20 88.34 95.27 101.22 104.36 108.50 113.44 118.93 125.38 130.47 139.87 157.20 162.57 170.53 181.66 192.41 208.88 215.46 220.38 222.53 225.48 227.03 230.20 234.63
45.57 48.26 49.77 47.83 47.98 47.62 46.64 45.48 43.42 41.90 39.40 37.99 38.08 38.28 39.59 40.12 39.42 38.43 37.33 36.92 38.08 39.65 39.31 40.47 41.34 42.84 44.58 46.28 48.24 50.15 54.98 57.81 56.17 56.23 58.39 60.19 61.44 65.67 67.15 67.22 67.02 68.22 66.66 65.63 79.50 82.98 86.45 90.92 97.07 105.23 110.06 117.25 122.88 128.47 133.82 140.63 154.80 166.54 174.25 186.77 207.27 230.65 234.68 236.87 238.09 237.25 237.94 242.13 249.52 251.15
45.64 47.63 47.92 48.10 48.40 47.76 46.80 42.95 42.96 42.36 40.75 39.81 39.63 38.74 41.22 41.98 41.99 41.09 39.49 39.86 40.45 40.85 41.87 44.80 47.08 48.63 50.17 48.74 46.56 45.18 52.81 58.73 58.28 57.33 58.82 60.45 61.67 65.88 66.64 67.47 67.15 66.52 67.08 70.91 83.74 79.95 87.37 96.00 104.42 110.03 116.12 124.58 130.77 135.38 143.97 152.55 162.90 171.39 187.64 214.53 233.61 244.97 251.33 253.37 255.35 258.29 261.06 266.70 272.26 272.72
43.93 46.80 47.47 47.83 47.91 46.89 46.86 44.41 44.07 42.80 43.22 45.78 44.87 43.52 42.46 41.40 41.34 41.25 40.66 42.75 45.38 47.39 49.80 53.29 54.16 53.71 54.65 54.66 53.64 54.81 56.58 62.44 60.53 60.36 61.17 61.91 64.66 70.16 70.87 70.47 68.71 70.00 72.26 87.44 92.00 91.75 97.17 104.29 110.18 116.62 125.85 134.47 138.98 142.08 151.04 159.35 169.86 189.75 216.32 240.96 251.97 259.98 268.65 272.00 277.52 281.27 286.48 292.44 291.51 291.86
45.06 45.90 46.48 46.97 46.14 45.46 45.61 45.91 45.62 46.32 48.43 47.72 46.79 47.13 46.63 46.75 47.81 48.96 49.01 51.93 53.90 55.15 56.19 60.56 62.08 62.91 65.30 65.95 63.55 64.19 65.00 69.20 67.36 65.63 65.03 67.31 71.48 74.42 75.96 73.96 74.76 75.97 91.12 98.36 101.72 103.87 107.24 113.96 120.77 129.97 139.16 142.79 147.15 151.34 159.17 167.96 187.91 212.52 240.32 255.16 266.40 274.28 281.01 286.66 292.56 304.26 328.82 317.59 304.63 305.95
45.94 45.25 45.16 46.57 45.43 45.55 45.52 45.88 45.90 48.10 50.85 50.90 54.02 54.11 53.44 52.90 50.68 50.52 54.64 58.40 58.86 59.10 62.16 65.50 66.46 67.33 69.52 71.77 69.65 69.21 71.67 74.07 74.13 69.04 70.70 72.08 74.44 76.98 77.71 77.18 80.24 90.74 99.88 102.60 107.90 106.40 113.06 119.53 126.35 138.06 147.70 150.80 154.30 158.28 167.04 180.58 209.09 233.68 262.18 268.12 267.85 275.79 281.74 291.59 300.75 317.50 335.02 334.42 324.12 321.33
46.47 45.95 45.91 46.98 47.46 45.71 46.31 45.57 47.24 51.60 51.80 51.78 52.69 54.62 55.14 53.84 51.47 46.19 47.91 61.27 66.72 68.82 68.90 69.50 71.25 72.01 74.82 76.28 77.75 79.58 78.31 78.05 78.68 81.11 80.66 79.19 76.19 75.68 74.80 78.91 97.64 104.60 106.39 102.12 104.73 110.38 119.24 126.68 132.26 137.60 148.30 154.99 162.48 169.12 182.37 207.76 238.04 261.67 275.53 272.88 273.96 277.11 284.97 294.90 306.74 321.21 331.11 331.25 327.04 320.19
46.88 45.91 45.94 47.63 50.00 49.51 49.31 49.11 52.55 53.01 53.38 53.58 53.34 55.88 55.62 53.40 54.10 53.67 57.23 67.93 74.65 77.81 77.61 76.22 77.66 79.60 83.00 83.59 87.26 87.44 86.63 87.04 85.93 87.13 88.17 85.61 87.46 96.30 89.11 89.80 104.76 107.14 104.42 105.94 109.30 120.59 127.03 132.26 137.52 142.35 149.11 156.66 165.38 179.50 223.40 251.34 271.59 281.97 290.86 298.02 295.54 293.88 296.12 303.16 316.20 324.84 328.33 324.73 326.98 328.70
43.97 43.07 42.19 48.70 57.43 57.29 55.74 56.67 63.07 59.96 59.42 60.75 62.97 59.51 59.14 59.02 62.35 65.07 67.54 72.85 79.29 83.17 86.13 88.59 88.73 89.74 90.18 91.91 98.43 94.97 91.92 96.52 99.41 105.16 104.22 108.98 104.46 112.78 114.95 117.66 117.72 112.90 111.77 116.93 126.85 132.09 135.75 141.11 143.22 144.28 156.58 164.26 178.47 228.27 250.57 270.20 287.08 301.12 310.25 326.81 325.47 318.19 312.20 312.69 318.61 323.47 326.48 332.05 329.10 321.58
43.53 49.42 52.91 52.23 61.94 77.33 77.90 73.77 105.77 135.85 127.18 99.26 80.55 69.62 67.16 68.52 69.75 72.23 73.98 78.62 85.28 89.26 93.37 96.45 100.39 103.98 112.37 120.06 119.26 117.06 113.33 116.49 113.12 112.47 118.77 118.09 118.79 119.40 120.95 121.58 123.59 123.19 125.49 131.99 142.11 142.14 145.45 152.62 163.16 169.44 179.13 185.20 220.44 254.44 278.14 289.71 302.11 307.14 322.60 335.00 337.46 332.39 328.92 321.36 317.42 322.60 329.31 333.42 329.53 321.89
