arc/python_arcpy/Precipitation/APHRO_MA_025deg_1995.txt
ncols	360 
nrows	280 
xllcorner	60.125 
yllcorner	-14.875 
cellsize	0.25 
NODATA_value	-99.9 
[rows 93 to 123 of 280, columns 210 to 279 of 360]
684.24 720.89 759.70 806.82 829.37 869.97 897.59 930.12 953.62 941.12 951.64 940.15 935.10 881.80 836.22 796.35 744.50 694.73 599.05 602.77 668.05 738.37 768.78 775.56 784.51 776.18 772.99 800.71 818.92 843.28 874.30 896.17 903.02 917.19 939.44 955.35 941.89 927.89 -99.90 -99.90 -99.90 -99.90 -99.90 -99.90 -99.90 -99.90 -99.90 -99.90 -99.90 -99.90 -99.90 -99.90 -99.90 -99.90 -99.90 -99.90 -99.90 -99.90 -99.90 -99.90 -99.90 -99.90 -99.90 -99.90 -99.90 -99.90 -99.90 -99.90 2119.66 2116.38
694.21 757.55 796.55 822.67 845.34 878.93 920.94 952.66 990.77 1013.36 1042.97 1064.99 1034.98 1002.61 986.23 919.95 850.30 803.34 752.97 730.52 749.21 789.00 817.84 858.57 869.50 847.68 837.53 829.38 895.50 914.05 949.70 968.63 985.20 1016.04 1013.12 1029.69 998.12 965.55 -99.90 -99.90 -99.90 -99.90 -99.90 -99.90 -99.90 -99.90 -99.90 -99.90 -99.90 -99.90 -99.90 -99.90 -99.90 -99.90 -99.90 -99.90 -99.90 -99.90 -99.90 -99.90 -99.90 -99.90 -99.90 -99.90 -99.90 -99.90 -99.90 -99.90 -99.90 -99.90
717.64 776.21 815.91 842.44 884.34 916.04 963.88 999.41 1033.26 1084.08 1142.42 1154.54 1177.14 1150.85 1134.55 1085.38 1015.33 986.42 926.57 905.74 904.09 936.03 939.56 981.38 1008.70 967.17 918.25 881.78 990.74 1042.17 1041.36 1022.34 1044.67 1067.87 1023.95 1059.95 1035.79 1026.08 -99.90 -99.90 -99.90 -99.90 -99.90 -99.90 -99.90 -99.90 -99.90 -99.90 -99.90 -99.90 -99.90 -99.90 -99.90 -99.90 -99.90 -99.90 -99.90 -99.90 -99.90 -99.90 -99.90 -99.90 -99.90 -99.90 -99.90 -99.90 -99.90 -99.90 -99.90 -99.90
772.69 815.78 865.01 899.58 929.06 978.48 1031.92 1071.75 1100.46 1137.70 1199.57 1237.76 1267.32 1235.93 1229.28 1209.35 1106.34 1046.75 1036.17 1016.35 1074.70 1145.13 1188.74 1151.24 1148.79 1128.83 1112.87 1092.24 1110.69 1144.44 1156.42 1095.53 1091.06 1141.14 1158.51 1143.86 1115.33 1095.04 -99.90 -99.90 -99.90 -99.90 -99.90 -99.90 -99.90 -99.90 -99.90 -99.90 -99.90 -99.90 -99.90 -99.90 -99.90 -99.90 -99.90 -99.90 -99.90 -99.90 -99.90 -99.90 -99.90 -99.90 -99.90 -99.90 -99.90 -99.90 -99.90 -99.90 -99.90 2595.58
891.29 900.10 956.23 993.52 1018.20 1077.83 1166.75 1162.27 1171.22 1210.50 1259.98 1303.23 1387.87 1334.49 1300.41 1244.37 1153.19 1149.53 1202.19 1185.86 1275.90 1354.43 1396.33 1380.51 1372.82 1374.78 1343.90 1283.07 1243.33 1266.11 1275.85 1235.18 1217.49 1248.28 1301.59 1254.49 -99.90 -99.90 1156.63 1149.28 1136.80 1116.05 -99.90 -99.90 -99.90 -99.90 -99.90 -99.90 -99.90 -99.90 -99.90 -99.90 -99.90 -99.90 -99.90 -99.90 -99.90 -99.90 -99.90 -99.90 -99.90 -99.90 -99.90 -99.90 -99.90 -99.90 -99.90 -99.90 -99.90 -99.90
998.33 1029.07 1075.61 1112.87 1144.99 1201.39 1222.42 1230.68 1244.75 1272.62 1318.29 1351.58 1384.84 1404.36 1329.26 1243.48 1196.58 1263.72 1394.98 1450.66 1524.51 1583.12 1588.10 1587.65 1599.76 1580.83 1528.77 1524.92 1440.05 1363.19 1351.47 1300.01 1262.83 1267.23 1286.58 1284.77 -99.90 -99.90 1194.27 1165.94 -99.90 -99.90 -99.90 -99.90 -99.90 -99.90 -99.90 -99.90 -99.90 -99.90 -99.90 -99.90 -99.90 -99.90 -99.90 -99.90 -99.90 -99.90 -99.90 -99.90 -99.90 -99.90 -99.90 -99.90 -99.90 -99.90 -99.90 -99.90 -99.90 -99.90
1101.82 1118.64 1183.32 1220.34 1271.54 1329.35 1339.11 1317.26 1332.50 1356.13 1394.06 1414.00 1421.02 1430.74 1360.29 1361.99 1359.60 1453.27 1572.72 1719.50 1723.82 1776.31 1950.89 1827.68 1709.20 1756.54 1629.85 1532.62 1470.54 1440.82 1412.70 1345.25 1299.74 1279.75 1285.69 1299.34 1293.36 1262.76 1216.23 1199.51 -99.90 -99.90 -99.90 -99.90 -99.90 -99.90 -99.90 -99.90 -99.90 -99.90 -99.90 -99.90 -99.90 -99.90 -99.90 -99.90 -99.90 -99.90 -99.90 -99.90 -99.90 -99.90 -99.90 -99.90 -99.90 -99.90 -99.90 -99.90 -99.90 -99.90
1227.80 1257.58 1309.29 1334.29 1395.35 1452.17 1439.34 1459.94 1499.53 1500.58 1451.67 1465.08 1491.11 1479.22 1450.54 1487.27 1535.99 1649.15 1752.23 1817.48 1876.87 1918.22 1922.85 1848.02 1785.92 1778.24 1670.15 1586.56 1517.06 1480.40 1440.97 1382.75 1352.83 1322.53 1368.06 1341.31 1316.84 1294.05 1248.47 1210.99 -99.90 -99.90 -99.90 -99.90 -99.90 -99.90 -99.90 -99.90 -99.90 -99.90 -99.90 -99.90 -99.90 -99.90 -99.90 -99.90 -99.90 -99.90 -99.90 -99.90 -99.90 -99.90 -99.90 -99.90 -99.90 -99.90 -99.90 -99.90 -99.90 2491.47
1337.18 1395.31 1438.33 1472.62 1508.57 1556.13 1561.25 1607.77 1612.88 1542.10 1492.61 1513.67 1573.87 1728.74 1721.96 1631.18 1689.57 1783.21 1884.51 1947.85 2040.53 2051.43 1999.56 1976.92 1892.22 1766.49 1676.07 1623.92 1563.98 1535.05 1452.53 1424.49 1424.71 1365.55 1414.78 1361.88 1338.49 1292.77 1252.06 1204.37 -99.90 -99.90 -99.90 -99.90 -99.90 -99.90 -99.90 -99.90 -99.90 -99.90 -99.90 -99.90 -99.90 -99.90 -99.90 -99.90 -99.90 -99.90 -99.90 -99.90 -99.90 -99.90 -99.90 -99.90 -99.90 -99.90 -99.90 -99.90 2193.24 -99.90
1440.91 1523.15 1596.51 1579.24 1634.35 1612.35 1643.44 1728.93 1751.08 1640.16 1503.42 1507.25 1574.91 1723.59 1798.26 1737.76 1777.32 1892.45 2005.28 2063.48 2096.13 2097.69 2130.80 2046.27 1935.30 1849.58 1751.57 1663.40 1596.29 1530.22 1491.98 1482.83 1475.98 1445.13 1467.93 1404.71 1353.17 1290.97 -99.90 -99.90 -99.90 -99.90 -99.90 -99.90 -99.90 -99.90 -99.90 -99.90 -99.90 -99.90 -99.90 -99.90 -99.90 -99.90 -99.90 -99.90 -99.90 -99.90 -99.90 -99.90 -99.90 -99.90 -99.90 -99.90 -99.90 -99.90 -99.90 -99.90 -99.90 -99.90
1472.76 1511.56 1533.58 1579.86 1649.47 1698.18 1692.15 1778.62 1817.62 1699.35 1677.85 1618.60 1461.39 1446.56 1549.59 1727.09 1870.77 2005.91 2118.10 2156.42 2147.51 2136.02 2145.87 2051.04 2040.05 1943.70 1804.37 1701.84 1651.37 1568.67 1517.53 1502.88 1570.49 1488.58 1485.42 1434.66 1369.00 1286.27 1240.17 -99.90 -99.90 -99.90 -99.90 -99.90 -99.90 -99.90 -99.90 -99.90 -99.90 -99.90 -99.90 -99.90 -99.90 -99.90 -99.90 -99.90 -99.90 -99.90 -99.90 -99.90 -99.90 -99.90 -99.90 -99.90 -99.90 -99.90 -99.90 -99.90 -99.90 -99.90
1490.38 1492.14 1505.26 1569.43 1615.54 1653.16 1686.80 1780.70 1852.26 1866.55 1707.93 1474.13 1347.83 1317.55 1532.41 1752.13 1937.12 2054.79 2128.08 2168.22 2180.42 2232.04 2213.84 2115.25 2041.06 1963.77 1860.68 1781.22 1671.54 1589.01 1541.30 1585.45 1574.18 1557.16 1513.01 1466.72 1405.77 -99.90 -99.90 -99.90 -99.90 -99.90 -99.90 -99.90 -99.90 -99.90 -99.90 -99.90 -99.90 -99.90 -99.90 -99.90 -99.90 -99.90 -99.90 -99.90 -99.90 -99.90 -99.90 -99.90 -99.90 -99.90 -99.90 -99.90 -99.90 -99.90 -99.90 -99.90 -99.90 -99.90
1478.96 1497.90 1511.62 1551.45 1571.71 1641.89 1685.58 1768.35 1800.64 1744.35 1588.54 1465.70 1429.85 1517.89 1745.06 1859.51 1976.23 2134.66 2162.29 2170.23 2180.41 2204.34 2189.88 2147.77 2091.36 2038.17 1929.24 1782.20 1681.98 1617.08 1514.66 1487.96 1488.16 1501.48 1455.05 1410.19 1340.41 1264.57 -99.90 -99.90 -99.90 -99.90 -99.90 -99.90 -99.90 -99.90 -99.90 -99.90 -99.90 -99.90 -99.90 -99.90 -99.90 -99.90 -99.90 -99.90 -99.90 -99.90 -99.90 -99.90 -99.90 -99.90 -99.90 -99.90 -99.90 -99.90 -99.90 -99.90 -99.90 -99.90
1433.12 1460.55 1457.44 1510.03 1589.91 1603.92 1670.02 1707.54 1689.37 1648.54 1605.09 1590.18 1616.04 1760.48 1870.87 1937.86 2014.15 2073.49 2179.91 2155.45 2086.93 2076.03 2101.26 2097.56 2181.23 2104.05 2007.49 1814.42 1652.84 1520.26 1446.35 1435.13 1384.99 1385.03 1374.53 1323.28 1268.32 1191.45 -99.90 -99.90 -99.90 -99.90 -99.90 -99.90 -99.90 -99.90 -99.90 -99.90 -99.90 -99.90 -99.90 -99.90 -99.90 -99.90 -99.90 -99.90 -99.90 -99.90 -99.90 -99.90 -99.90 -99.90 -99.90 -99.90 -99.90 -99.90 1493.18 1802.34 1437.52 1045.40
1386.21 1431.89 1413.99 1448.26 1520.72 1542.86 1593.73 1625.90 1614.28 1655.87 1642.82 1684.90 1778.71 1771.21 1854.65 1906.60 1983.50 1966.14 2064.00 2139.39 2055.71 1968.39 2134.77 2125.29 2124.76 2112.89 2001.76 1838.50 1686.90 1507.51 1432.05 1358.22 1331.95 1274.90 1218.77 1246.87 -99.90 -99.90 -99.90 -99.90 -99.90 -99.90 -99.90 -99.90 -99.90 -99.90 -99.90 -99.90 -99.90 -99.90 -99.90 -99.90 -99.90 -99.90 -99.90 -99.90 -99.90 -99.90 -99.90 -99.90 -99.90 -99.90 -99.90 -99.90 -99.90 -99.90 1395.56 1548.65 -99.90 -99.90
1387.98 1426.35 1411.09 1437.63 1467.50 1491.34 1525.77 1580.45 1583.54 1609.14 1620.94 1676.89 1792.36 1791.39 1810.70 1855.91 1860.26 1900.03 2019.33 2070.87 2144.41 2176.37 2119.58 2026.13 2062.99 2052.63 1993.55 1831.59 1700.73 1480.80 1398.26 1296.43 1089.29 1110.76 1171.61 -99.90 -99.90 -99.90 -99.90 -99.90 -99.90 -99.90 -99.90 -99.90 -99.90 -99.90 -99.90 -99.90 -99.90 -99.90 -99.90 -99.90 -99.90 -99.90 -99.90 -99.90 -99.90 -99.90 -99.90 -99.90 -99.90 -99.90 -99.90 -99.90 -99.90 1007.14 1337.39 -99.90 -99.90 -99.90
1428.24 1472.65 1457.25 1479.84 1463.23 1462.81 1517.64 1561.75 1554.66 1560.52 1591.38 1619.79 1667.99 1713.61 1773.48 1779.81 1755.63 1840.10 1929.83 1946.19 2030.24 1969.13 1929.34 1909.30 1925.70 1897.00 1842.13 1766.94 1636.29 1405.26 1369.83 1248.48 1117.75 -99.90 -99.90 -99.90 -99.90 -99.90 -99.90 -99.90 -99.90 -99.90 -99.90 -99.90 -99.90 -99.90 -99.90 -99.90 -99.90 -99.90 -99.90 -99.90 -99.90 -99.90 -99.90 -99.90 -99.90 -99.90 -99.90 -99.90 -99.90 -99.90 -99.90 -99.90 -99.90 1298.07 1346.56 -99.90 -99.90 -99.90
1537.37 1537.99 1471.72 1482.44 1481.76 1502.41 1509.53 1499.89 1474.47 1483.24 1524.71 1555.77 1584.41 1663.98 1733.67 1743.43 1705.22 1721.74 1799.80 1878.98 1902.25 1844.30 1762.90 1780.47 1802.69 1743.07 1760.80 1681.63 1593.74 1470.17 1405.53 1248.04 1110.88 -99.90 1070.61 -99.90 -99.90 -99.90 -99.90 -99.90 -99.90 -99.90 -99.90 -99.90 -99.90 -99.90 -99.90 -99.90 -99.90 -99.90 -99.90 -99.90 -99.90 -99.90 -99.90 -99.90 -99.90 -99.90 -99.90 -99.90 -99.90 -99.90 -99.90 -99.90 1350.21 -99.90 -99.90 -99.90 -99.90 -99.90
1424.90 1451.47 1427.65 1423.03 1492.31 1446.59 1417.70 1426.27 1412.12 1392.85 1464.58 1519.90 1567.59 1668.16 1698.16 1673.20 1672.75 1719.25 1807.04 1818.17 1763.00 1766.63 1681.33 1635.89 1627.44 1701.59 1704.36 1598.50 1428.63 1413.49 1321.74 1157.15 1075.60 -99.90 -99.90 -99.90 -99.90 -99.90 -99.90 -99.90 -99.90 -99.90 -99.90 -99.90 -99.90 -99.90 -99.90 -99.90 -99.90 -99.90 -99.90 -99.90 -99.90 -99.90 -99.90 -99.90 -99.90 -99.90 -99.90 -99.90 -99.90 1778.06 -99.90 1517.99 -99.90 -99.90 -99.90 -99.90 -99.90 -99.90
1211.61 1330.27 1399.28 1437.42 1455.72 1448.90 1400.83 1406.94 1375.91 1362.89 1396.50 1467.81 1544.55 1630.16 1618.50 1639.65 1685.46 1704.67 1722.49 1719.24 1690.86 1647.42 1629.68 1565.10 1608.01 1633.13 1570.96 1463.57 1381.22 1356.04 1217.37 1130.47 -99.90 -99.90 -99.90 -99.90 -99.90 -99.90 -99.90 -99.90 -99.90 -99.90 -99.90 -99.90 -99.90 -99.90 -99.90 -99.90 -99.90 -99.90 -99.90 -99.90 -99.90 -99.90 -99.90 -99.90 -99.90 -99.90 -99.90 -99.90 -99.90 1836.57 1908.57 1794.88 -99.90 -99.90 -99.90 -99.90 -99.90 -99.90
1263.34 1314.98 1371.25 1407.49 1419.68 1456.17 1501.24 1399.32 1356.19 1349.00 1399.04 1491.95 1506.71 1549.97 1583.39 1618.29 1674.02 1694.17 1669.11 1638.73 1616.47 1578.77 1556.89 1472.07 1461.21 1469.12 1427.44 1394.94 1321.46 1250.54 1189.63 -99.90 -99.90 -99.90 -99.90 -99.90 -99.90 -99.90 -99.90 -99.90 -99.90 -99.90 -99.90 -99.90 -99.90 -99.90 -99.90 -99.90 -99.90 -99.90 -99.90 -99.90 -99.90 -99.90 -99.90 -99.90 -99.90 -99.90 1630.91 -99.90 -99.90 1895.91 2050.52 1970.43 -99.90 -99.90 -99.90 -99.90 -99.90 -99.90
1305.88 1334.96 1362.41 1379.71 1440.89 1509.54 1512.77 1415.04 1387.48 1364.47 1402.06 1403.41 1452.73 1473.21 1512.99 1574.81 1621.47 1625.17 1611.86 1569.02 1549.93 1513.93 1497.46 1382.17 1318.72 1353.23 1318.96 1222.20 1190.80 1143.07 -99.90 -99.90 -99.90 -99.90 -99.90 -99.90 -99.90 -99.90 -99.90 -99.90 -99.90 -99.90 -99.90 -99.90 -99.90 -99.90 -99.90 -99.90 -99.90 -99.90 -99.90 -99.90 -99.90 -99.90 -99.90 -99.90 1792.61 1878.70 -99.90 -99.90 1670.68 1760.80 -99.90 -99.90 -99.90 -99.90 -99.90 -99.90 -99.90 -99.90
1385.08 1383.61 1384.78 1415.05 1490.28 1534.24 1468.98 1400.12 1385.26 1353.60 1367.82 1389.69 1407.11 1462.42 1505.64 1585.72 1585.05 1542.43 1529.99 1487.72 1540.43 1475.59 1389.08 1385.99 1309.07 1221.63 1132.18 1084.68 1077.47 1058.60 -99.90 -99.90 -99.90 -99.90 -99.90 -99.90 -99.90 -99.90 -99.90 -99.90 -99.90 -99.90 -99.90 -99.90 -99.90 -99.90 -99.90 -99.90 -99.90 -99.90 -99.90 -99.90 -99.90 -99.90 -99.90 -99.90 -99.90 -99.90 -99.90 1691.37 1680.38 1727.13 -99.90 -99.90 -99.90 -99.90 -99.90 -99.90 -99.90 -99.90
1413.79 1455.71 1472.00 1445.01 1499.90 1500.43 1426.59 1360.62 1327.68 1318.28 1347.44 1353.34 1404.18 1454.26 1514.61 1634.53 1598.01 1547.88 1494.88 1445.56 1462.61 1397.58 1370.81 1319.19 1219.19 1164.59 1099.21 1034.61 1013.88 -99.90 -99.90 -99.90 -99.90 -99.90 -99.90 -99.90 -99.90 -99.90 -99.90 -99.90 -99.90 -99.90 -99.90 -99.90 -99.90 -99.90 -99.90 -99.90 -99.90 -99.90 -99.90 -99.90 -99.90 -99.90 -99.90 -99.90 -99.90 -99.90 -99.90 -99.90 -99.90 -99.90 -99.90 -99.90 -99.90 -99.90 -99.90 -99.90 -99.90 -99.90
1475.14 1534.28 1543.58 1484.90 1452.79 1433.36 1407.91 1395.01 1340.30 1345.07 1362.50 1396.92 1403.36 1428.23 1526.88 1519.92 1547.69 1539.63 1486.12 1405.69 1372.23 1338.11 1352.37 1236.15 1192.29 1069.55 1027.40 955.89 925.25 891.86 -99.90 -99.90 -99.90 -99.90 -99.90 -99.90 -99.90 -99.90 -99.90 -99.90 -99.90 -99.90 -99.90 -99.90 -99.90 -99.90 -99.90 -99.90 -99.90 -99.90 -99.90 -99.90 -99.90 -99.90 -99.90 -99.90 -99.90 -99.90 -99.90 -99.90 -99.90 -99.90 -99.90 -99.90 -99.90 -99.90 -99.90 -99.90 -99.90 -99.90
1515.85 1500.52 1464.32 1522.90 1479.75 1442.65 1433.42 1397.12 1362.35 1342.34 1361.30 1379.94 1397.42 1439.83 1482.05 1475.81 1485.43 1538.42 1430.29 1334.84 1324.72 1281.52 1225.71 1146.61 1047.57 976.74 910.42 886.71 837.17 845.13 -99.90 -99.90 -99.90 -99.90 -99.90 1494.81 1711.74 -99.90 -99.90 -99.90 -99.90 -99.90 -99.90 -99.90 -99.90 -99.90 -99.90 -99.90 -99.90 -99.90 -99.90 -99.90 -99.90 -99.90 -99.90 -99.90 -99.90 -99.90 -99.90 -99.90 -99.90 -99.90 -99.90 -99.90 -99.90 -99.90 -99.90 -99.90 -99.90 -99.90
1557.19 1510.96 1496.65 1434.95 1424.43 1427.03 1449.17 1412.46 1375.14 1358.99 1361.94 1398.40 1480.90 1476.31 1468.60 1472.66 1472.11 1481.25 1435.19 1393.10 1324.32 1284.28 1144.07 1050.59 1004.27 928.40 882.74 832.60 764.04 -99.90 -99.90 -99.90 -99.90 -99.90 917.94 1241.67 2065.84 2008.00 -99.90 -99.90 -99.90 -99.90 -99.90 -99.90 -99.90 -99.90 -99.90 -99.90 -99.90 -99.90 -99.90 -99.90 -99.90 -99.90 -99.90 -99.90 -99.90 -99.90 -99.90 -99.90 -99.90 -99.90 -99.90 -99.90 -99.90 -99.90 -99.90 -99.90 -99.90 -99.90
1640.35 1625.71 1523.39 1466.67 1427.74 1448.35 1430.69 1450.07 1430.22 1398.67 1363.37 1389.30 1437.21 1450.67 1408.05 1424.10 1390.02 1388.39 1407.54 1390.94 1296.60 1249.55 1139.35 1012.92 919.26 901.01 -99.90 -99.90 -99.90 -99.90 -99.90 -99.90 -99.90 788.64 908.03 1019.76 1848.69 1983.85 -99.90 -99.90 -99.90 -99.90 -99.90 -99.90 -99.90 -99.90 -99.90 -99.90 -99.90 -99.90 1364.67 1589.25 -99.90 -99.90 -99.90 -99.90 -99.90 -99.90 -99.90 -99.90 -99.90 -99.90 -99.90 -99.90 -99.90 -99.90 -99.90 -99.90 -99.90 -99.90
1608.55 1593.27 1547.56 1498.31 1479.91 1505.79 1495.65 1503.50 1492.71 1468.75 1388.02 1376.84 1388.75 1353.80 1341.03 1345.93 1329.17 1364.43 1385.59 1316.88 1287.49 1190.76 1040.75 944.04 879.26 -99.90 -99.90 -99.90 -99.90 -99.90 -99.90 -99.90 710.55 767.03 959.02 1263.69 1768.42 2261.90 -99.90 -99.90 -99.90 -99.90 -99.90 -99.90 -99.90 -99.90 -99.90 1706.26 1463.80 -99.90 -99.90 1523.25 -99.90 -99.90 -99.90 -99.90 -99.90 -99.90 -99.90 -99.90 -99.90 -99.90 -99.90 -99.90 -99.90 -99.90 -99.90 -99.90 -99.90 -99.90
1605.90 1595.22 1573.27 1570.09 1551.60 1542.00 1541.04 1547.59 1550.27 1487.03 1409.06 1386.50 1357.84 1313.85 1239.89 1293.93 1296.31 1318.84 1337.68 1273.76 1250.20 1139.92 1023.57 925.87 -99.90 -99.90 -99.90 -99.90 -99.90 -99.90 -99.90 -99.90 634.80 928.13 1185.52 1527.32 1646.39 1758.26 -99.90 -99.90 -99.90 1825.13 1958.94 -99.90 2151.32 2216.42 2004.04 1840.26 -99.90 -99.90 -99.90 -99.90 -99.90 -99.90 -99.90 -99.90 -99.90 -99.90 -99.90 -99.90 -99.90 -99.90 -99.90 -99.90 -99.90 -99.90 -99.90 -99.90 -99.90 -99.90
1644.00 1635.52 1635.23 1643.28 1633.31 1624.25 1643.17 1604.28 1577.40 1502.85 1482.28 1441.81 1381.30 1342.29 1324.09 1324.66 1298.99 1296.51 1283.07 1228.00 1139.31 1040.50 1008.02 -99.90 -99.90 -99.90 -99.90 -99.90 -99.90 -99.90 -99.90 694.90 736.75 1185.49 1380.69 1705.23 1411.16 -99.90 -99.90 -99.90 -99.90 -99.90 -99.90 -99.90 -99.90 1974.99 1931.41 -99.90 -99.90 -99.90 -99.90 -99.90 -99.90 -99.90 -99.90 -99.90 -99.90 -99.90 -99.90 -99.90 -99.90 -99.90 -99.90 -99.90 -99.90 -99.90 -99.90 -99.90 -99.90 -99.90
