arc/python_arcpy/Precipitation/APHRO_MA_025deg_1995.txt
ncols	360 
nrows	280 
xllcorner	60.125 
yllcorner	-14.875 
cellsize	0.25 
NODATA_value	-99.9 
[rows 124 to 154 of 280, columns 140 to 209 of 360]
1555.68 1467.75 1448.29 1393.37 1312.62 1320.27 1353.48 1414.63 1419.23 1505.14 1457.45 1478.43 1421.78 1333.45 1271.46 1303.08 1212.55 1158.70 1144.99 1147.37 1154.46 1100.85 1144.82 1105.46 1085.69 1027.95 1001.88 919.20 931.49 942.00 951.07 940.12 934.38 942.81 978.19 1053.62 1025.95 970.70 1018.84 1038.45 1055.09 1091.89 1148.46 1183.18 1153.31 1170.83 1132.59 1174.94 1245.20 1289.81 1323.55 1349.16 1377.37 1330.10 1282.26 1220.57 1124.79 1070.90 1154.50 1273.02 1412.52 1501.44 1526.46 1510.21 1491.94 1481.57 1484.38 1513.76 1592.99 1619.46
1410.39 1282.01 1190.33 1142.95 1177.32 1235.61 1254.39 1303.84 1399.21 1432.59 1447.47 1419.59 1343.48 1299.46 1280.82 1297.47 1316.59 1300.16 1255.42 1202.65 1185.40 1142.98 1165.04 1162.42 1134.40 1116.63 1138.48 990.73 941.45 981.39 990.93 953.30 940.08 996.93 1206.69 1294.44 1074.54 1013.72 1060.54 1110.99 1160.41 1179.20 1203.96 1249.06 1262.55 1261.37 1218.98 1186.60 1173.01 1244.01 1278.58 1291.87 1312.19 1317.63 1304.51 1235.60 1157.93 1129.61 1173.41 1330.38 1452.64 1497.38 1506.64 1490.03 1424.29 1418.37 1429.50 1490.58 1537.54 1576.06
1225.09 1119.36 1000.24 989.53 1034.93 1104.37 1168.62 1336.53 1531.78 1499.85 1402.18 1391.62 1284.16 1324.03 1342.36 1319.76 1319.21 1314.62 1288.54 1264.32 1231.58 1213.72 1207.83 1205.28 1216.61 1210.64 1213.57 1231.01 1145.75 1072.41 1089.59 1088.15 1143.73 1008.97 1283.43 1411.91 1112.33 998.09 1104.96 1213.38 1243.55 1236.43 1284.63 1356.78 1331.71 1337.55 1278.80 1195.31 1187.73 1206.94 1227.07 1254.54 1307.88 1325.66 1300.40 1252.99 1226.79 1216.62 1257.21 1421.07 1577.18 1540.30 1517.26 1449.56 1403.52 1379.98 1415.83 1492.31 1519.60 1574.10
1001.20 920.94 898.68 887.61 987.83 1092.24 1165.61 1336.56 1547.13 1369.58 1318.10 1312.15 1323.22 1294.57 1282.81 1294.01 1303.23 1301.70 1295.51 1301.24 1272.90 1260.77 1230.00 1263.67 1326.04 1311.14 1334.55 1341.84 1383.36 1363.83 1294.49 1276.27 1267.50 1247.90 1338.90 1322.10 1307.80 1223.66 1265.03 1350.08 1359.00 1357.21 1344.76 1359.09 1408.72 1450.80 1335.02 1231.81 1205.48 1212.55 1199.78 1225.88 1253.40 1275.90 1297.50 1286.97 1306.02 1333.02 1368.55 1464.94 1535.01 1566.91 1561.17 1494.43 1467.22 1429.87 1456.55 1491.40 1572.72 1650.68
848.50 789.66 797.96 817.53 988.26 1266.02 1415.59 1432.49 1429.18 1295.44 1227.72 1214.87 1271.86 1278.98 1232.35 1254.94 1232.36 1262.21 1314.71 1343.68 1352.33 1285.68 1273.88 1336.91 1410.33 1456.30 1513.09 1531.26 1569.71 1540.35 1511.75 1467.66 1522.81 1497.21 1448.77 1374.21 1419.47 1436.16 1426.99 1758.13 1695.12 1489.33 1410.45 1414.95 1363.59 1394.82 1289.63 1184.76 1148.78 1168.27 1203.66 1241.28 1235.51 1229.91 1286.36 1347.49 1396.63 1446.64 1451.65 1438.55 1500.90 1587.82 1585.49 1562.97 1531.59 1519.02 1500.60 1567.01 1655.51 1681.22
739.43 708.44 747.61 756.91 805.19 1031.19 1258.22 1308.53 1297.38 1234.23 1185.56 1207.57 1272.77 1235.16 1203.58 1236.98 1185.65 1236.38 1308.76 1376.93 1357.94 1305.03 1274.82 1326.72 1379.97 1421.91 1653.25 1912.32 1696.66 1657.04 1737.06 1764.47 1701.30 1860.21 1746.49 1399.14 1320.14 1435.98 1460.74 1659.15 1662.23 1527.71 1465.42 1454.94 1298.01 1245.89 1159.12 1105.08 1091.56 1108.46 1224.51 1340.56 1329.27 1358.90 1458.90 1520.68 1546.98 1555.09 1502.20 1450.27 1511.94 1604.96 1619.46 1623.09 1620.49 1600.55 1605.45 1703.29 1734.11 1681.75
676.65 648.53 617.82 602.72 654.71 839.13 1036.84 1106.44 1186.13 1158.55 1195.55 1189.58 1234.77 1264.79 1189.76 1201.80 1168.39 1205.33 1280.17 1317.98 1327.30 1291.84 1211.15 1240.35 1262.25 1379.04 1542.52 1659.47 1710.85 1649.18 1771.18 1999.10 1907.48 1916.73 2064.99 1901.29 1353.79 1323.73 1440.92 1541.19 1543.30 1483.66 1446.29 1385.43 1261.19 1158.42 1077.94 1071.20 1062.40 1119.14 1359.25 1572.65 1649.50 1698.47 1734.18 1752.34 1725.78 1713.72 1610.46 1556.33 1572.43 1633.39 1645.87 1670.02 1684.07 1735.59 1809.16 1856.85 1887.29 1746.60
686.11 627.45 562.63 520.28 522.18 806.13 926.81 1044.58 1013.37 1102.56 1207.11 1186.64 1172.89 1221.54 1188.84 1151.95 1125.05 1209.95 1225.87 1259.35 1266.11 1258.17 1231.24 1157.98 1177.65 1253.81 1375.73 1432.58 1483.71 1551.32 1642.79 1789.96 1922.28 1870.39 1901.26 1882.72 1448.47 1224.38 1375.56 1442.81 1468.20 1446.35 1422.55 1279.41 1172.49 1050.03 893.02 947.29 1103.05 1284.33 1567.67 1850.91 2005.24 2084.53 2053.59 1933.14 1823.30 1718.16 1629.83 1599.81 1623.95 1649.98 1665.83 1688.55 1758.28 1833.43 1980.71 2093.27 2076.43 1917.75
753.77 606.80 529.15 483.60 468.91 734.63 856.51 993.06 1019.47 1104.60 1158.05 1181.64 1143.93 1151.97 1155.55 1168.28 1136.56 1196.22 1164.64 1202.94 1246.41 1243.79 1226.35 1085.53 1116.15 1158.33 1244.38 1311.46 1343.65 1396.23 1445.92 1554.20 1746.68 1786.59 1678.34 1605.59 1687.16 1452.06 1392.20 1507.32 1430.36 1403.12 1416.27 1314.77 1154.58 1029.85 854.03 870.76 1097.85 1382.91 1734.72 2081.23 2417.93 2594.44 2373.75 2096.20 1904.11 1758.29 1652.20 1613.42 1636.08 1653.77 1704.18 1755.44 1804.00 1906.30 2031.80 2346.68 2334.67 2143.44
572.78 531.27 523.84 502.77 494.29 639.64 862.43 1029.22 1043.68 1161.39 1159.32 1194.61 1193.36 1164.34 1142.43 1174.62 1212.93 1188.58 1183.08 1160.20 1185.13 1249.29 1185.05 1159.79 1200.90 1196.60 1211.90 1260.32 1252.46 1290.27 1328.23 1425.32 1552.12 1582.24 1540.16 1457.59 1541.18 1519.63 1441.96 1538.39 1395.81 1344.42 1440.57 1502.47 1146.72 1019.58 963.18 975.95 1178.04 1516.11 1945.83 2665.47 2836.65 2584.78 2314.14 2161.61 1990.64 1765.88 1639.42 1577.16 1598.87 1646.48 1678.65 1753.79 1808.95 1909.41 2057.62 2197.74 2088.91 2087.50
535.60 511.25 532.05 512.37 500.67 692.68 1025.51 1206.69 1163.89 1198.20 1167.81 1223.52 1238.91 1190.62 1206.71 1228.51 1209.46 1219.46 1157.48 1210.60 1210.76 1254.31 1259.24 1246.74 1244.46 1238.41 1236.32 1229.58 1229.09 1246.09 1318.86 1369.55 1412.34 1437.16 1404.58 1383.30 1316.89 1449.79 1391.09 1334.55 1335.36 1275.80 1289.24 1310.14 1177.11 1043.48 1088.51 1174.40 1461.06 1921.87 2218.85 2563.26 2571.52 -99.90 -99.90 -99.90 1921.08 1694.11 1576.07 1493.33 1531.68 1688.27 1710.20 1737.17 1748.56 1863.58 -99.90 -99.90 -99.90 -99.90
588.86 542.10 524.81 506.71 553.45 803.22 1206.78 1341.57 1248.27 1220.66 1196.34 1259.80 1245.30 1200.70 1218.81 1222.00 1224.14 1218.84 1265.83 1324.07 1345.12 1348.64 1344.68 1375.11 1351.69 1335.56 1280.08 1275.86 1247.64 1233.17 1254.27 1276.17 1325.46 1334.25 1262.94 1292.66 1277.07 1218.02 1220.93 1260.38 1217.63 1193.05 1201.54 1154.59 1139.86 1110.05 1220.18 1356.35 1688.69 1963.03 2000.41 2059.01 -99.90 -99.90 -99.90 -99.90 1599.77 -99.90 1459.09 1396.22 1463.93 1658.82 1659.66 -99.90 -99.90 -99.90 -99.90 -99.90 -99.90 -99.90
607.78 576.31 521.85 455.13 571.69 790.26 1165.26 1260.05 1311.48 1228.16 1249.24 1274.42 1235.20 1235.91 1257.18 1222.76 1222.89 1256.07 1302.07 1372.11 1424.46 1477.20 1482.63 1463.02 1409.46 1340.78 1305.70 1261.93 1232.77 1246.45 1223.44 1225.76 1265.12 1298.15 1266.52 1241.25 1230.61 1248.39 1302.77 1296.95 1298.27 1279.39 1189.11 1106.52 1105.92 1162.85 1329.38 1346.08 1589.51 1651.46 1737.28 1791.38 -99.90 -99.90 -99.90 -99.90 -99.90 -99.90 1342.09 1251.22 1361.51 1512.65 1571.62 -99.90 -99.90 -99.90 -99.90 -99.90 -99.90 -99.90
637.89 616.13 593.22 579.36 643.59 852.70 1098.63 1155.34 1233.51 1231.03 1262.58 1299.27 1263.35 1272.70 1285.41 1282.42 1276.64 1302.49 1369.51 1484.06 1531.96 1554.18 1504.48 1481.70 1408.99 1346.81 1287.43 1273.91 1270.87 1244.11 1233.74 1282.14 1339.34 1336.53 1314.29 1248.52 1260.97 1216.00 1271.66 1318.65 1356.53 1386.96 1270.17 1167.13 1147.25 1201.03 1291.71 1327.20 1270.98 -99.90 -99.90 -99.90 -99.90 -99.90 -99.90 -99.90 -99.90 -99.90 -99.90 1133.67 1283.13 1434.51 -99.90 -99.90 -99.90 -99.90 -99.90 -99.90 -99.90 -99.90
738.33 705.63 695.86 712.80 794.85 931.69 1069.94 1094.74 1110.55 1171.36 1239.55 1268.83 1278.74 1305.17 1297.68 1312.14 1318.45 1342.53 1475.35 1661.35 1641.88 1555.19 1486.51 1468.13 1424.89 1388.30 1264.80 1303.15 1290.96 1282.13 1375.23 1384.33 1319.49 1318.79 1286.46 1288.17 1263.28 1225.16 1249.65 1318.52 1418.04 1396.49 1343.69 1265.12 1233.69 1218.10 1277.03 -99.90 -99.90 -99.90 -99.90 -99.90 -99.90 -99.90 -99.90 -99.90 -99.90 -99.90 -99.90 1195.87 1238.26 1456.58 1544.39 -99.90 -99.90 -99.90 -99.90 -99.90 -99.90 -99.90
830.48 761.60 751.80 781.05 834.27 931.68 1012.57 1080.12 1086.98 1133.87 1269.28 1291.41 1267.23 1324.32 1317.41 1351.09 1339.73 1461.32 1514.57 1657.71 1591.92 1502.66 1459.40 1457.12 1454.99 1412.98 1355.41 1328.92 1331.07 1342.85 1425.51 1420.23 1369.55 1361.48 1249.00 1272.34 1243.98 1192.16 1181.22 1256.60 1354.38 1320.37 1288.09 1341.96 1294.52 1208.29 -99.90 -99.90 -99.90 -99.90 -99.90 -99.90 -99.90 -99.90 -99.90 -99.90 -99.90 -99.90 -99.90 -99.90 1451.98 1525.57 1595.68 1615.41 -99.90 -99.90 -99.90 -99.90 -99.90 -99.90
845.43 784.85 787.54 843.42 973.92 1029.99 1033.33 1050.07 1021.21 1121.17 1252.49 1313.04 1325.52 1344.88 1317.61 1333.54 1457.44 1463.34 1587.82 1631.32 1449.27 1315.21 1420.20 1463.68 1487.93 1501.99 1383.38 1415.26 1386.77 1423.58 1538.31 1506.17 1426.83 1400.92 1350.94 1228.15 1289.10 1219.25 1136.77 1213.61 1224.34 1299.59 1228.18 1197.93 1208.61 -99.90 -99.90 -99.90 -99.90 -99.90 -99.90 -99.90 -99.90 -99.90 -99.90 -99.90 1255.62 1121.75 913.36 1059.04 1384.15 1598.70 1694.96 1775.76 -99.90 -99.90 -99.90 -99.90 -99.90 -99.90
897.25 810.80 826.69 938.21 1126.08 1130.05 1059.16 1019.53 986.36 1059.94 1220.39 1195.15 1272.35 1345.60 1351.13 1356.72 1352.65 1302.54 1363.25 1386.22 1341.33 1334.93 1408.60 1491.15 1518.12 1543.87 1446.97 1476.48 1505.46 1604.87 1671.05 1574.09 1599.94 1439.62 1329.92 1284.83 1175.13 1108.15 1171.25 1130.47 1147.64 1233.32 1208.85 1118.95 -99.90 -99.90 -99.90 -99.90 -99.90 -99.90 -99.90 -99.90 -99.90 -99.90 -99.90 1247.86 1202.05 1187.24 1289.69 1404.26 1546.18 1704.57 1805.49 1803.39 1669.64 -99.90 -99.90 -99.90 -99.90 -99.90
1019.52 903.93 859.58 989.43 1167.51 1225.59 1091.55 1032.56 971.47 1058.84 1132.92 1241.60 1210.12 1296.05 1317.88 1364.21 1267.76 1143.11 1169.51 1186.48 1167.85 1303.09 1444.88 1574.59 1558.89 1518.47 1392.83 1481.91 1628.15 1763.85 1680.74 1690.19 1533.78 1422.79 1384.54 1305.63 1203.75 1068.63 1029.77 1045.62 1089.04 1143.22 1219.18 1199.50 -99.90 -99.90 -99.90 -99.90 -99.90 -99.90 -99.90 -99.90 -99.90 -99.90 1180.26 1140.22 1310.43 1530.27 1719.93 1773.47 1832.34 1887.23 1872.13 1774.21 -99.90 -99.90 -99.90 -99.90 -99.90 -99.90
1137.67 1005.84 968.72 1051.10 1257.12 1445.05 1248.10 1117.16 1116.89 1120.13 1052.36 1092.42 1053.59 1124.68 1257.73 1337.56 1197.86 1097.33 1136.93 1123.79 1223.61 1321.84 1448.55 1529.27 1485.58 1455.96 1372.98 1508.60 1783.50 2013.70 1988.26 1823.65 1550.54 1637.46 1538.06 1525.56 1516.57 1298.72 1237.24 1115.61 1114.48 1134.92 1185.23 -99.90 -99.90 -99.90 -99.90 -99.90 -99.90 -99.90 -99.90 -99.90 -99.90 -99.90 1159.70 1212.90 1484.47 1687.40 1947.79 2130.29 2015.21 1977.27 1879.29 -99.90 -99.90 -99.90 -99.90 -99.90 -99.90 -99.90
1316.63 1168.83 1171.74 1218.03 1426.13 1720.01 1671.50 1235.18 1091.45 1166.71 887.82 860.36 943.97 939.21 1087.88 1178.36 946.81 925.86 1070.33 1012.86 1152.55 1313.81 1447.63 1462.52 1403.63 1387.77 1344.43 1544.12 1933.24 2610.50 2463.09 2185.55 1593.05 1973.38 2378.98 2098.00 1772.09 1563.91 1403.56 1266.46 1235.56 1304.83 1311.93 -99.90 -99.90 -99.90 -99.90 -99.90 -99.90 -99.90 -99.90 -99.90 -99.90 -99.90 1208.20 1342.29 1515.73 1682.62 1918.36 2037.24 1974.67 1902.52 1819.75 -99.90 -99.90 -99.90 -99.90 -99.90 -99.90 -99.90
1556.00 1315.19 1338.07 1430.21 1646.84 2010.87 2117.57 1385.08 1091.76 1161.18 880.12 803.65 777.56 725.57 858.49 907.48 758.42 854.58 970.58 998.55 1152.58 1247.89 1354.98 1409.11 1310.13 1322.57 1300.72 1533.19 1876.50 2124.83 2525.47 2456.72 2349.26 2422.66 3019.67 2784.19 2162.85 1885.45 1571.97 1336.93 1297.06 1315.46 1438.52 1553.95 -99.90 -99.90 -99.90 -99.90 -99.90 -99.90 -99.90 -99.90 -99.90 -99.90 1268.29 1373.51 1418.98 1601.44 1678.26 1750.06 1825.52 1769.17 -99.90 -99.90 -99.90 -99.90 -99.90 -99.90 -99.90 -99.90
1701.10 1430.76 1478.87 1598.95 1839.24 2227.82 2454.63 1759.36 1210.25 1243.51 1039.18 852.94 770.52 739.58 812.17 849.50 966.86 1015.94 862.55 905.50 1026.85 1179.66 1217.93 1262.86 1228.14 1265.01 1287.97 1453.62 1811.46 2132.37 2523.60 2407.73 2465.25 2715.89 3092.61 2775.85 2391.52 2063.67 1740.38 1454.95 1275.51 1368.19 1549.61 1795.96 1867.15 -99.90 -99.90 -99.90 -99.90 -99.90 -99.90 -99.90 -99.90 -99.90 -99.90 1333.66 1370.68 1440.70 1512.30 1558.50 1633.95 -99.90 -99.90 -99.90 -99.90 -99.90 -99.90 -99.90 -99.90 -99.90
1909.78 1656.03 1675.66 1765.07 1963.18 2280.38 2526.30 2522.77 1562.77 1532.41 1228.28 1014.09 881.03 931.99 840.14 798.51 1015.01 1114.77 912.24 939.73 1064.73 1105.30 1159.74 1242.89 1277.57 1212.47 1287.06 1412.49 1731.07 1969.46 2181.65 2174.05 2181.83 2032.16 2170.92 2324.36 2374.90 2274.69 2070.93 1741.96 1545.55 1540.55 1796.15 1996.73 2345.42 2262.35 -99.90 -99.90 -99.90 -99.90 -99.90 -99.90 -99.90 -99.90 -99.90 -99.90 -99.90 1367.33 1414.94 -99.90 -99.90 -99.90 -99.90 -99.90 -99.90 -99.90 -99.90 -99.90 -99.90 -99.90
2146.32 1995.60 1928.28 1970.06 2127.82 2423.28 2701.75 2808.84 2128.17 2160.73 1496.41 1180.42 978.07 908.30 824.13 765.32 909.95 1016.19 1177.25 1122.46 1092.03 1180.85 1202.80 1199.44 1211.79 1193.00 1291.35 1325.79 1491.75 1604.64 1585.54 1743.32 1764.31 1634.38 1674.45 1839.34 1990.15 2325.74 2448.64 2203.37 1988.49 1696.79 1669.81 1865.53 2059.90 2009.37 -99.90 -99.90 -99.90 -99.90 -99.90 -99.90 -99.90 -99.90 -99.90 -99.90 -99.90 -99.90 -99.90 -99.90 -99.90 -99.90 -99.90 -99.90 -99.90 -99.90 -99.90 -99.90 -99.90 -99.90
2329.35 2302.28 2170.81 2144.50 2348.63 2700.93 3045.02 3161.40 2655.53 2427.77 1889.26 1480.24 1209.42 970.88 817.13 759.93 802.21 961.53 1218.75 1127.44 1128.06 1163.91 1242.50 1200.09 1159.46 1126.39 1156.29 1194.31 1304.04 1358.94 1378.26 1457.29 1523.82 1391.50 1410.64 1565.54 1788.13 1975.30 2097.26 2237.26 2108.70 1872.42 1702.86 1673.82 1662.60 1833.84 1971.51 -99.90 -99.90 -99.90 -99.90 -99.90 -99.90 -99.90 -99.90 -99.90 -99.90 -99.90 -99.90 -99.90 -99.90 -99.90 -99.90 -99.90 -99.90 -99.90 -99.90 -99.90 -99.90 -99.90
2328.86 2204.15 2139.43 2207.20 2430.70 2829.23 3237.94 3584.54 3294.92 2664.56 2033.84 1701.10 1496.43 1132.60 890.19 739.56 746.54 879.97 1097.00 984.93 1001.80 1264.81 1359.57 1255.64 1210.57 1138.65 1158.46 1185.71 1187.31 1172.67 1198.98 1244.06 1280.33 1237.81 1285.21 1376.01 1514.27 1626.48 1729.85 1880.94 1913.10 1828.48 1670.06 1557.82 1514.37 1660.64 1771.01 1817.53 -99.90 -99.90 -99.90 -99.90 -99.90 -99.90 -99.90 -99.90 -99.90 -99.90 -99.90 -99.90 -99.90 -99.90 -99.90 -99.90 -99.90 -99.90 -99.90 -99.90 -99.90 -99.90
2306.37 2159.10 2101.70 2179.45 2372.88 2631.30 3143.91 3464.21 3695.04 3407.29 2333.27 2196.41 1863.77 1592.63 1072.25 787.67 768.36 826.93 958.19 1057.71 1195.84 1421.65 1447.82 1329.09 1179.46 1156.90 1184.26 1189.05 1099.75 1028.88 977.13 1029.22 1061.45 1086.14 1162.56 1210.93 1230.20 1260.92 1320.29 1349.46 1480.08 1520.51 1508.55 1451.25 1441.50 1501.78 1529.35 1675.95 1875.14 -99.90 -99.90 -99.90 -99.90 -99.90 -99.90 -99.90 -99.90 -99.90 -99.90 -99.90 -99.90 -99.90 -99.90 -99.90 -99.90 -99.90 -99.90 -99.90 -99.90 -99.90
2301.34 2177.67 2141.54 2048.55 2235.40 2487.20 2968.35 3397.62 3766.79 4481.77 3547.62 3062.28 2422.17 1858.61 1368.64 1046.00 922.40 905.90 992.12 1099.21 1190.29 1457.42 1368.23 1201.91 1079.22 1098.49 1142.95 1218.14 1075.81 966.43 896.00 946.44 962.34 965.25 1013.89 1012.65 1058.71 1087.48 1090.16 1135.23 1215.51 1313.86 1452.12 1435.88 1452.85 1459.36 1579.74 1698.39 2067.94 2086.26 -99.90 -99.90 -99.90 -99.90 -99.90 -99.90 -99.90 -99.90 -99.90 -99.90 -99.90 -99.90 -99.90 -99.90 -99.90 -99.90 -99.90 -99.90 -99.90 -99.90
2289.78 2213.00 2140.03 1846.14 2115.60 2529.10 2977.06 3178.64 -99.90 4313.16 4259.10 3932.30 3512.47 2052.54 1387.91 1136.34 1085.00 1040.81 1187.73 1199.62 1170.54 1335.92 1260.03 1023.64 1039.66 1004.58 1006.01 1058.23 1040.02 931.22 961.92 976.69 1011.77 971.05 929.46 926.47 1027.23 1100.47 1137.48 1071.78 1106.29 1336.72 1389.93 1434.22 1554.41 1377.10 1585.52 1876.98 1845.81 2123.45 2325.44 -99.90 -99.90 -99.90 -99.90 -99.90 -99.90 -99.90 -99.90 -99.90 -99.90 -99.90 -99.90 -99.90 -99.90 -99.90 -99.90 -99.90 -99.90 -99.90
2358.83 2282.50 2209.84 2118.15 2305.13 2754.20 -99.90 -99.90 -99.90 3784.08 4378.59 4030.82 3466.72 2106.04 1420.95 1203.94 1184.26 1173.46 1133.96 1161.28 1184.76 1200.69 1107.30 995.32 1013.25 945.17 943.58 930.75 949.60 964.65 1062.74 1180.90 1056.64 1015.92 878.35 779.13 895.26 1073.33 1166.54 1171.42 1253.51 1238.52 1343.66 1424.55 1420.37 1505.93 1643.98 1772.88 1769.25 2093.84 2449.87 2563.67 2363.28 -99.90 -99.90 -99.90 -99.90 -99.90 -99.90 -99.90 -99.90 -99.90 -99.90 -99.90 -99.90 -99.90 -99.90 -99.90 -99.90 -99.90
