arc/python_arcpy/Precipitation/APHRO_MA_025deg_1999.txt
ncols	360 
nrows	280 
xllcorner	60.125 
yllcorner	-14.875 
cellsize	0.25 
NODATA_value	-99.9 
[rows 124 to 154 of 280, columns 70 to 139 of 360]
1198.16 1383.24 1545.64 1652.15 1711.85 1628.53 1445.84 1382.45 1260.73 1262.88 1212.47 1096.98 1017.57 1011.18 1026.97 1034.39 1062.77 1099.97 1111.83 1162.95 1187.39 1187.89 1160.48 1146.21 1104.37 1049.76 939.65 1061.24 1162.38 1206.00 1187.21 1288.29 1310.94 1382.22 1701.95 1808.22 1813.54 1872.29 1894.04 1923.20 1849.00 1909.92 1806.59 1700.21 1648.42 1583.08 1520.27 1520.20 1567.97 1654.29 1711.41 1760.35 1733.73 1738.13 1739.26 1699.32 1783.82 2095.11 2274.36 2472.73 2446.15 2224.88 2103.19 2040.31 1876.04 1812.76 1862.88 1745.82 1634.63 1510.65
1387.03 1755.79 1895.11 1806.86 1766.86 1735.93 1710.57 1517.42 1393.56 1361.44 1313.50 1265.32 1149.55 1060.83 955.20 923.91 961.59 1037.96 1076.61 1139.23 1218.33 1214.31 1236.38 1221.77 1167.12 1124.87 1179.43 1301.31 1198.43 1223.68 1237.78 1258.66 1221.51 1106.11 1360.08 1617.76 1810.52 1946.41 1890.31 1792.91 1775.85 1781.58 1695.86 1576.94 1529.42 1546.56 1490.57 1525.24 1622.98 1801.41 1798.38 1853.88 1861.49 1928.42 1956.89 1909.72 1933.52 2283.60 2447.58 2616.44 2562.61 2238.60 2050.03 1912.38 1723.64 1652.91 1648.09 1599.49 1492.50 1406.23
1558.26 1918.45 1998.43 1851.64 1735.94 1768.81 1762.75 1569.70 1384.27 1402.47 1433.78 1386.33 1318.53 1110.35 946.71 885.35 926.90 999.28 1057.41 1133.66 1197.27 1247.21 1328.26 1268.98 1198.99 1224.67 1264.11 1297.52 1201.71 1258.85 1350.38 1322.89 1144.10 970.64 1130.55 1357.47 1633.63 1686.01 1746.44 1652.60 1754.62 1770.77 1568.76 1403.47 1393.69 1409.08 1448.92 1529.43 1634.07 1721.88 1816.97 1918.37 2058.98 2169.99 2251.13 2250.87 2070.78 2201.17 2537.56 2649.94 2780.44 2427.85 1986.81 1816.73 1616.81 1575.61 1601.00 1527.57 1372.31 1293.87
1657.49 1869.73 1981.77 1856.70 1781.70 1734.26 1744.17 1545.56 1391.37 1398.47 1480.08 1522.49 1447.98 1202.06 1026.27 948.45 932.83 951.52 985.80 1092.60 1200.74 1261.58 1285.96 1232.60 1236.67 1318.56 1362.22 1291.89 1228.52 1210.86 1273.42 1309.72 1178.60 1135.98 1212.68 1334.66 1545.51 1542.76 1672.05 1592.96 1574.26 1601.06 1502.84 1370.35 1362.83 1406.99 1422.10 1499.92 1610.55 1725.16 1876.20 1983.40 2206.52 2471.91 2699.78 2745.57 2437.54 2388.95 2531.12 2553.67 2741.57 2569.97 2173.19 1833.64 1613.04 1567.33 1471.85 1382.89 1246.12 1159.24
1654.29 1707.91 1825.43 1872.55 1855.30 1854.75 1768.02 1549.29 1297.01 1243.84 1351.78 1465.77 1477.03 1322.63 1158.56 1064.97 1046.94 1003.82 957.18 1045.69 1188.34 1256.28 1281.77 1276.84 1388.27 1503.20 1565.52 1419.79 1298.72 1154.85 1146.19 1292.38 1450.87 1407.09 1481.44 1413.85 1493.68 1606.19 1701.43 1565.47 1488.83 1476.41 1612.17 1562.42 1530.38 1490.82 1487.30 1534.70 1626.86 1767.33 1912.40 2009.68 2299.57 2678.90 3085.38 3079.47 2796.38 2583.91 2632.33 2582.58 2788.24 2861.89 2328.18 1925.32 1648.72 1444.69 1361.69 1233.86 1101.66 974.75
1577.12 1554.79 1703.01 1941.28 1970.89 2026.48 1775.23 1478.60 1240.63 1104.20 1243.34 1423.74 1590.40 1477.32 1260.87 1116.05 1046.33 995.76 976.33 1091.16 1207.86 1226.73 1272.54 1295.85 1394.46 1496.01 1637.75 1463.43 1187.64 1093.32 1101.34 1208.50 1365.87 1423.71 1564.73 1573.74 1590.21 1664.27 1651.51 1602.79 1551.68 1653.30 1781.75 1764.93 1602.72 1564.56 1581.88 1605.71 1729.38 1901.82 2075.48 2225.54 2489.14 2836.48 3153.89 3270.58 3079.98 2784.56 2701.17 2668.14 2755.61 2684.21 2376.61 2104.34 1867.78 1412.54 1235.07 1112.02 908.08 827.26
1573.88 1469.01 1601.00 2019.63 2140.80 1981.97 1584.02 1328.64 1201.13 1198.10 1377.34 1500.55 1658.33 1624.61 1381.96 1179.19 1077.85 953.74 934.00 1025.65 1141.77 1136.54 1238.64 1241.09 1281.07 1342.35 1425.43 1406.65 1357.87 1295.93 1307.51 1339.99 1415.00 1452.93 1577.56 1652.34 1644.66 1675.25 1709.49 1691.86 1566.13 1744.44 1704.30 1687.23 1694.07 1667.62 1706.39 1743.37 1888.13 2097.80 2330.05 2589.41 2745.95 2956.35 3243.31 3334.29 3166.57 2861.46 2594.64 2683.72 2765.51 2775.43 2625.03 2249.02 1893.31 1407.34 1175.82 1001.49 837.98 755.54
1592.80 1479.70 1399.22 1606.55 1646.02 1513.84 1353.10 1280.95 1227.75 1267.69 1555.11 1606.19 1671.57 1723.46 1554.34 1155.58 1010.93 891.99 878.17 874.04 949.28 1001.24 1107.96 1105.28 1219.32 1294.44 1360.80 1446.69 1502.44 1559.35 1570.04 1507.41 1420.29 1369.85 1536.65 1689.86 1810.97 1808.01 1767.13 1702.49 1675.76 1765.01 1750.64 1708.82 1740.83 1738.28 1797.40 1853.36 2021.82 2262.56 2596.40 2837.08 2932.28 2978.70 3126.61 -99.90 -99.90 2651.62 2553.98 2721.32 2846.31 2804.47 2587.61 2183.86 1869.40 1371.17 1135.10 945.30 769.02 727.51
1387.85 1415.81 1249.49 1206.89 1259.80 1272.11 1232.41 1208.79 1207.86 1210.86 1496.93 1561.25 1498.42 1424.23 1259.83 1102.29 956.08 820.10 774.51 767.34 762.22 848.63 936.82 999.21 1155.72 1238.42 1312.49 1483.29 1663.65 1794.82 1871.23 1573.32 1427.84 1382.14 1514.82 1759.99 1890.51 1946.52 1939.43 1813.92 1860.90 1946.55 1927.45 1819.79 1825.06 1810.46 1858.97 1971.48 2114.91 2306.32 2686.05 2825.02 2863.86 -99.90 -99.90 -99.90 -99.90 3001.93 2944.23 2989.22 3018.62 2858.28 2499.97 2143.35 1849.68 1357.71 1037.44 882.07 737.04 720.62
1165.06 937.86 1004.02 1039.01 1059.33 1117.71 1114.45 1113.37 1085.22 1164.27 1354.94 1583.39 1441.69 1195.59 1124.10 1103.77 1061.85 814.99 746.70 731.44 708.44 719.24 756.39 920.53 1075.55 1207.29 1339.63 1466.20 1647.42 1732.95 1713.43 1532.97 1401.07 1363.10 1499.64 1669.42 1846.43 1875.80 1894.80 1842.40 1899.23 1984.69 1982.01 1866.60 1848.53 1854.50 1868.07 1981.17 2053.50 -99.90 -99.90 -99.90 -99.90 -99.90 -99.90 -99.90 -99.90 3517.95 3437.60 3439.29 3317.97 3069.12 2605.09 2135.07 2014.96 1541.07 1041.48 837.89 724.34 683.62
966.28 888.60 968.61 1018.94 1001.44 1057.61 1061.07 1126.49 1119.87 1226.84 1298.59 1461.13 1317.69 1051.40 1029.92 1079.64 1033.63 866.36 827.75 830.82 807.62 813.75 844.15 923.08 993.58 1181.40 1307.60 1353.90 1565.40 1592.38 1609.87 1459.99 1350.04 1404.30 1569.75 1697.37 1823.49 1874.99 1872.22 -99.90 -99.90 -99.90 -99.90 -99.90 -99.90 -99.90 -99.90 -99.90 -99.90 -99.90 -99.90 -99.90 -99.90 -99.90 -99.90 -99.90 -99.90 3837.86 3898.35 3870.07 3829.87 3636.03 2948.62 2265.59 1945.94 1776.57 1052.97 829.21 707.77 642.10
795.88 844.20 961.90 996.06 1021.97 1073.03 1096.29 1113.32 1191.89 1184.60 1213.73 1214.53 1125.06 1093.58 1118.86 1088.78 1006.24 966.50 946.47 993.27 987.45 991.06 966.45 948.64 999.91 1130.41 1202.75 1272.17 1412.66 1383.77 1345.40 1359.38 1386.98 1497.71 1654.09 1739.56 1860.70 1902.52 -99.90 -99.90 -99.90 -99.90 -99.90 -99.90 -99.90 -99.90 -99.90 -99.90 -99.90 -99.90 -99.90 -99.90 -99.90 -99.90 -99.90 -99.90 -99.90 -99.90 4077.61 4244.69 4271.61 3933.16 3303.88 2542.33 1978.17 1783.72 1160.08 865.65 703.04 626.65
861.02 901.50 984.01 1036.95 1059.22 1098.40 1093.12 1118.53 1182.33 1080.60 1035.12 1060.96 1056.12 1107.87 1119.52 1047.37 994.49 1047.88 1056.95 1077.83 1091.08 1142.47 1032.62 1040.34 1077.05 1054.25 1113.41 1212.38 1258.22 1264.17 1272.27 1346.61 1450.25 1618.33 1784.78 1900.94 1928.96 1897.11 -99.90 -99.90 -99.90 -99.90 -99.90 -99.90 -99.90 -99.90 -99.90 -99.90 -99.90 -99.90 -99.90 -99.90 -99.90 -99.90 -99.90 -99.90 -99.90 -99.90 4071.57 4510.81 4622.05 4112.57 3660.87 2864.58 2041.93 1579.60 1212.50 881.29 705.53 670.64
923.05 930.49 1037.05 1079.20 1098.59 1102.91 1157.53 1193.94 1175.16 1101.40 1071.12 1058.01 1062.93 1108.91 1123.59 1103.84 1114.32 1082.73 1120.35 1084.39 1081.33 1054.35 1023.06 1082.11 1083.51 1042.50 1095.35 1162.87 1189.91 1234.39 1273.84 1405.55 1592.61 1747.68 1816.82 1890.46 1968.81 1937.33 1877.57 -99.90 -99.90 -99.90 -99.90 -99.90 -99.90 -99.90 -99.90 -99.90 -99.90 -99.90 -99.90 -99.90 -99.90 -99.90 -99.90 -99.90 -99.90 -99.90 -99.90 4419.91 4626.43 4373.88 4036.13 3298.59 2344.86 1727.78 1289.31 942.87 769.17 712.12
975.46 994.71 1107.07 1104.15 1083.61 1074.55 1117.62 1202.21 1202.05 1194.49 1210.64 1219.82 1188.97 1186.80 1192.57 1143.23 1062.57 1027.96 1091.92 1066.12 995.02 950.81 960.36 984.33 985.14 993.34 1062.62 1094.47 1127.97 1231.95 1323.59 1447.67 1664.66 1853.20 1807.68 1858.09 1949.29 1946.32 -99.90 -99.90 -99.90 -99.90 -99.90 -99.90 -99.90 -99.90 -99.90 -99.90 -99.90 -99.90 -99.90 -99.90 -99.90 -99.90 -99.90 -99.90 -99.90 -99.90 -99.90 -99.90 4439.41 4574.03 4435.60 3858.18 2758.74 2005.44 1472.69 1042.98 858.40 784.78
990.92 1006.43 1050.40 1094.41 1078.07 1025.00 1030.82 1116.87 1156.59 1239.78 1300.06 1322.22 1339.69 1306.12 1307.07 1277.35 1204.10 1098.19 1087.45 992.59 854.28 827.07 850.51 879.41 915.77 932.76 997.08 1065.54 1126.94 1173.50 1295.81 1405.79 1531.35 1704.59 1743.57 1808.43 1871.38 -99.90 -99.90 -99.90 -99.90 -99.90 -99.90 -99.90 -99.90 -99.90 -99.90 -99.90 -99.90 -99.90 -99.90 -99.90 -99.90 -99.90 -99.90 -99.90 -99.90 -99.90 -99.90 -99.90 -99.90 4558.65 4601.59 4284.12 3169.21 2486.54 1693.24 1171.65 923.01 891.79
1000.55 1031.66 1041.49 1044.17 1017.70 1001.31 972.69 1024.96 1099.73 1249.22 1276.29 1313.16 1329.41 1301.70 1301.50 1305.33 1258.55 1167.65 1118.54 964.54 781.08 761.40 786.71 812.76 852.91 903.15 1003.82 1075.89 1143.81 1123.32 1231.41 1328.69 1380.96 1523.70 1666.29 1761.36 -99.90 -99.90 -99.90 -99.90 -99.90 -99.90 -99.90 -99.90 -99.90 -99.90 -99.90 -99.90 -99.90 -99.90 -99.90 -99.90 -99.90 -99.90 -99.90 -99.90 -99.90 -99.90 -99.90 -99.90 -99.90 4350.98 4300.95 3911.19 3833.63 3208.62 2270.07 1467.43 1047.65 868.24
1025.58 1020.83 1009.28 991.98 976.38 977.13 904.41 895.66 1008.48 1201.10 1262.05 1316.06 1335.12 1312.45 1320.88 1294.35 1251.30 1200.78 1145.26 1049.48 925.20 843.16 839.50 834.38 869.15 924.46 975.62 1021.82 1083.03 1117.87 1173.29 1274.97 1334.79 -99.90 -99.90 -99.90 -99.90 -99.90 -99.90 -99.90 -99.90 -99.90 -99.90 -99.90 -99.90 -99.90 -99.90 -99.90 -99.90 -99.90 -99.90 -99.90 -99.90 -99.90 -99.90 -99.90 -99.90 -99.90 -99.90 -99.90 -99.90 -99.90 -99.90 4238.26 4158.76 3678.84 2715.48 1759.70 1254.03 964.54
958.54 956.27 944.79 946.00 969.05 949.03 860.10 831.03 933.63 1099.50 1249.81 1425.47 1507.18 1443.43 1371.83 1331.04 1297.94 1250.31 1210.04 1112.19 1015.51 951.68 909.50 872.75 929.96 982.85 961.26 985.85 1020.95 1061.70 1100.80 -99.90 -99.90 -99.90 -99.90 -99.90 -99.90 -99.90 -99.90 -99.90 -99.90 -99.90 -99.90 -99.90 -99.90 -99.90 -99.90 -99.90 -99.90 -99.90 -99.90 -99.90 -99.90 -99.90 -99.90 -99.90 -99.90 -99.90 -99.90 -99.90 -99.90 -99.90 -99.90 4249.27 4458.53 4072.96 3258.95 2131.59 1502.98 1146.41
911.77 904.80 932.97 936.97 906.66 878.30 867.98 861.04 952.39 1107.49 1310.40 1515.78 1642.57 1579.03 1529.74 1421.22 1371.77 1348.47 1335.94 1204.64 1089.78 1053.94 966.26 943.18 974.49 975.34 968.32 964.43 990.18 1005.44 -99.90 -99.90 -99.90 -99.90 -99.90 -99.90 -99.90 -99.90 -99.90 -99.90 -99.90 -99.90 -99.90 -99.90 -99.90 -99.90 -99.90 -99.90 -99.90 -99.90 -99.90 -99.90 -99.90 -99.90 -99.90 -99.90 -99.90 -99.90 -99.90 -99.90 -99.90 -99.90 -99.90 -99.90 4509.58 4407.26 3834.65 2565.32 1792.87 1386.70
851.29 935.95 1040.38 992.38 845.85 820.37 836.56 866.24 955.50 1130.14 1321.58 1616.75 1723.04 1706.30 1646.89 1524.73 1459.51 1419.90 1354.89 1256.27 1171.61 1104.31 1018.54 975.21 993.05 991.79 958.60 925.86 940.30 -99.90 -99.90 -99.90 -99.90 -99.90 -99.90 -99.90 -99.90 -99.90 -99.90 -99.90 -99.90 -99.90 -99.90 -99.90 -99.90 -99.90 -99.90 -99.90 -99.90 -99.90 -99.90 -99.90 -99.90 -99.90 -99.90 -99.90 -99.90 -99.90 -99.90 -99.90 -99.90 -99.90 -99.90 -99.90 4433.80 4298.80 4102.88 3106.68 2110.49 1647.61
857.14 984.49 1016.67 931.40 809.76 778.13 814.67 850.81 894.60 1016.55 1155.38 1481.33 1664.25 1819.08 1942.84 1756.86 1530.01 1485.90 1351.19 1224.41 1098.33 1026.20 915.23 897.81 948.16 983.03 958.29 902.57 -99.90 -99.90 -99.90 -99.90 -99.90 -99.90 -99.90 -99.90 -99.90 -99.90 -99.90 -99.90 -99.90 -99.90 -99.90 -99.90 -99.90 -99.90 -99.90 -99.90 -99.90 -99.90 -99.90 -99.90 -99.90 -99.90 -99.90 -99.90 -99.90 -99.90 -99.90 -99.90 -99.90 -99.90 -99.90 -99.90 4255.66 4131.87 3725.50 3298.33 2708.63 2044.60
825.50 937.43 929.14 866.41 762.51 690.13 765.52 826.13 894.82 960.55 979.60 1109.16 1539.80 1811.31 1871.27 1700.52 1560.90 1513.49 1303.10 1103.91 981.31 920.72 855.97 813.19 839.41 861.92 953.18 898.92 -99.90 -99.90 -99.90 -99.90 -99.90 -99.90 -99.90 -99.90 -99.90 -99.90 -99.90 -99.90 -99.90 -99.90 -99.90 -99.90 -99.90 -99.90 -99.90 -99.90 -99.90 -99.90 -99.90 -99.90 -99.90 -99.90 -99.90 -99.90 -99.90 -99.90 -99.90 -99.90 -99.90 -99.90 -99.90 -99.90 -99.90 -99.90 -99.90 5174.98 3360.80 2306.31
767.83 849.79 877.22 859.53 748.71 652.30 711.56 794.73 913.92 1016.22 972.79 1096.51 1418.55 1598.52 1616.84 1557.02 1460.32 1358.62 1164.94 979.05 881.20 867.48 825.79 791.80 796.70 817.39 -99.90 -99.90 -99.90 -99.90 -99.90 -99.90 -99.90 -99.90 -99.90 -99.90 -99.90 -99.90 -99.90 -99.90 -99.90 -99.90 -99.90 -99.90 -99.90 -99.90 -99.90 -99.90 -99.90 -99.90 -99.90 -99.90 -99.90 -99.90 -99.90 -99.90 -99.90 -99.90 -99.90 -99.90 -99.90 -99.90 -99.90 -99.90 -99.90 -99.90 -99.90 4254.26 3457.96 2425.47
789.86 758.92 749.46 728.84 669.78 672.83 693.43 792.45 910.99 1070.86 1080.95 1112.99 1243.92 1352.23 1355.53 1311.66 1223.06 1125.98 976.21 851.80 826.13 822.97 751.59 718.40 765.57 -99.90 -99.90 -99.90 -99.90 -99.90 -99.90 -99.90 -99.90 -99.90 -99.90 -99.90 -99.90 -99.90 -99.90 -99.90 -99.90 -99.90 -99.90 -99.90 -99.90 -99.90 -99.90 -99.90 -99.90 -99.90 -99.90 -99.90 -99.90 -99.90 -99.90 -99.90 -99.90 -99.90 -99.90 -99.90 -99.90 -99.90 -99.90 -99.90 -99.90 -99.90 -99.90 3905.56 3528.38 2677.88
640.42 648.87 633.79 585.94 544.86 540.20 573.58 665.06 828.81 970.84 1032.16 1082.93 1097.97 1154.79 1173.61 1127.13 1052.89 998.69 866.19 823.71 756.80 689.71 665.05 676.76 -99.90 -99.90 -99.90 -99.90 -99.90 -99.90 -99.90 -99.90 -99.90 -99.90 -99.90 -99.90 -99.90 -99.90 -99.90 -99.90 -99.90 -99.90 -99.90 -99.90 -99.90 -99.90 -99.90 -99.90 -99.90 -99.90 -99.90 -99.90 -99.90 -99.90 -99.90 -99.90 -99.90 -99.90 -99.90 -99.90 -99.90 -99.90 -99.90 -99.90 -99.90 -99.90 -99.90 -99.90 3846.10 2938.18
516.65 542.44 524.72 518.79 471.20 515.94 508.27 555.69 713.62 830.84 933.21 991.99 982.17 997.44 1019.07 1011.21 945.62 882.73 771.37 727.05 712.77 661.42 -99.90 -99.90 -99.90 -99.90 -99.90 -99.90 -99.90 -99.90 -99.90 -99.90 -99.90 -99.90 -99.90 -99.90 -99.90 -99.90 -99.90 -99.90 -99.90 -99.90 -99.90 -99.90 -99.90 -99.90 -99.90 -99.90 -99.90 -99.90 -99.90 -99.90 -99.90 -99.90 -99.90 -99.90 -99.90 -99.90 -99.90 -99.90 -99.90 -99.90 -99.90 -99.90 -99.90 -99.90 -99.90 -99.90 3581.55 3008.97
478.80 481.48 414.96 419.62 420.73 476.17 511.52 557.48 697.69 745.96 863.89 911.66 902.56 899.25 941.81 925.65 839.42 750.38 689.56 654.47 670.72 -99.90 -99.90 -99.90 -99.90 -99.90 -99.90 -99.90 -99.90 -99.90 -99.90 -99.90 -99.90 -99.90 -99.90 -99.90 -99.90 -99.90 -99.90 -99.90 -99.90 -99.90 -99.90 -99.90 -99.90 -99.90 -99.90 -99.90 -99.90 -99.90 -99.90 -99.90 -99.90 -99.90 -99.90 -99.90 -99.90 -99.90 -99.90 -99.90 -99.90 -99.90 -99.90 -99.90 -99.90 -99.90 -99.90 3564.74 3310.72 2898.80
441.11 475.50 431.59 376.20 400.68 436.96 487.93 556.60 621.67 683.16 785.61 850.88 835.49 798.47 783.14 769.08 705.74 702.96 698.07 658.83 -99.90 -99.90 -99.90 -99.90 -99.90 -99.90 -99.90 -99.90 -99.90 -99.90 -99.90 -99.90 -99.90 -99.90 -99.90 -99.90 -99.90 -99.90 -99.90 -99.90 -99.90 -99.90 -99.90 -99.90 -99.90 -99.90 -99.90 -99.90 -99.90 -99.90 -99.90 -99.90 -99.90 -99.90 -99.90 -99.90 -99.90 -99.90 -99.90 -99.90 -99.90 -99.90 -99.90 -99.90 -99.90 -99.90 -99.90 3438.69 3137.15 2846.41
397.59 455.42 434.93 380.32 399.13 407.04 449.21 511.72 571.35 587.51 616.78 733.99 803.71 765.55 682.86 705.68 728.98 777.69 754.76 721.37 -99.90 -99.90 -99.90 -99.90 -99.90 -99.90 -99.90 -99.90 -99.90 -99.90 -99.90 -99.90 -99.90 -99.90 -99.90 -99.90 -99.90 -99.90 -99.90 -99.90 -99.90 -99.90 -99.90 -99.90 -99.90 -99.90 -99.90 -99.90 -99.90 -99.90 -99.90 -99.90 -99.90 -99.90 -99.90 -99.90 -99.90 -99.90 -99.90 -99.90 -99.90 -99.90 -99.90 -99.90 -99.90 -99.90 -99.90 3283.05 3180.69 2903.65
386.98 446.71 426.55 406.74 418.09 415.83 450.17 483.89 536.64 575.88 622.06 673.71 748.75 781.61 714.24 705.93 795.37 805.09 776.77 -99.90 -99.90 -99.90 -99.90 -99.90 -99.90 -99.90 -99.90 -99.90 -99.90 -99.90 -99.90 -99.90 -99.90 -99.90 -99.90 -99.90 -99.90 -99.90 -99.90 -99.90 -99.90 -99.90 -99.90 -99.90 -99.90 -99.90 -99.90 -99.90 -99.90 -99.90 -99.90 -99.90 -99.90 -99.90 -99.90 -99.90 -99.90 -99.90 -99.90 -99.90 -99.90 -99.90 -99.90 -99.90 -99.90 -99.90 3088.32 3296.47 3187.66 2989.01
