arc/python_arcpy/Precipitation/APHRO_MA_025deg_1998.txt
ncols	360 
nrows	280 
xllcorner	60.125 
yllcorner	-14.875 
cellsize	0.25 
NODATA_value	-99.9 
[rows 93 to 123 of 280, columns 140 to 209 of 360]
659.65 634.73 634.56 625.80 628.20 638.45 634.51 617.79 611.03 610.34 626.07 628.78 655.92 682.26 705.15 707.03 706.82 715.28 706.42 698.37 683.49 689.63 690.76 694.56 711.74 709.85 716.49 707.77 704.01 735.54 739.01 730.15 745.26 745.19 774.54 843.03 871.55 901.82 917.43 925.26 933.87 964.50 1013.45 1157.21 1173.22 1125.43 1113.16 1106.11 1101.50 1122.79 1144.00 1126.02 1138.63 1151.78 1187.52 1197.20 1196.27 1196.31 1182.01 1218.08 1162.77 1321.61 1238.38 1140.06 1077.80 1065.51 1046.68 970.75 957.58 966.72
650.19 631.31 648.05 645.15 629.16 650.20 674.70 622.62 596.08 614.93 624.16 627.40 642.18 665.60 674.02 679.95 689.47 704.26 705.19 710.25 697.96 710.19 691.89 699.23 712.38 728.35 741.76 719.82 689.19 729.27 749.38 755.96 757.37 775.14 813.08 869.98 905.88 906.32 909.11 908.48 924.94 956.66 1007.86 1107.90 1135.16 1105.59 1094.35 1095.02 1099.11 1141.46 1149.84 1175.04 1193.98 1168.20 1192.65 1221.20 1250.29 1265.50 1247.92 1320.00 1435.48 1414.74 1264.30 1248.44 1266.86 1136.28 1109.58 1086.93 1044.26 1039.27
660.19 633.17 601.69 623.41 616.24 642.40 691.81 621.64 569.40 586.88 597.88 608.93 626.22 633.83 650.25 662.42 675.16 686.72 694.63 707.47 714.90 711.97 728.76 700.90 708.61 736.39 727.73 701.42 691.14 679.76 738.74 786.35 781.84 836.00 932.24 940.94 903.02 888.12 895.78 898.28 909.71 937.43 1005.20 1076.82 1109.21 1105.27 1101.87 1100.32 1119.55 1160.38 1215.39 1246.24 1239.61 1222.09 1232.33 1253.19 1297.52 1296.16 1341.32 1344.62 1390.00 1322.32 1319.08 1329.23 1315.84 1237.09 1168.74 1139.50 1125.37 1123.73
627.45 606.13 598.54 557.72 579.83 603.95 600.02 587.57 558.91 550.49 565.33 583.65 598.31 614.76 640.28 645.95 667.41 671.19 680.63 711.88 707.30 741.98 744.47 737.86 701.59 773.08 728.84 679.83 726.82 729.06 740.24 796.31 846.18 971.30 1044.84 938.20 880.67 875.57 883.73 887.60 912.14 956.44 1022.55 1071.71 1141.26 1134.68 1151.20 1131.87 1174.79 1192.04 1239.95 1273.18 1298.24 1308.07 1317.07 1306.20 1334.91 1407.36 1481.42 1508.38 1644.43 1557.97 1417.61 1363.23 1341.66 1283.66 1244.20 1187.30 1168.99 1148.93
618.84 590.36 555.63 537.47 549.68 565.64 555.38 560.58 546.08 547.82 554.34 560.15 573.26 602.88 632.30 636.07 639.69 662.92 696.77 724.73 715.85 751.99 770.47 760.97 766.56 800.29 792.60 766.71 734.08 797.50 745.57 803.21 943.14 1091.54 1066.98 952.69 891.34 890.44 883.76 914.86 944.52 957.23 992.75 1071.85 1149.10 1185.97 1206.96 1199.76 1259.33 1291.49 1301.75 1316.32 1336.56 1370.51 1401.69 1421.16 1488.72 1576.88 1584.99 1593.66 1673.92 1674.70 1631.94 1472.48 1353.99 1318.04 1279.95 1227.00 1196.15 1189.92
657.01 650.39 599.38 585.05 563.71 556.29 535.17 500.31 507.01 508.38 551.60 554.59 555.43 581.13 613.92 592.61 621.21 637.71 700.70 720.49 746.83 753.72 743.87 773.45 800.37 832.21 837.65 804.72 755.70 794.38 837.32 988.44 1165.88 1267.58 1137.08 1023.79 960.64 929.77 926.08 925.17 962.75 983.06 1034.24 1112.88 1172.39 1209.95 1222.61 1269.74 1282.25 1315.05 1354.71 1401.96 1377.01 1423.31 1491.50 1531.07 1540.21 1564.21 1603.17 1675.97 1677.48 1677.36 1644.15 1534.56 1448.03 1358.47 1306.61 1258.45 1215.29 1217.67
806.71 716.67 746.68 663.92 605.91 545.71 485.89 397.41 457.60 500.31 527.96 563.46 550.12 563.21 572.78 587.48 583.45 654.08 712.79 721.87 747.76 795.51 794.27 763.66 773.89 816.38 817.06 821.72 774.74 839.84 974.39 1269.82 1391.78 1389.03 1273.02 1118.03 1023.00 973.80 964.72 959.94 974.89 1022.22 1082.22 1155.74 1201.55 1231.78 1273.24 1281.95 1315.14 1331.74 1355.00 1400.36 1454.10 1488.22 1520.45 1557.48 1563.98 1558.67 1612.13 1695.05 1723.72 1772.25 1719.70 1646.60 1511.60 1445.78 1353.38 1311.50 1294.73 1301.75
935.85 880.47 863.32 788.34 641.53 563.82 510.75 450.86 449.18 458.57 495.33 541.98 565.03 577.32 615.64 610.10 598.93 660.45 692.02 708.99 751.68 780.16 817.51 807.48 823.72 866.07 865.59 872.23 822.27 902.80 1000.20 1216.65 1429.86 1522.45 1394.52 1233.23 1106.33 1025.25 1003.17 986.23 1017.77 1058.63 1115.23 1173.11 1222.14 1271.81 1311.31 1325.51 1348.17 1399.96 1405.05 1438.65 1504.17 1484.33 1510.09 1561.65 1583.53 1585.21 1600.41 1602.33 1618.15 1649.85 1630.97 1554.78 1532.34 1482.15 1421.81 1396.21 1388.83 1369.29
794.89 1241.53 831.94 727.89 628.58 589.16 567.65 552.61 513.61 490.03 516.10 519.42 594.15 615.94 680.99 615.13 610.53 625.30 676.85 671.16 723.84 771.42 807.67 832.45 845.45 897.95 924.63 942.27 843.82 924.25 992.03 1153.45 1306.30 1499.55 1432.59 1235.07 1136.46 1108.21 1063.10 1036.03 1065.35 1086.17 1129.35 1189.55 1254.50 1368.51 1394.09 1355.64 1386.82 1442.34 1497.49 1459.84 1511.07 1482.38 1478.88 1524.17 1570.91 1629.29 1616.68 1558.70 1576.26 1602.32 1608.68 1587.69 1596.26 1597.21 1506.69 1471.59 1449.30 1425.40
1115.62 1401.67 909.37 758.92 605.42 673.83 632.09 625.85 608.71 599.67 574.04 590.44 648.60 612.75 592.00 586.10 577.00 588.01 604.94 649.89 713.28 762.01 808.56 811.37 834.36 919.16 953.59 973.68 899.85 913.55 903.54 1175.70 1274.67 1358.76 1368.56 1229.91 1148.79 1095.10 1099.56 1077.73 1085.29 1108.93 1146.46 1202.58 1250.31 1329.37 1357.11 1343.55 1379.23 1387.18 1403.23 1369.74 1386.19 1463.57 1425.35 1489.79 1527.50 1564.49 1581.35 1563.77 1579.91 1603.92 1601.67 1610.16 1603.19 1607.97 1564.46 1531.57 1499.11 1459.88
1477.82 1056.22 962.73 924.68 767.34 889.51 908.42 830.61 696.97 648.30 637.00 675.34 674.97 621.33 638.47 607.61 580.91 557.54 580.41 635.35 717.86 773.76 797.78 833.68 870.49 974.99 1029.72 1030.26 995.63 1018.66 1093.73 1163.82 1177.08 1253.56 1234.00 1231.83 1168.20 1098.17 1135.86 1118.61 1105.06 1109.49 1146.64 1184.99 1220.17 1263.41 1288.53 1282.56 1334.46 1342.93 1346.92 1338.28 1330.62 1308.54 1383.46 1441.21 1430.60 1483.01 1493.61 1543.39 1572.81 1596.16 1614.82 1641.32 1642.09 1625.00 1630.06 1576.84 1528.83 1520.66
1423.59 1122.31 1220.76 1640.62 1078.55 1097.40 1075.13 882.34 758.62 662.72 710.53 742.58 750.79 689.79 679.53 655.12 571.51 521.33 585.96 620.46 719.21 767.69 808.55 850.39 894.97 1017.36 1059.90 1092.98 1128.12 1190.27 1123.19 1212.43 1236.38 1139.08 1114.45 1066.49 1068.85 1100.92 1141.49 1146.63 1123.32 1114.79 1130.68 1162.17 1194.44 1212.88 1224.22 1226.23 1263.99 1266.77 1274.65 1302.22 1241.04 1226.14 1345.36 1394.33 1376.77 1426.65 1471.61 1497.09 1563.44 1637.74 1633.70 1651.11 1656.57 1666.50 1642.53 1636.70 1593.88 1591.89
1964.16 1340.42 1721.26 2249.22 1563.71 1281.99 1110.86 1116.51 1088.43 829.68 750.10 857.09 867.75 815.32 727.09 689.33 623.44 562.80 588.87 624.44 696.28 740.50 820.51 881.87 935.67 1029.64 1057.68 1089.30 1110.53 1199.63 1164.41 1219.08 1180.34 1095.37 983.94 997.62 1006.34 1049.77 1069.16 1116.23 1128.48 1129.17 1120.57 1116.46 1125.36 1134.49 1131.63 1156.88 1181.89 1170.90 1197.92 1165.94 1176.19 1151.00 1215.02 1281.91 1305.95 1377.99 1437.05 1477.46 1522.48 1558.22 1616.11 1683.75 1753.16 1741.94 1701.61 1655.97 1610.05 1596.69
2441.99 2141.69 2584.20 2738.15 1975.78 1491.01 1753.53 1345.84 1583.26 1108.60 1044.50 1020.54 983.07 978.39 849.12 836.68 727.20 678.95 637.34 626.56 680.95 760.41 866.42 923.92 967.11 1011.82 1065.82 1105.07 1096.13 1153.21 1164.37 1163.37 1139.28 1033.80 959.91 920.86 939.12 989.77 1010.15 1035.02 1075.67 1126.34 1105.13 1082.78 1095.02 1063.86 1046.58 1052.28 1093.98 1117.22 1123.74 1091.41 1090.64 1081.04 1141.52 1196.30 1237.03 1350.03 1423.28 1453.21 1478.88 1506.29 1602.58 1699.94 1813.72 1785.94 1703.11 1668.30 1626.06 1567.81
2661.32 3794.36 3542.56 2962.84 2709.53 2580.81 2988.78 2000.67 2209.36 1513.12 1562.17 1232.89 1166.46 1257.37 1233.08 1067.18 822.06 770.86 699.57 653.67 723.42 811.18 885.23 970.81 1008.08 1048.58 1066.77 1099.08 1096.22 1166.61 1207.94 1161.45 1082.26 971.21 930.60 880.52 889.94 914.56 975.88 984.83 1012.10 1090.73 1060.90 1025.54 1006.61 984.72 961.41 952.93 995.75 1011.38 1010.08 1012.69 1009.27 1034.93 1099.20 1154.85 1184.81 1289.70 1323.54 1359.21 1373.38 1459.56 1541.90 1588.60 1637.87 1696.80 1695.29 1665.60 1568.47 1527.96
3122.35 3264.17 2926.16 2883.38 3074.57 3266.49 2964.13 3650.61 2886.96 2349.67 2276.91 2060.03 1704.97 1489.81 1439.07 1097.11 945.65 869.41 750.77 722.22 802.78 868.34 923.51 982.19 1048.12 1087.04 1096.99 1078.86 1078.96 1138.30 1183.24 1123.11 1073.94 961.60 872.41 839.10 839.75 860.04 891.33 919.35 944.22 956.61 960.92 963.26 974.08 963.81 959.81 956.72 955.73 997.10 986.31 970.93 970.67 994.54 1068.22 1075.79 1104.61 1172.90 1234.69 1269.82 1309.21 1381.15 1444.09 1534.16 1516.87 1513.56 1576.11 1523.42 1511.53 1495.15
2764.11 2735.10 2582.42 2699.39 3018.79 3310.41 3079.06 2683.80 3945.44 4002.63 3046.40 2735.21 2215.17 1665.59 1330.67 1119.30 1008.18 933.21 847.43 804.95 880.55 933.94 970.64 1015.95 1054.85 1083.73 1089.00 1080.55 1075.71 1132.73 1106.75 1084.84 927.79 894.94 863.32 819.38 794.08 824.34 835.69 869.91 890.93 914.81 927.50 928.92 933.54 940.80 948.43 957.79 951.53 973.65 973.03 963.92 959.04 983.93 995.01 1010.69 1030.43 1107.45 1184.43 1224.90 1291.11 1342.32 1383.94 1450.32 1429.93 1371.53 1392.50 1403.55 1394.65 1439.71
2516.39 2485.88 2470.38 2673.00 2998.69 3221.92 3506.45 3250.34 3703.38 4385.97 3659.93 3122.88 2408.72 1840.19 1353.83 1187.16 1050.29 930.69 907.04 870.62 930.75 983.02 1029.93 1054.60 1078.68 1096.48 1086.58 1079.89 1086.94 1106.04 1044.44 990.03 892.58 900.17 755.49 783.18 787.08 837.58 837.90 841.83 872.56 887.62 923.43 936.38 935.94 932.79 931.98 945.81 949.05 956.57 950.48 963.17 977.53 978.98 986.15 999.13 1028.94 1106.80 1140.78 1209.17 1285.70 1364.92 1387.67 1359.91 1332.42 1319.25 1304.01 1303.27 1297.79 1406.81
2328.40 2401.02 2549.64 2637.43 2989.64 3266.53 3590.56 3365.94 3124.63 3683.05 3853.03 3255.29 2160.45 2066.87 1312.35 1206.70 1022.97 915.38 933.25 961.96 991.12 1047.59 1070.90 1095.17 1105.15 1134.32 1130.40 1123.29 1118.79 1091.76 993.48 916.35 937.01 810.71 766.00 793.21 842.88 842.47 853.95 851.56 880.06 910.44 917.21 918.39 916.44 944.07 950.92 961.38 955.73 983.10 976.73 974.83 985.22 984.46 985.06 999.21 1051.05 1114.23 1147.89 1206.30 1258.62 1336.55 1306.90 1297.65 1279.77 1269.47 1259.73 1253.31 1305.18 1350.69
2253.46 2385.15 2391.27 2582.18 2910.12 3273.55 3472.55 3468.98 3330.84 3537.14 3671.01 3182.59 2400.44 1844.01 1361.57 1187.24 993.58 958.79 965.21 1017.24 1078.63 1129.34 1116.99 1165.75 1186.04 1166.56 1127.10 1131.01 1117.79 1104.33 1013.22 863.79 898.77 837.94 794.18 841.44 891.40 919.39 918.76 932.11 956.36 946.17 958.12 955.99 955.75 969.77 983.02 978.76 980.25 1010.48 1010.99 1016.27 1008.84 1010.96 1011.81 1024.69 1077.73 1120.82 1164.97 1205.80 1257.06 1283.07 1278.54 1295.43 1269.09 1264.59 1251.65 1241.16 1281.46 1290.39
2170.70 2295.06 2651.56 2629.44 2998.14 3361.82 3424.61 3468.97 3212.88 3300.50 3358.10 3041.82 2088.79 1533.16 1257.83 1095.15 1003.43 967.82 978.27 1021.50 1056.88 1099.90 1105.44 1181.62 1233.48 1203.41 1093.69 1049.99 1189.71 1135.18 1022.96 928.77 866.95 846.86 831.68 863.63 896.39 917.48 968.13 1004.40 1013.59 1025.56 1038.20 1035.09 1011.22 1006.10 989.59 994.23 1012.07 1041.19 1044.00 1080.26 1090.57 1070.37 1053.12 1080.26 1113.43 1160.11 1196.24 1242.26 1275.32 1301.46 1319.40 1315.99 1338.02 1302.16 1256.77 1256.21 1267.95 1296.22
1979.06 2402.07 2891.71 3079.00 3258.42 3323.48 3361.68 3298.20 2946.50 2928.87 2947.73 2478.55 1469.98 1231.25 1004.44 1014.92 971.94 951.38 988.06 1009.08 1034.84 1032.73 1083.04 1159.84 1114.15 1112.59 1094.67 1028.60 1085.31 1045.72 968.96 908.88 832.13 880.86 843.32 869.60 913.42 974.03 1028.26 1065.87 1068.94 1083.50 1094.12 1156.88 1103.33 1063.39 1028.14 1043.75 1038.68 1068.17 1066.34 1089.74 1140.85 1108.44 1101.96 1145.16 1167.69 1218.70 1269.62 1331.61 1392.32 1393.71 1430.73 1386.71 1348.38 1313.02 1318.73 1301.30 1294.35 1297.03
1731.02 2413.65 3326.36 3384.55 3176.08 3106.30 3238.53 2967.14 2479.23 2542.14 2346.78 1994.91 1460.03 1120.49 988.85 1025.60 959.98 908.72 930.95 954.76 988.46 970.57 999.76 1045.64 1146.22 1096.12 1011.91 990.68 949.31 1002.61 960.21 972.09 797.91 901.43 832.64 892.73 961.02 1028.47 1111.37 1124.58 1103.07 1134.91 1142.39 1202.95 1149.19 1111.63 1072.55 1083.89 1077.92 1099.90 1110.05 1110.66 1137.95 1118.80 1147.41 1200.78 1245.14 1305.73 1380.87 1466.49 1510.13 1494.19 1480.27 1453.32 1380.81 1359.76 1378.11 1405.88 1363.85 1338.17
1559.17 2295.62 3237.93 3240.41 2627.14 2566.70 2572.71 2396.93 2074.34 2205.51 1982.35 1697.96 1429.22 1021.49 944.95 990.76 919.16 896.95 902.33 887.44 967.07 941.07 948.81 989.85 969.75 1009.52 895.20 844.69 915.09 955.23 891.44 889.36 834.58 846.52 840.43 908.48 981.61 1086.64 1217.72 1185.93 1129.34 1111.62 1123.91 1129.56 1144.77 1114.46 1094.11 1099.86 1109.48 1131.11 1180.87 1143.54 1168.78 1174.08 1211.93 1276.97 1333.72 1396.53 1467.17 1538.65 1578.66 1584.59 1535.46 1452.45 1421.70 1433.30 1413.05 1388.29 1352.77 1347.01
1727.00 2321.56 2467.53 2452.39 2284.17 2242.89 2187.25 2056.41 1956.85 2135.13 1936.24 1659.27 1130.95 952.86 898.18 936.62 854.00 836.47 829.56 840.24 890.70 940.36 912.00 948.43 968.56 978.93 889.69 798.95 897.17 859.58 842.85 897.07 861.29 828.67 844.84 896.00 981.37 1074.24 1170.09 1166.43 1136.19 1118.77 1116.84 1081.23 1105.71 1107.14 1086.90 1094.55 1137.53 1177.37 1203.68 1192.27 1239.86 1285.48 1307.22 1356.16 1420.58 1505.73 1594.63 1636.75 1699.57 1696.08 1606.38 1550.88 1467.67 1432.21 1404.26 1371.98 1386.02 1397.13
1734.13 1876.52 1967.59 2007.98 1959.75 1960.71 1938.60 1963.54 1992.14 2122.23 1884.47 1432.01 1014.38 922.92 868.33 882.81 806.50 775.72 776.37 770.28 818.61 899.98 908.65 935.32 945.00 938.68 854.76 853.79 837.35 842.04 858.70 886.24 856.80 843.93 874.41 912.17 984.36 1039.89 1091.76 1109.04 1107.12 1118.71 1118.78 1068.92 1116.04 1115.21 1082.72 1100.42 1180.52 1233.09 1247.27 1253.49 1310.27 1361.94 1411.54 1468.17 1544.89 1689.21 1755.12 1775.90 1865.23 1872.98 1704.48 1604.11 1540.72 1462.56 1413.20 1424.15 1448.82 1453.59
1611.26 1599.72 1654.64 1688.68 1692.74 1727.13 1779.86 1858.79 1827.90 1815.37 1659.67 1182.80 1027.17 858.20 729.34 824.57 785.45 758.01 748.20 744.51 754.08 815.70 855.44 876.47 858.87 864.22 839.08 802.17 810.45 859.01 866.58 885.86 859.69 835.98 857.12 912.66 950.01 991.68 1035.75 1052.60 1088.93 1121.71 1134.97 1076.17 1098.84 1111.80 1114.16 1169.08 1241.99 1269.00 1288.35 1312.16 1385.86 1419.90 1471.56 1538.54 1645.66 1804.64 1839.79 1886.24 1931.63 1877.14 1735.75 1635.29 1548.81 1476.95 1464.62 1490.29 1490.75 1508.07
1538.14 1439.98 1412.97 1423.93 1462.84 1495.51 1552.97 1637.84 1686.99 1675.72 1469.22 1146.30 1025.58 834.68 724.91 820.09 761.22 757.39 740.74 759.70 752.70 756.32 822.16 835.60 837.61 831.53 832.13 774.31 806.49 827.54 827.08 845.09 814.73 807.42 844.71 885.68 908.94 925.26 973.74 1010.91 1046.37 1069.57 1088.12 1089.51 1081.57 1148.55 1176.97 1196.57 1286.61 1287.61 1323.53 1368.93 1447.56 1469.12 1516.00 1556.01 1623.59 1717.28 1811.57 1886.02 1877.53 1839.20 1738.45 1646.21 1573.01 1479.96 1485.01 1473.23 1496.54 1543.12
1450.01 1329.79 1298.71 1257.08 1294.01 1337.39 1369.19 1459.15 1559.76 1578.60 1373.66 1245.80 1140.66 1053.47 929.94 823.26 820.75 776.71 765.68 786.71 781.06 765.30 832.34 848.27 807.31 789.39 787.00 794.38 788.09 829.81 820.61 813.98 809.85 818.55 821.57 856.33 887.97 874.77 917.40 958.88 1015.62 1095.61 1101.77 1040.49 1075.62 1202.64 1189.74 1282.28 1366.76 1309.40 1337.77 1412.88 1497.80 1485.63 1508.17 1560.90 1585.33 1623.69 1698.00 1768.41 1784.12 1784.97 1720.63 1646.60 1562.63 1465.70 1483.54 1469.44 1506.03 1561.57
1270.04 1158.37 1155.33 1120.12 1123.91 1211.79 1285.26 1388.82 1516.18 1538.98 1432.61 1364.75 1304.60 1248.01 1114.46 924.23 940.44 875.58 830.18 829.46 834.94 844.15 887.91 861.22 870.48 784.03 751.43 754.37 774.18 831.77 832.96 825.44 804.46 814.99 842.54 851.15 841.35 883.68 910.41 919.66 965.42 1021.22 1031.05 1022.97 1057.51 1164.08 1182.38 1252.29 1312.80 1314.32 1346.98 1431.57 1501.93 1496.39 1498.57 1524.35 1540.87 1508.07 1565.35 1626.44 1691.79 1779.05 1770.75 1664.78 1556.22 1460.51 1432.61 1474.44 1505.29 1599.87
1089.82 955.36 1039.81 1044.51 990.95 1066.20 1188.29 1322.55 1429.93 1518.32 1520.25 1519.32 1388.03 1243.55 1160.32 1067.13 1006.31 975.85 909.55 898.42 924.55 924.76 902.14 882.37 854.28 901.47 765.78 827.38 774.30 821.53 836.16 829.42 814.68 830.04 847.66 916.97 867.60 883.49 919.70 928.42 946.34 1001.47 1037.24 1045.38 1055.07 1070.39 1111.07 1192.03 1238.45 1283.20 1357.96 1468.11 1551.55 1540.78 1520.61 1510.35 1488.28 1444.90 1480.02 1550.82 1654.88 1762.38 1791.27 1632.80 1534.51 1466.27 1439.61 1464.71 1501.57 1575.47
