arc/python_arcpy/Precipitation/APHRO_MA_025deg_1989.txt
ncols	360 
nrows	280 
xllcorner	60.125 
yllcorner	-14.875 
cellsize	0.25 
NODATA_value	-99.9 
[rows 0 to 30 of 280, columns 0 to 69 of 360]
467.20 432.00 418.53 413.94 407.21 404.46 402.77 386.11 361.03 363.32 366.31 366.99 339.35 346.32 337.18 340.03 343.79 358.77 350.93 336.67 336.57 332.82 322.91 315.07 303.71 299.82 294.87 283.75 267.46 265.34 271.46 276.71 278.85 287.68 297.07 305.04 325.34 318.53 305.29 303.82 301.77 304.71 303.56 300.18 302.40 308.63 297.09 289.36 292.46 296.59 299.54 298.84 300.30 317.21 309.19 291.43 280.99 265.10 255.48 251.33 240.05 239.52 245.74 248.15 245.02 238.73 235.33 234.95 237.53 243.51
436.33 420.19 418.78 413.47 403.91 400.35 368.20 346.05 344.93 346.92 357.17 366.91 333.10 329.46 324.43 318.71 322.42 328.12 328.27 333.75 332.86 334.95 329.60 327.46 306.82 288.23 285.64 274.00 267.23 265.98 272.94 279.87 283.61 288.60 299.87 313.37 321.36 320.77 312.32 308.92 305.95 301.68 295.97 294.28 294.03 295.29 294.93 293.90 286.90 279.14 287.41 295.25 298.52 292.55 287.35 279.71 265.25 259.42 255.45 249.04 238.46 236.40 236.64 236.43 232.45 227.98 224.23 219.00 220.50 224.46
417.18 419.04 412.36 393.81 370.41 364.24 348.25 348.70 351.55 350.82 344.87 339.12 331.55 327.90 325.26 323.85 322.55 325.25 329.06 336.51 337.95 335.39 330.93 325.05 311.43 298.06 286.52 270.91 270.35 271.31 274.79 281.21 283.64 288.34 300.45 306.10 306.79 304.96 303.58 304.68 300.28 293.39 286.25 282.15 286.45 288.77 294.89 299.69 294.44 292.84 294.11 298.97 298.67 295.88 294.03 287.71 270.80 264.26 264.52 260.25 249.16 237.24 234.03 227.23 224.21 220.32 211.84 208.13 207.19 212.16
406.74 385.72 386.07 368.31 357.48 351.15 346.45 356.36 358.67 351.95 339.70 335.61 319.49 318.83 318.17 323.48 316.97 321.68 324.26 330.78 337.06 339.08 333.66 326.50 315.03 305.73 297.83 285.32 279.78 279.82 279.96 281.47 283.66 292.71 302.20 304.14 300.77 298.14 296.88 297.27 291.22 287.85 283.36 280.94 282.57 279.91 291.32 297.10 298.86 301.08 302.80 307.28 300.23 294.19 289.84 287.56 279.24 274.42 263.89 258.58 244.16 229.97 219.36 214.59 210.19 208.93 204.95 205.02 207.61 210.93
380.88 369.56 367.03 367.73 365.73 361.92 360.51 372.06 386.15 369.60 337.48 324.93 323.34 321.54 317.84 319.41 305.08 307.56 312.59 322.30 344.41 365.84 336.95 317.91 307.10 303.34 299.10 295.48 298.81 318.86 313.70 314.36 295.46 290.72 295.81 297.11 300.96 312.95 319.00 311.35 289.84 280.07 278.89 281.80 284.91 283.08 287.52 298.11 302.52 307.16 307.35 302.35 301.00 299.18 295.92 293.15 285.59 272.82 263.05 252.93 231.77 221.81 215.03 209.46 205.13 203.48 204.08 205.78 211.13 215.94
365.48 368.85 371.19 374.52 373.34 369.25 368.95 374.37 381.02 368.40 342.66 332.71 324.93 317.53 310.81 307.79 294.24 292.13 299.29 305.03 314.77 321.15 314.29 306.15 299.48 293.75 289.98 286.74 312.76 315.78 318.93 321.58 316.24 301.77 298.68 293.72 291.01 292.60 291.72 288.30 278.78 267.97 260.98 262.94 268.32 265.68 270.89 280.17 292.20 305.31 305.23 302.74 304.19 299.06 294.50 290.44 278.81 270.51 264.25 245.40 231.77 216.86 209.48 203.31 197.02 194.60 200.41 207.34 212.54 218.38
373.00 379.62 385.22 390.86 383.71 371.95 369.98 370.88 355.24 344.39 337.68 331.97 320.13 308.07 299.32 295.90 290.43 292.15 283.93 285.78 283.26 279.26 278.49 288.14 293.47 294.37 291.22 302.64 315.31 319.46 324.12 347.48 365.17 341.81 317.61 297.66 283.69 268.27 268.77 269.49 267.48 264.91 251.50 247.47 250.61 252.48 256.97 264.34 272.90 282.50 286.67 286.51 288.18 290.69 291.96 284.55 276.92 273.27 260.00 240.52 226.15 203.48 196.98 196.36 188.48 185.80 198.39 207.74 217.21 226.85
366.29 376.46 396.08 395.99 380.16 362.30 353.52 359.12 335.03 327.66 321.58 326.00 315.24 302.49 296.07 271.86 257.82 250.29 251.61 253.21 257.80 265.05 271.42 277.53 285.15 290.04 283.13 294.08 321.23 337.37 337.97 345.94 364.52 369.45 337.86 301.46 294.22 281.87 271.13 265.68 267.03 270.17 249.29 243.33 240.03 239.72 242.58 245.61 254.39 264.53 267.10 272.13 274.82 277.35 280.39 283.53 285.05 273.78 252.87 237.53 225.99 213.53 207.34 205.48 203.52 202.97 207.74 219.80 229.24 231.78
367.57 368.29 366.60 369.99 351.10 330.80 316.18 312.75 296.28 293.10 293.70 293.86 293.43 283.93 264.88 253.08 247.04 241.27 228.90 229.35 235.76 251.74 256.64 270.07 279.89 287.42 288.42 295.62 331.66 361.69 366.11 380.59 402.34 395.99 355.97 322.19 313.08 299.66 287.24 277.31 278.90 283.05 270.56 254.09 244.06 242.45 240.07 240.51 250.25 255.41 257.74 261.48 265.54 269.90 272.73 267.74 266.36 257.92 245.41 234.56 226.92 220.59 220.57 218.19 208.60 208.72 211.93 229.01 239.92 246.76
336.76 344.92 340.04 329.14 318.65 310.93 298.61 278.33 275.85 274.98 277.14 280.23 280.32 268.59 257.71 248.85 242.69 235.10 221.59 222.17 233.16 246.07 254.27 262.72 277.04 290.69 302.06 313.96 323.82 368.72 375.89 381.29 407.21 394.53 368.76 338.08 322.71 314.51 310.99 306.31 304.87 292.45 294.56 279.61 264.14 260.26 254.07 252.12 255.88 257.59 255.96 253.84 256.35 259.56 266.07 267.32 256.54 245.98 239.07 231.49 227.67 223.58 211.18 205.54 202.78 205.58 207.40 217.01 229.86 256.97
332.75 349.95 337.00 320.54 300.37 272.15 269.29 269.59 267.62 266.45 265.59 269.89 265.95 258.04 252.39 246.00 238.53 230.92 217.29 225.83 236.02 242.58 251.70 259.85 276.04 291.36 294.98 294.29 298.82 314.71 328.26 346.46 352.70 359.56 354.32 348.21 331.05 325.34 326.28 327.02 330.75 318.71 302.17 294.74 287.32 286.56 287.23 277.20 267.16 263.62 264.61 258.63 259.09 260.92 262.82 256.71 250.53 248.53 239.83 235.46 231.94 215.96 200.95 196.75 205.43 215.24 224.35 241.29 241.49 253.37
318.91 323.19 320.22 306.20 287.38 273.76 268.81 265.84 261.36 256.57 259.12 267.61 266.98 253.12 249.59 240.47 237.34 232.25 224.78 236.32 242.24 247.79 258.41 267.79 273.82 281.57 276.04 279.79 289.80 301.24 305.21 316.29 320.29 324.25 320.98 335.55 334.31 343.71 340.74 335.31 327.93 318.31 321.30 324.25 308.03 297.40 285.21 302.22 297.25 276.98 271.67 270.68 267.96 265.78 264.58 260.07 258.09 255.55 250.61 241.11 219.90 214.65 212.94 217.25 218.28 218.33 228.44 241.04 239.55 240.76
304.59 295.91 290.04 286.00 279.00 277.43 273.99 269.41 269.37 267.95 278.08 277.10 278.69 263.99 250.47 239.62 235.47 228.44 223.61 224.55 227.02 236.94 242.15 260.14 271.58 271.90 276.34 284.11 303.40 321.71 290.78 286.43 287.65 299.98 295.88 294.93 310.21 333.30 335.85 345.67 340.77 331.15 326.53 327.17 314.21 311.49 296.81 309.53 308.82 295.80 297.33 301.60 303.09 282.76 269.08 272.18 275.60 273.29 261.54 254.97 234.13 218.72 222.62 225.71 220.27 223.50 225.22 228.30 233.02 234.45
300.10 302.02 296.76 289.90 282.73 284.88 286.80 286.66 282.76 286.46 275.39 266.57 265.56 261.24 248.70 241.34 235.60 233.53 228.84 233.16 236.99 240.39 250.89 274.69 277.13 275.31 274.58 274.81 274.47 262.49 252.93 265.56 278.50 284.20 287.82 287.63 289.09 313.75 312.69 314.00 334.00 331.66 327.35 317.25 305.83 308.71 300.23 311.25 300.70 300.28 306.44 313.42 321.90 286.53 277.07 281.14 279.62 274.87 270.27 266.26 249.57 226.34 231.06 230.05 231.29 230.88 230.81 231.64 232.79 235.57
308.36 308.20 303.18 297.05 288.63 292.84 274.90 274.28 275.16 275.35 275.94 277.84 275.69 267.79 256.93 246.28 236.84 232.15 233.56 230.47 238.14 242.55 263.29 266.53 260.92 254.83 254.32 272.08 278.91 275.03 266.16 270.58 279.64 284.98 288.96 283.17 284.30 298.11 307.12 306.60 313.92 317.84 318.31 316.28 303.64 297.46 300.69 316.41 312.72 314.43 321.45 328.75 338.18 333.05 302.91 292.96 290.71 287.63 283.11 276.60 266.55 261.95 262.52 263.28 261.55 262.81 261.97 248.20 244.08 237.31
311.87 309.49 295.24 279.49 286.10 282.92 279.56 282.36 273.33 267.44 262.71 297.26 283.17 260.24 245.77 238.69 234.68 228.03 233.83 228.77 231.80 238.23 259.03 269.35 261.99 262.48 257.35 267.57 266.62 273.46 278.17 278.49 284.81 284.04 277.31 278.12 283.58 299.16 305.95 301.43 302.38 302.65 297.84 303.59 295.26 303.18 315.50 316.76 320.23 326.94 334.57 342.93 349.58 352.09 340.29 309.44 300.96 295.36 289.74 283.72 279.85 274.70 270.56 273.08 275.98 276.27 260.78 255.50 267.68 267.62
299.21 273.08 256.48 247.56 247.49 254.57 257.05 256.76 253.66 248.53 251.98 263.40 261.09 250.14 241.78 233.72 226.84 228.09 229.17 227.04 224.84 231.19 240.60 260.39 276.66 275.21 270.10 268.00 267.46 268.33 272.02 275.51 286.44 277.14 271.67 271.43 272.30 282.26 284.85 282.62 278.47 281.65 282.95 284.02 286.73 290.69 309.99 318.26 315.12 314.60 329.07 339.80 354.65 361.02 359.01 337.33 326.75 307.83 293.55 290.37 290.35 293.51 300.88 288.85 281.72 274.17 273.40 270.69 267.34 273.65
263.84 258.20 252.65 242.72 235.03 230.92 233.98 238.84 238.31 240.07 247.02 255.14 246.79 242.63 234.92 223.43 209.73 210.89 217.55 215.49 220.60 229.96 246.99 271.85 282.36 281.43 273.66 275.79 273.39 270.74 266.32 263.82 270.90 269.43 260.87 260.21 256.26 257.47 259.58 261.31 261.80 266.20 270.81 270.70 273.08 286.66 321.39 329.14 329.53 334.54 344.80 351.84 358.61 360.89 356.26 360.00 355.14 343.33 321.74 304.22 310.15 313.83 316.01 303.64 284.79 277.12 274.31 266.12 266.15 269.17
253.31 263.88 256.44 237.59 226.77 220.77 216.80 219.43 226.73 229.31 231.99 233.80 231.91 234.20 229.91 223.47 214.68 208.93 207.22 212.37 223.49 230.43 242.56 255.79 262.72 260.66 270.35 294.85 288.60 273.91 267.06 259.14 266.39 263.54 260.31 259.45 258.08 247.44 246.62 246.13 247.43 249.52 254.29 270.14 273.45 274.90 288.23 319.36 335.39 353.61 368.17 371.73 370.73 362.86 350.01 358.04 352.43 339.29 326.19 322.09 314.64 308.66 305.56 305.92 305.00 295.07 272.39 266.42 266.84 264.60
250.57 247.59 237.95 226.49 215.10 200.97 198.91 205.81 213.06 219.14 219.01 217.09 220.38 227.61 226.85 223.34 213.31 204.57 202.58 208.73 222.83 231.18 242.02 240.27 242.54 249.15 259.40 293.39 293.68 268.91 256.47 249.08 255.81 261.34 256.97 252.95 249.49 241.40 239.98 242.61 246.05 248.49 245.93 250.06 273.27 287.07 294.45 310.82 333.97 346.95 374.92 376.26 370.78 355.53 345.71 343.83 341.59 331.80 319.85 312.46 306.57 300.80 294.63 297.76 299.71 296.20 285.10 290.10 290.98 267.68
248.83 237.73 227.63 218.49 207.46 187.49 184.90 195.59 200.03 202.98 201.95 200.17 201.83 209.91 214.17 205.87 201.06 196.01 197.78 203.06 205.36 215.58 224.60 224.12 221.23 233.33 245.35 261.89 267.48 261.24 250.76 246.51 244.72 255.90 256.07 250.90 242.62 226.83 227.42 236.91 242.26 241.54 240.08 247.14 266.50 301.50 289.70 324.05 336.04 339.27 346.34 369.67 369.44 350.29 341.57 333.88 320.63 305.49 308.13 306.57 304.11 301.14 295.61 293.90 293.89 294.75 289.54 285.85 279.47 264.27
231.95 223.34 217.84 214.35 206.22 195.36 189.81 189.55 187.80 187.35 187.32 188.04 191.85 200.69 205.55 200.41 193.89 190.29 191.94 194.74 193.97 196.31 207.43 210.32 206.49 222.77 249.27 268.60 255.79 253.66 248.13 245.69 242.70 250.08 253.85 242.06 236.53 224.81 224.76 228.27 229.29 226.73 227.32 229.85 266.42 310.28 338.84 356.21 323.67 329.80 336.02 350.34 366.15 347.24 339.06 333.47 318.76 302.99 296.21 295.54 298.09 297.66 299.23 294.35 287.67 280.70 273.27 267.24 250.75 237.71
217.35 209.25 204.38 199.31 197.26 188.25 177.35 170.67 169.94 173.53 177.40 178.36 181.98 186.20 188.25 186.09 185.21 185.14 186.95 186.61 187.03 190.04 191.69 202.96 214.98 234.50 253.71 250.21 260.59 252.93 246.28 244.81 243.42 240.89 243.46 243.91 235.25 215.54 209.91 210.27 207.69 201.91 215.16 232.98 272.54 300.77 308.54 310.42 326.56 342.04 347.10 348.97 335.96 347.16 338.49 332.78 320.57 302.60 289.12 291.04 285.90 284.37 282.82 276.33 269.94 262.58 259.03 254.29 237.05 226.80
218.01 204.20 202.12 193.99 182.27 172.04 170.04 168.59 167.53 167.80 168.92 167.48 165.37 166.46 165.49 173.77 176.37 174.86 174.61 175.40 181.09 186.98 192.04 198.34 210.37 238.08 250.80 267.83 279.51 254.76 246.67 242.96 240.31 237.39 233.65 231.03 215.75 202.58 192.46 190.56 191.44 190.04 193.59 214.99 273.80 293.83 294.67 300.26 300.51 311.27 331.72 325.56 312.78 309.42 319.79 332.89 326.00 308.81 297.72 294.77 292.33 287.85 276.41 273.58 268.24 255.78 228.74 211.03 207.17 208.48
222.21 203.16 188.82 178.19 174.07 170.28 167.39 167.25 171.93 167.01 165.03 161.41 159.48 155.89 154.62 158.14 159.17 157.12 152.75 163.07 174.86 182.43 192.13 199.72 206.21 217.50 233.58 276.06 278.48 249.47 238.11 223.03 218.48 222.01 222.85 213.92 195.61 188.80 191.35 193.28 192.84 191.46 197.90 222.31 265.30 311.50 310.05 293.36 266.04 258.41 275.36 313.09 314.48 291.25 302.66 302.37 291.02 298.33 300.46 297.62 295.18 293.35 267.03 250.32 228.71 226.20 207.50 197.19 193.16 191.76
206.68 189.47 174.14 171.21 175.88 172.07 160.40 155.55 155.96 156.93 154.65 153.00 151.64 149.22 149.48 154.73 153.74 155.92 154.91 162.42 170.73 176.77 185.29 193.72 199.63 208.73 223.79 264.71 286.00 238.53 226.90 211.80 210.17 208.12 207.96 202.52 198.63 186.65 180.79 186.75 186.17 183.30 183.45 189.15 205.65 239.53 232.00 276.43 237.24 230.74 243.11 270.31 277.83 273.09 278.64 275.55 268.48 258.00 252.22 249.00 251.45 261.33 224.18 213.06 211.37 205.45 196.57 193.07 186.78 177.40
188.71 182.82 167.85 159.11 157.76 151.42 144.18 136.11 135.51 141.66 144.37 144.18 144.99 146.33 146.53 148.15 151.72 151.65 150.98 158.66 170.68 175.75 181.54 188.56 195.01 201.19 208.53 217.13 216.53 213.99 206.73 200.01 196.38 192.83 194.92 199.26 201.07 195.24 189.92 191.40 190.47 189.16 188.20 191.70 198.47 223.84 235.91 235.06 214.75 212.64 209.72 221.33 240.73 254.74 259.27 259.69 254.98 240.93 234.72 227.51 227.76 226.52 210.66 197.05 199.12 191.84 179.67 177.70 166.59 162.10
176.84 163.57 153.48 147.59 142.23 136.63 131.33 120.89 120.22 130.02 135.08 138.63 140.66 140.34 140.20 138.41 140.43 145.33 148.45 149.70 153.77 166.45 175.94 182.77 188.36 194.11 198.53 198.25 200.82 199.88 196.72 190.69 186.35 184.04 182.53 185.14 182.39 191.58 194.49 194.74 195.61 197.59 200.84 204.50 219.43 243.80 239.34 221.56 218.11 220.93 224.25 220.29 225.78 235.25 228.80 225.53 226.69 224.95 223.47 221.39 222.50 211.15 198.28 193.54 192.47 190.35 181.40 173.61 165.00 163.28
159.29 147.04 136.74 136.01 134.12 131.78 126.59 122.96 123.73 125.64 128.98 130.96 130.82 131.01 130.71 132.60 139.02 144.09 147.06 148.65 150.34 158.10 168.66 175.41 178.87 182.59 188.05 191.02 187.72 188.09 190.38 183.25 178.99 176.80 173.86 162.34 161.27 171.64 190.91 196.59 199.63 203.14 208.84 216.60 225.76 257.39 268.45 241.02 234.11 220.41 221.98 226.83 224.10 219.32 209.91 203.97 206.49 214.42 210.60 208.26 206.43 199.10 193.43 189.70 193.49 193.94 183.83 168.98 162.74 162.06
147.22 132.41 128.67 129.13 128.47 125.54 123.59 122.96 123.62 121.01 119.06 121.31 120.11 122.28 124.56 130.51 139.87 142.93 142.66 144.71 147.66 155.51 160.93 171.69 174.39 175.50 172.35 175.87 175.64 176.06 173.31 170.16 168.26 168.14 161.04 156.12 156.98 160.37 172.34 184.55 196.54 202.04 203.96 204.58 216.15 227.91 234.13 234.24 229.59 221.05 217.11 225.18 216.64 209.15 198.70 195.97 194.31 194.71 201.20 206.87 198.38 192.84 189.90 189.28 193.06 184.57 172.92 160.46 159.98 162.25
136.99 133.56 129.53 123.18 123.79 122.36 120.26 119.58 118.90 115.16 115.06 114.84 115.58 117.80 120.95 124.94 129.78 133.98 135.29 137.40 142.76 148.76 153.91 164.79 167.28 164.37 163.38 165.40 164.50 165.52 164.42 162.34 160.24 154.04 152.28 148.91 149.20 153.06 157.66 171.80 184.21 194.95 197.53 199.52 209.71 218.06 222.48 223.35 222.00 217.94 212.98 211.96 208.29 192.47 184.60 183.01 187.82 187.27 187.43 186.35 183.69 178.92 178.33 172.93 166.52 163.36 157.85 156.93 164.35 167.42
