arc/python_arcpy/Precipitation/APHRO_MA_025deg_2004.txt
ncols	360 
nrows	280 
xllcorner	60.125 
yllcorner	-14.875 
cellsize	0.25 
NODATA_value	-99.9 
[rows 0 to 30 of 280, columns 0 to 69 of 360]
179.01 167.66 165.72 167.32 168.84 172.02 176.84 172.90 165.62 174.93 188.57 198.82 192.05 206.31 215.43 223.90 235.71 280.44 288.67 284.78 292.81 302.59 309.32 318.62 329.41 332.56 334.07 330.18 320.23 322.00 324.19 323.21 322.55 324.55 331.29 334.78 336.17 315.93 291.14 278.18 276.31 280.58 249.94 226.89 207.54 192.51 193.86 194.55 195.97 201.10 211.98 232.33 262.80 324.47 309.66 283.55 280.22 274.13 277.58 296.73 311.72 329.08 356.32 380.99 396.05 389.86 381.06 389.90 406.73 418.14
183.03 173.89 178.26 178.26 180.60 182.25 167.66 158.73 167.24 178.42 195.02 204.51 188.57 193.12 202.36 210.93 229.91 251.81 251.61 252.78 263.71 282.25 301.30 318.61 313.25 309.68 321.42 317.67 324.02 328.45 330.05 332.94 336.78 339.33 343.26 346.00 340.09 323.98 301.28 289.00 280.34 271.40 261.03 244.21 224.79 210.88 195.75 191.01 188.82 181.57 201.15 219.99 234.83 244.33 248.88 250.32 253.15 272.80 284.78 301.58 319.84 330.93 337.37 344.48 348.15 354.16 360.67 371.33 375.12 380.33
183.69 185.02 187.14 179.59 166.56 165.49 161.01 167.44 176.10 184.51 190.43 196.18 195.79 197.16 207.62 217.53 232.94 244.57 243.83 246.59 261.86 276.35 285.64 297.97 300.61 307.97 316.65 330.40 335.17 331.73 333.06 336.22 343.37 356.42 347.72 338.07 330.97 320.08 302.13 290.10 281.45 273.73 264.13 266.36 234.37 210.26 185.30 178.35 193.29 199.74 203.09 208.88 217.56 229.11 242.10 252.31 258.45 274.55 287.41 309.92 318.13 326.53 332.44 333.35 335.60 347.33 359.10 361.86 360.09 357.50
185.16 171.48 177.54 168.35 160.11 151.26 145.88 167.50 182.97 193.20 197.59 203.01 205.14 212.47 217.92 223.63 232.65 243.31 248.86 256.74 270.18 278.77 283.74 289.42 297.78 306.84 313.42 322.33 327.36 327.58 330.27 331.63 333.70 336.95 331.46 327.27 321.79 315.13 306.52 299.01 281.29 262.69 252.08 240.23 223.24 209.20 205.95 208.10 212.53 218.58 219.67 217.21 224.69 231.59 238.55 248.70 263.73 280.98 295.37 302.34 308.94 313.70 321.99 326.53 337.92 342.00 338.17 337.97 337.04 335.20
179.08 173.43 174.63 173.69 173.77 174.90 180.56 194.15 212.81 216.21 210.61 210.59 216.82 222.63 224.56 232.69 244.62 251.98 258.18 264.13 272.36 283.08 286.81 290.01 293.52 302.44 310.35 316.88 335.55 354.64 342.94 341.48 327.39 323.61 319.31 313.09 308.39 305.73 298.55 291.80 274.11 260.24 251.71 242.60 227.05 216.00 212.11 213.41 221.79 231.10 238.22 237.59 240.52 245.90 249.30 256.75 271.89 287.32 292.51 296.88 301.24 306.07 310.52 321.08 325.91 331.99 332.84 329.79 329.73 329.43
173.91 180.66 187.26 190.75 193.66 198.36 209.44 221.95 233.12 230.63 221.28 224.08 228.40 231.97 238.42 247.93 248.21 252.55 258.96 261.98 268.37 278.97 288.89 293.27 295.67 300.58 303.26 312.76 337.70 336.67 334.07 339.46 334.47 319.90 305.87 296.14 291.02 287.24 282.03 278.46 267.79 264.16 256.41 247.48 238.70 226.72 219.81 218.19 225.73 244.40 247.56 249.93 254.25 253.80 258.30 274.26 292.44 301.66 297.39 297.63 303.28 313.21 317.03 319.46 319.57 323.62 323.11 324.43 324.50 327.59
179.08 190.52 198.20 204.50 208.68 215.47 222.08 229.24 227.25 225.79 227.86 230.86 235.06 243.73 254.13 255.43 254.20 256.21 259.31 262.68 268.35 279.78 292.65 291.92 294.32 299.80 300.94 319.46 333.27 329.53 332.69 346.54 360.60 327.62 300.17 286.13 281.33 275.10 271.84 268.09 265.15 258.05 252.29 249.84 241.84 235.14 230.59 230.26 234.71 237.87 235.65 243.25 250.04 254.93 261.90 282.29 306.31 309.88 304.22 303.62 312.81 312.01 313.23 314.56 315.63 316.41 318.31 316.87 320.53 322.06
179.15 191.04 202.38 210.44 215.41 220.37 224.42 232.52 227.33 226.58 229.74 243.45 251.71 252.96 257.76 253.11 247.81 246.92 249.62 251.97 257.59 271.05 276.37 276.05 280.35 284.98 287.52 302.40 327.76 326.69 325.14 327.32 335.11 323.17 302.99 279.86 275.12 268.99 266.56 262.54 256.26 253.17 252.81 253.17 251.26 240.41 234.31 235.66 241.10 240.95 241.59 243.74 247.00 256.12 274.37 291.48 316.96 318.15 311.14 308.61 306.05 312.01 315.90 318.08 314.89 316.96 316.00 315.23 316.79 318.05
184.09 190.18 199.41 211.13 215.14 220.07 222.81 226.61 223.79 229.80 242.63 245.40 246.85 243.57 242.44 242.25 240.64 237.54 233.76 236.47 241.16 251.96 253.78 266.21 271.24 275.66 279.63 289.27 314.98 323.13 313.25 323.03 333.53 325.23 302.75 281.92 274.67 267.49 268.74 262.24 258.63 262.25 261.46 253.12 249.67 245.69 239.03 246.59 250.95 254.65 258.40 261.68 264.56 270.13 274.91 285.33 299.09 302.47 303.92 301.18 300.18 301.86 306.80 309.32 291.04 286.31 283.77 299.94 309.21 315.74
181.11 186.55 194.88 205.70 216.14 224.43 225.57 221.52 226.78 237.49 248.08 242.62 240.60 242.00 240.34 236.91 235.22 232.51 231.35 232.30 236.35 241.59 244.57 249.88 255.20 262.36 265.90 275.39 283.29 305.37 307.89 308.00 318.74 310.66 306.65 288.59 277.98 272.59 268.91 265.13 259.10 258.80 265.54 258.87 249.49 245.90 242.87 245.62 252.87 258.89 263.37 263.39 266.70 272.57 278.28 282.46 286.66 291.56 292.10 294.28 295.49 295.69 286.06 278.18 272.44 268.13 264.20 269.06 277.62 306.51
191.63 195.64 200.72 209.35 219.35 222.19 224.61 229.08 232.78 235.72 235.18 235.09 237.35 240.14 236.78 233.49 231.29 229.66 226.20 229.83 233.15 233.63 234.90 235.87 237.55 242.69 244.36 245.93 255.02 267.11 272.65 278.83 283.46 286.87 285.60 283.65 276.45 273.32 269.36 260.82 261.91 264.91 265.18 263.34 258.61 259.55 259.81 256.66 258.49 266.50 271.43 269.48 264.58 268.60 267.39 269.40 276.19 277.42 279.44 287.96 285.58 270.85 261.29 256.64 257.04 261.65 268.71 284.58 274.28 278.33
215.17 211.63 215.35 218.80 222.22 225.86 229.13 232.44 234.98 237.13 237.74 238.27 241.12 239.16 231.96 227.22 229.26 226.14 221.79 228.38 229.75 226.45 222.70 227.02 229.54 231.18 227.84 233.23 236.56 241.34 246.96 253.62 258.17 261.75 261.62 268.38 276.00 273.95 272.44 270.30 270.23 276.28 280.10 286.52 277.87 271.28 264.62 280.70 277.95 271.43 272.01 273.40 272.80 272.97 268.99 267.07 269.96 272.93 272.14 274.38 256.42 256.92 259.56 263.13 261.56 258.16 267.49 275.45 269.34 267.39
222.86 219.31 216.31 222.91 228.17 238.59 239.30 237.20 235.17 235.76 236.84 232.52 237.26 230.84 223.21 220.28 223.63 220.28 218.57 219.09 218.54 217.44 216.50 219.48 222.20 227.36 228.11 231.87 236.34 240.38 234.72 234.46 235.31 238.76 243.12 250.13 262.19 269.57 271.24 283.57 285.28 289.00 294.66 297.47 291.49 291.12 281.44 286.05 285.57 281.99 286.27 292.46 293.46 280.43 268.35 267.30 269.03 271.66 270.69 270.70 259.51 250.40 257.27 257.18 250.75 258.14 264.67 268.40 270.52 270.63
236.09 240.26 239.28 238.81 245.70 245.82 243.97 243.59 240.03 236.64 227.10 222.02 222.75 222.16 224.19 225.84 229.57 231.04 227.86 227.66 228.34 225.30 227.09 228.18 229.71 227.38 232.34 234.74 236.40 237.24 237.92 238.70 239.08 242.10 251.76 258.77 262.75 270.17 269.81 275.00 302.87 304.74 306.42 308.91 310.86 314.99 307.51 295.10 293.28 297.28 296.03 293.33 295.39 271.20 262.17 266.91 267.06 265.62 266.55 269.43 269.22 263.51 267.92 268.27 270.24 265.25 266.11 273.22 281.03 289.11
252.34 249.48 247.34 245.12 254.21 253.51 235.24 228.95 229.48 230.08 228.57 228.53 230.51 231.04 240.79 241.32 239.64 239.47 231.24 234.87 243.24 242.62 245.27 240.56 228.30 222.69 227.94 244.55 242.51 250.73 254.58 252.81 251.50 254.29 258.32 261.22 265.82 268.29 273.96 277.18 288.30 301.13 309.14 314.19 314.04 312.82 313.32 310.16 302.94 302.61 297.89 293.40 294.50 282.91 268.07 265.25 264.02 263.54 265.11 269.76 277.49 292.21 296.63 298.51 295.43 291.22 282.76 280.69 288.24 287.10
259.39 259.57 253.48 243.46 243.07 236.90 233.15 235.84 226.52 222.81 224.11 239.08 237.45 228.72 224.09 226.53 228.27 229.69 233.49 242.81 243.62 252.73 263.91 270.95 241.00 238.92 234.98 244.27 231.39 247.54 264.03 264.68 268.67 270.06 269.03 266.41 265.69 272.47 278.25 282.94 287.04 292.41 293.89 316.15 324.37 336.13 336.01 327.09 313.82 311.77 308.97 309.26 304.79 297.31 280.74 250.71 252.21 264.05 269.96 277.63 287.86 296.63 306.53 311.53 311.72 313.43 299.68 292.58 290.12 284.86
270.24 248.28 232.84 226.68 215.94 209.57 209.59 211.22 211.30 214.11 219.42 224.93 226.20 228.45 229.14 228.98 229.60 232.22 236.44 241.55 246.74 248.96 249.20 250.38 264.51 254.75 251.49 249.45 245.52 247.43 266.33 277.23 279.61 277.02 270.96 274.62 272.97 275.45 280.66 284.93 285.53 288.60 290.90 297.74 308.51 313.98 319.91 318.18 319.72 316.74 307.75 302.57 305.14 296.52 288.05 270.67 268.33 274.59 274.34 278.84 291.38 303.56 323.41 321.29 313.43 313.40 315.16 311.01 292.24 282.39
244.48 235.56 231.53 227.53 221.69 214.08 212.98 212.62 217.33 220.80 225.71 225.31 230.59 230.29 232.68 234.94 240.09 246.21 252.08 256.89 260.34 260.95 262.65 293.97 310.23 295.12 266.28 266.04 262.38 253.34 248.90 253.14 263.26 253.02 244.81 244.45 251.24 253.43 256.83 268.68 275.86 285.87 282.81 280.24 282.71 294.09 319.66 315.44 311.90 304.29 299.72 296.17 295.63 285.51 278.48 297.47 299.91 299.19 296.87 295.07 307.15 320.89 333.29 329.76 315.30 309.81 310.33 298.10 285.24 280.44
252.10 249.02 242.27 231.96 226.40 220.13 214.69 213.54 217.24 228.45 229.75 228.39 230.80 230.01 235.73 238.26 248.27 253.17 257.27 264.92 272.26 272.98 272.93 289.70 298.30 283.06 283.27 298.75 281.11 267.30 261.16 255.72 252.86 250.56 248.55 245.65 244.51 245.38 247.70 247.14 250.44 249.04 257.72 278.15 277.51 276.51 281.82 295.23 300.56 299.69 300.74 296.86 295.56 290.10 289.55 303.74 307.63 309.24 310.81 314.98 317.53 322.93 329.96 335.90 335.43 330.54 309.85 297.96 284.49 276.47
257.89 251.54 242.00 233.66 226.56 222.16 217.86 223.71 230.99 231.75 231.89 231.19 230.41 231.90 233.42 240.15 250.22 254.17 259.60 269.83 283.88 283.32 277.06 274.55 275.36 280.44 289.18 314.85 299.94 276.25 271.84 263.07 255.44 252.66 250.76 244.20 240.01 236.55 239.46 232.48 234.67 234.75 236.69 242.09 264.44 271.78 273.18 286.32 297.11 296.51 306.15 303.31 309.22 304.56 300.18 300.85 310.68 317.56 320.44 322.35 322.77 326.05 330.39 334.04 332.31 332.25 328.19 334.59 330.51 286.77
260.75 252.10 242.56 236.08 230.75 222.09 220.36 225.74 228.99 230.04 230.65 230.86 230.88 228.45 229.92 243.64 248.78 253.31 258.91 265.75 273.20 275.70 274.31 272.61 272.17 272.54 274.43 282.04 283.12 275.15 271.66 267.85 255.92 245.67 244.34 241.40 235.45 227.11 226.10 221.70 225.04 226.69 233.77 235.87 246.16 280.91 267.29 290.48 294.05 297.93 304.89 324.16 342.01 328.81 311.79 304.83 298.17 295.41 311.67 323.11 326.95 331.93 328.93 321.12 320.83 331.45 327.00 326.18 318.23 293.84
253.08 248.26 240.88 235.00 228.32 221.50 221.47 225.39 226.36 226.11 227.48 233.40 231.78 220.99 220.09 231.76 242.47 247.26 250.08 251.56 255.98 261.50 264.64 266.99 268.18 264.78 272.35 284.91 266.75 264.56 264.25 256.40 248.00 242.46 241.83 237.97 232.92 228.01 227.96 222.02 220.45 221.36 233.83 252.90 288.29 314.61 332.24 342.91 293.93 298.50 301.61 312.24 334.43 328.41 318.97 311.64 302.15 297.30 297.81 299.74 313.26 328.70 333.88 329.39 311.89 297.73 293.91 293.94 282.79 276.56
250.15 246.96 240.85 234.26 229.32 225.31 223.24 225.52 223.56 220.56 220.27 219.62 218.24 216.23 218.14 219.94 228.56 234.54 238.77 242.92 245.72 248.42 250.80 252.12 252.80 254.92 264.11 252.36 262.70 256.23 254.07 248.62 243.52 240.53 236.87 232.54 229.53 229.26 231.38 227.94 229.09 233.41 269.98 279.76 306.56 319.88 324.73 322.60 326.59 327.53 318.48 308.07 309.17 319.01 315.78 308.87 303.25 296.46 289.92 294.01 296.04 303.09 306.44 301.86 299.55 292.79 283.27 282.50 272.53 267.52
248.99 246.35 239.01 234.80 230.06 227.27 222.63 211.76 211.46 217.89 217.49 214.01 216.38 216.97 217.73 218.26 225.25 228.93 231.94 234.58 237.34 239.78 240.28 239.80 239.72 245.60 246.69 259.22 275.78 255.43 249.21 244.56 240.62 234.94 230.90 229.45 228.98 223.97 220.73 224.69 228.70 229.20 238.67 268.46 305.63 326.70 339.14 341.76 340.17 344.35 341.77 320.22 302.90 300.14 302.59 307.08 301.83 294.87 289.03 287.33 293.13 291.36 286.35 286.63 289.94 279.82 252.90 245.99 249.00 253.67
248.03 244.83 235.09 230.38 227.60 223.40 212.44 202.99 196.70 200.02 209.35 210.65 211.78 210.86 214.32 215.47 224.67 226.21 226.90 227.07 229.70 232.37 230.85 231.40 232.41 233.08 237.20 257.89 253.50 237.31 237.53 235.14 229.16 226.53 226.57 226.60 225.65 218.72 218.85 220.57 225.75 223.45 237.07 265.78 314.43 376.11 413.14 398.71 341.93 320.52 314.59 323.56 308.67 284.52 293.42 288.10 275.73 281.30 283.67 280.25 279.20 282.75 272.74 259.30 242.31 238.78 221.39 216.22 216.17 216.57
242.86 234.26 231.63 230.40 228.84 221.46 207.52 200.84 196.61 198.34 198.59 201.50 202.21 200.32 203.13 206.52 215.12 219.24 219.51 220.37 222.81 223.41 221.25 223.74 226.26 229.18 234.03 248.64 254.43 230.25 226.88 223.22 222.48 218.76 213.66 212.51 211.44 211.80 213.03 215.76 215.08 217.24 220.37 237.94 264.64 306.10 320.87 383.68 318.63 297.68 293.45 298.81 293.35 278.30 274.41 264.04 252.94 244.30 239.77 234.72 234.01 244.92 218.52 203.20 200.52 205.85 202.33 198.94 197.17 185.04
231.08 228.26 226.98 225.71 219.91 209.26 201.08 197.12 193.80 193.18 196.05 197.21 194.81 193.71 196.60 196.70 195.95 201.18 213.45 213.52 215.67 212.65 213.91 216.12 218.97 223.28 222.12 221.28 217.67 218.15 217.95 218.50 217.48 215.74 207.54 204.92 204.52 199.92 196.28 202.41 212.02 219.40 223.84 228.52 236.59 275.80 298.81 301.20 283.78 279.56 266.72 252.83 256.80 254.15 249.23 243.70 229.92 203.67 192.31 185.48 181.73 189.87 178.29 163.06 166.10 158.25 153.32 159.60 151.65 153.06
225.92 223.58 221.65 219.74 214.94 201.38 196.35 192.75 189.38 187.02 189.23 190.70 192.13 187.18 183.97 183.90 185.52 187.72 195.17 204.45 205.40 205.83 209.42 212.31 210.70 213.72 215.05 216.20 211.80 207.61 208.71 214.28 215.32 209.95 206.09 204.84 202.19 197.04 197.45 203.13 211.06 222.62 228.02 234.71 251.42 274.29 272.70 251.42 253.95 270.58 251.79 225.67 221.54 223.65 213.93 187.85 183.71 177.83 172.93 167.28 161.93 155.09 151.24 146.90 137.55 134.64 133.20 134.80 139.10 145.53
221.08 219.16 217.30 214.50 205.69 198.53 192.71 189.36 185.90 174.85 166.47 169.15 169.39 168.08 169.27 167.78 168.57 171.36 175.66 177.47 180.02 190.10 196.59 200.04 204.89 206.31 204.97 203.59 201.42 204.32 208.51 210.96 210.55 206.86 205.49 205.11 201.50 200.25 202.68 208.00 213.70 220.58 230.22 239.76 252.95 278.69 279.31 252.71 244.85 239.94 234.93 223.48 212.57 194.62 186.50 175.79 172.00 170.41 168.56 165.12 155.74 141.40 131.94 126.33 123.57 122.28 122.57 126.30 128.33 137.71
216.40 214.69 210.72 203.02 199.13 194.11 188.32 182.47 171.63 161.66 156.70 154.74 156.86 155.85 153.30 149.29 143.43 150.18 159.79 162.11 163.74 166.24 168.00 166.69 169.94 175.03 181.07 183.11 181.23 185.64 191.30 196.44 200.83 201.54 201.20 200.98 199.75 201.70 206.36 211.05 215.16 220.19 228.77 237.57 247.89 253.51 252.51 247.84 239.87 237.03 235.19 226.56 200.05 186.28 174.93 166.26 164.28 165.28 168.30 163.41 144.90 131.62 125.19 121.63 115.69 110.29 108.35 111.02 115.77 127.26
202.89 204.98 200.58 198.12 194.87 189.70 180.39 169.65 160.87 154.80 150.20 147.80 146.85 145.20 141.02 136.90 133.69 136.92 142.23 142.16 146.70 147.13 150.38 153.33 157.31 161.63 164.20 171.51 176.20 177.27 178.50 185.03 190.85 190.92 193.71 197.10 199.17 202.56 207.36 210.78 214.72 219.78 228.98 236.35 236.58 231.96 229.49 226.41 226.06 219.53 214.90 198.60 179.84 166.43 159.31 155.50 154.11 152.83 154.72 155.67 133.71 122.90 116.67 114.63 111.30 108.91 106.18 105.56 104.72 106.92
