arc/python_arcpy/Precipitation/APHRO_MA_025deg_1990.txt
ncols	360 
nrows	280 
xllcorner	60.125 
yllcorner	-14.875 
cellsize	0.25 
NODATA_value	-99.9 
[rows 0 to 30 of 280, columns 210 to 279 of 360]
386.14 390.02 388.36 385.07 387.22 383.28 379.03 371.23 364.45 349.23 342.96 346.47 347.53 341.55 339.59 353.95 364.41 354.30 365.57 383.26 390.19 401.00 415.13 412.62 413.81 443.19 444.86 447.62 449.83 459.72 467.67 469.03 462.09 447.87 441.30 446.62 441.18 439.05 434.76 434.23 440.02 442.27 449.61 452.27 452.59 457.58 451.28 452.29 463.09 474.51 476.41 481.96 500.52 513.51 532.47 544.83 571.94 574.88 575.03 573.98 578.46 581.83 587.30 593.04 604.46 625.18 620.25 607.39 600.69 603.41
407.01 394.45 399.67 408.16 401.24 383.51 374.64 377.30 363.33 353.11 348.82 345.73 344.72 341.00 337.62 334.23 330.95 336.03 352.19 375.51 406.08 415.87 427.32 426.70 428.42 441.42 456.98 470.74 471.45 469.60 465.99 466.74 475.01 468.88 460.36 456.74 461.44 452.67 445.57 454.33 452.17 441.96 440.19 434.87 441.17 449.51 454.54 462.71 469.57 491.66 491.53 500.49 505.60 517.67 525.44 532.85 543.30 562.97 553.85 549.22 552.29 568.66 577.65 587.37 597.51 618.55 608.53 599.44 600.60 604.35
400.17 404.05 398.14 388.15 391.30 377.85 367.31 366.34 355.62 347.78 347.21 346.82 344.72 344.27 341.16 327.57 328.87 347.69 363.23 378.98 412.84 428.83 431.04 433.88 431.30 456.60 483.98 489.30 472.58 469.43 477.03 483.15 490.41 493.17 485.33 472.19 476.26 468.11 459.65 445.62 442.46 435.03 430.37 433.46 430.89 434.21 444.48 456.29 453.59 464.14 485.68 500.06 516.12 539.13 544.44 545.06 554.08 565.99 566.86 551.65 529.85 546.31 567.23 575.94 584.99 581.16 582.10 583.59 589.01 595.26
395.92 385.45 375.30 367.69 366.79 363.66 357.02 358.11 356.79 346.22 339.90 353.04 365.06 363.56 361.02 352.11 354.16 364.04 370.27 379.97 421.81 413.21 424.41 458.29 472.82 473.96 481.43 481.73 487.88 492.33 490.07 501.42 493.46 492.94 485.38 465.59 459.11 455.28 452.90 442.68 430.32 407.86 414.41 422.38 432.69 439.32 444.00 441.89 437.47 440.37 452.28 466.90 504.88 516.05 538.30 551.88 560.69 572.10 573.88 575.95 571.08 570.22 574.01 580.82 579.21 554.96 546.75 576.34 599.64 612.47
382.48 374.30 359.10 337.63 344.08 349.87 354.59 355.85 352.96 353.14 355.04 363.46 373.24 378.03 375.02 380.04 371.28 368.06 382.24 406.70 415.84 424.46 445.67 461.51 455.66 474.34 478.27 483.07 486.85 495.18 492.88 494.79 484.81 482.81 484.78 474.73 462.64 462.23 456.31 446.04 436.33 420.92 425.09 429.28 440.81 444.51 447.88 446.69 442.78 448.13 462.85 467.16 483.06 496.39 507.36 524.83 540.81 565.27 575.79 597.98 603.56 602.98 602.76 589.28 584.27 533.88 528.10 596.63 630.10 642.14
370.65 364.61 359.72 358.11 352.22 346.06 349.74 361.47 364.06 366.24 363.88 363.96 368.73 387.95 391.23 386.48 376.05 391.54 394.82 411.06 427.55 429.12 444.27 431.65 417.06 430.63 447.17 467.83 470.33 473.85 473.23 474.91 473.67 476.21 474.64 469.43 466.12 465.81 466.21 468.92 451.58 443.73 439.81 435.89 437.42 439.17 444.82 440.22 450.23 458.32 463.96 470.33 478.69 488.69 499.29 511.23 523.85 541.09 563.22 580.86 559.92 559.91 578.50 561.13 550.39 543.46 564.07 584.73 593.75 603.35
364.38 364.65 359.51 355.17 348.13 349.74 345.99 353.50 357.15 364.90 367.19 369.89 377.32 388.07 392.63 393.40 395.60 402.80 412.89 419.71 428.25 433.85 431.53 420.35 422.03 433.08 424.93 425.83 425.22 429.30 448.20 458.79 458.49 463.30 461.15 460.71 469.50 471.27 476.47 475.64 461.13 454.71 448.39 445.66 440.67 437.74 436.26 434.30 449.40 457.35 460.68 469.29 479.31 488.10 497.47 505.97 518.20 526.34 543.37 550.22 541.33 556.76 559.93 564.10 565.27 570.26 588.46 592.89 600.19 603.44
353.64 360.29 358.33 351.13 357.43 357.78 355.90 358.31 370.46 371.09 377.72 385.17 381.58 381.80 396.65 407.98 416.38 415.95 427.06 435.10 435.32 420.16 414.34 420.20 411.30 410.83 410.09 415.28 434.68 436.94 434.90 454.29 453.58 461.65 456.90 457.04 466.18 470.28 471.87 464.49 462.63 461.79 455.82 450.00 452.22 459.34 455.21 449.38 456.81 465.97 469.57 474.13 485.48 498.52 505.87 514.42 517.46 529.07 533.45 541.73 559.37 553.53 560.16 576.29 603.36 641.12 623.25 616.54 627.97 653.33
357.25 358.05 353.17 346.64 362.18 372.91 379.01 388.50 396.14 398.09 401.60 403.77 400.02 401.85 410.58 411.70 413.42 416.97 424.78 428.59 422.87 415.11 417.67 419.60 411.61 397.30 410.45 418.07 411.90 426.84 424.84 439.94 461.70 455.25 459.24 455.53 462.90 460.50 463.87 461.53 457.86 463.83 470.31 469.97 470.77 469.65 466.47 472.57 478.24 482.33 481.06 491.38 492.84 507.23 515.02 510.87 509.06 508.56 518.61 535.71 539.28 547.18 575.30 599.75 615.80 640.74 632.93 639.78 658.33 671.65
354.20 355.07 352.60 356.35 376.77 387.04 399.60 416.09 429.27 414.32 406.98 410.01 409.92 409.22 417.74 421.60 422.61 407.44 405.63 417.68 424.43 417.85 416.80 419.44 403.89 402.68 410.23 407.45 415.14 404.84 415.20 432.76 441.90 441.37 457.64 466.59 456.68 454.36 458.41 463.87 464.19 475.59 467.12 480.00 484.55 485.49 489.02 495.07 494.84 498.64 500.35 500.68 501.50 508.91 508.38 503.59 502.49 502.81 517.75 526.37 533.12 547.21 580.09 590.56 604.72 623.32 640.96 651.81 662.40 666.28
355.57 362.34 375.05 386.88 387.25 408.85 432.55 439.41 449.72 442.92 441.20 442.57 424.84 417.54 411.95 414.39 412.14 402.74 405.21 411.29 418.60 414.11 405.02 399.98 395.89 412.39 405.12 410.10 404.58 408.20 407.79 424.86 420.20 447.12 454.04 451.50 463.24 458.63 462.80 470.44 477.53 486.84 489.20 499.91 498.03 499.95 502.23 501.01 503.28 513.00 509.56 507.02 502.49 502.76 507.18 499.20 499.33 505.51 506.92 504.58 540.14 562.52 579.28 589.00 598.74 608.71 621.89 634.99 649.71 662.18
342.98 374.26 404.94 422.30 442.16 443.80 448.15 467.28 470.28 462.30 453.79 453.92 438.50 424.39 414.69 420.37 419.22 406.17 405.62 406.13 408.51 406.05 408.87 411.71 410.70 416.26 422.94 432.38 430.03 432.03 418.77 417.72 416.35 430.64 447.35 457.93 456.45 458.76 462.32 473.96 483.28 496.89 500.08 497.51 496.39 504.40 518.48 527.68 524.16 530.55 523.10 514.34 512.95 510.18 506.87 501.51 505.27 509.64 506.85 509.45 541.14 564.33 575.05 591.16 605.15 613.08 620.28 618.46 622.58 625.56
391.84 404.43 417.36 449.77 463.65 468.52 484.31 493.74 486.86 470.14 463.78 451.97 442.93 427.29 415.09 410.37 407.19 407.39 405.08 400.07 401.00 418.70 424.81 427.59 416.76 425.10 430.15 438.11 443.38 441.28 429.40 433.29 428.21 443.35 454.35 455.67 470.42 464.78 473.84 487.64 498.49 508.78 509.90 510.30 511.20 532.82 551.66 552.90 542.46 547.85 534.78 524.72 521.31 512.53 506.67 515.34 537.67 523.85 528.64 537.40 552.77 574.28 586.01 594.37 606.48 619.34 628.60 618.80 607.25 604.87
433.67 430.72 438.62 459.95 482.99 491.07 493.96 507.57 533.32 505.13 479.81 467.69 445.08 430.59 425.43 405.35 392.42 396.56 397.88 404.85 424.29 430.40 420.18 398.05 416.19 438.34 445.15 446.51 447.06 443.56 438.01 443.76 461.40 454.00 458.61 478.79 482.31 483.91 490.45 503.29 507.47 514.00 514.17 520.11 533.05 548.70 562.01 570.10 552.30 553.64 543.62 535.26 527.62 520.05 516.73 521.94 527.90 535.85 546.35 559.61 579.72 602.02 607.29 601.19 600.57 598.16 605.14 599.39 595.13 600.40
447.38 440.73 456.28 479.44 501.92 504.77 500.37 504.11 519.95 501.42 471.59 457.48 444.06 426.60 419.65 402.76 404.52 413.78 409.92 425.63 431.58 434.52 424.70 430.76 439.21 447.16 451.45 463.12 473.94 462.36 454.90 461.46 469.70 479.75 475.86 482.75 484.92 495.70 505.44 509.87 513.97 517.72 533.25 533.12 545.77 554.28 564.63 562.63 557.29 551.61 537.09 530.25 540.79 540.39 532.30 542.70 548.34 551.83 576.00 592.78 610.30 632.07 645.07 613.59 602.27 602.78 609.28 584.11 586.98 587.12
453.78 466.23 477.46 502.43 512.61 512.75 496.57 484.08 481.92 477.14 466.27 455.77 432.59 415.21 405.19 399.86 404.00 407.26 415.94 419.95 423.52 436.81 442.64 453.85 472.87 460.70 461.66 462.26 472.55 477.05 475.88 494.06 490.09 499.07 506.46 507.61 501.47 505.47 517.92 517.79 521.80 510.80 523.10 530.23 540.01 556.40 571.11 563.67 550.91 546.14 536.76 537.08 543.01 547.55 555.56 568.90 573.85 586.19 604.48 613.90 620.52 624.11 615.98 605.29 597.93 584.13 576.18 563.76 559.88 570.18
462.44 478.42 490.07 501.26 502.14 507.49 493.43 477.30 461.51 453.64 447.41 436.37 425.65 403.80 381.01 377.38 383.40 396.11 401.36 399.32 413.00 449.50 460.01 460.15 484.21 469.76 463.97 460.91 472.22 477.12 485.11 486.23 489.79 489.38 494.44 511.13 500.15 509.74 514.80 523.18 524.98 514.51 520.18 517.41 528.49 539.96 547.99 546.51 538.39 540.74 542.85 546.15 545.36 552.27 556.42 576.39 587.08 597.60 626.30 643.00 632.51 619.88 608.99 586.83 576.15 556.91 545.25 527.27 539.73 563.78
460.02 477.39 491.12 500.57 496.54 497.42 478.40 462.51 448.79 433.58 419.13 402.72 390.55 386.35 376.90 372.71 379.62 378.90 389.65 398.57 410.52 418.60 428.81 440.33 448.54 447.21 446.22 454.29 465.07 472.78 486.16 484.50 489.28 489.90 488.55 501.95 509.75 513.64 513.88 511.92 518.96 519.40 511.48 514.57 512.52 522.41 533.04 523.58 525.43 536.11 538.23 544.14 552.35 559.14 555.66 580.73 589.59 602.94 626.56 630.85 628.40 615.63 595.58 576.68 552.80 541.76 534.36 528.98 534.12 564.28
461.37 467.52 503.03 523.43 491.93 472.47 460.63 446.92 428.76 405.46 398.56 382.55 375.03 367.63 360.01 356.87 359.37 363.22 376.17 381.19 392.07 398.63 410.50 423.11 434.24 430.78 433.51 444.04 451.87 464.86 479.87 477.04 476.06 476.98 490.89 505.60 512.96 515.20 515.47 510.80 515.79 524.82 521.50 523.56 520.75 514.69 511.17 518.03 521.12 523.86 531.07 542.43 554.31 562.31 566.04 573.94 591.26 593.41 600.22 602.19 606.57 592.53 575.64 556.61 541.32 521.73 527.45 526.92 537.25 557.02
445.26 428.39 458.49 487.54 475.61 461.39 454.50 443.09 429.52 410.10 381.09 364.84 357.56 353.64 341.29 331.34 312.30 333.01 359.81 376.77 387.44 393.97 395.81 411.66 428.28 426.46 431.64 440.07 448.65 458.92 466.77 469.81 477.86 485.62 491.09 493.29 507.18 514.30 505.83 506.71 508.67 510.87 513.14 514.43 515.03 516.91 511.56 514.80 521.77 523.40 530.52 537.73 553.19 562.95 571.85 580.98 583.54 586.98 588.76 583.55 577.17 579.47 560.64 546.13 534.44 515.58 511.88 513.42 539.02 567.20
400.74 399.54 437.93 440.73 443.89 442.74 441.68 429.97 410.34 389.96 372.50 357.75 351.34 349.96 337.31 329.87 325.83 338.50 354.00 372.49 385.42 389.85 396.53 406.79 419.81 429.41 436.39 443.13 450.41 456.36 456.56 464.27 476.06 486.50 478.89 480.91 502.98 509.47 510.44 519.77 510.26 519.71 513.27 507.18 504.95 505.49 506.67 507.38 514.70 516.45 520.04 529.47 545.76 564.70 574.56 571.16 577.31 581.33 584.80 580.02 572.37 560.02 542.02 540.41 532.51 520.78 523.80 536.94 560.93 606.84
377.02 389.11 401.93 416.49 427.74 415.87 402.13 391.09 367.06 356.34 345.70 339.46 337.99 334.93 331.76 335.92 343.14 352.22 363.35 384.68 390.13 381.14 384.55 401.40 420.05 434.88 435.81 441.91 445.58 443.55 447.33 458.53 471.90 472.34 467.16 469.85 488.20 499.49 508.46 504.01 503.66 499.88 498.95 497.02 499.45 500.42 497.20 494.96 502.85 511.25 510.71 517.45 531.94 549.21 568.62 574.29 581.87 586.08 598.04 600.38 577.73 551.57 536.98 526.30 520.60 525.87 529.99 532.66 554.88 598.20
410.18 372.63 363.99 372.18 379.31 377.64 374.38 366.51 351.25 338.69 328.89 316.95 310.78 317.48 327.44 336.07 354.82 364.96 370.95 383.32 382.88 378.04 381.74 395.06 406.56 426.05 436.76 438.51 435.86 427.36 433.35 448.43 455.39 446.96 461.89 480.03 508.05 507.98 503.67 498.68 495.55 493.71 493.91 490.16 485.81 489.59 485.51 482.34 485.65 499.14 509.30 512.50 517.40 539.83 554.41 569.35 573.59 581.06 594.92 620.06 580.91 553.24 540.65 538.41 538.40 537.90 542.19 537.71 555.13 605.55
393.02 359.62 367.18 367.08 362.04 353.38 335.08 329.65 320.63 320.09 312.86 303.68 288.99 292.65 311.63 338.10 358.14 363.61 362.10 360.62 363.62 364.48 359.19 362.44 371.37 378.73 389.72 388.17 398.65 407.39 421.16 431.63 450.76 448.38 465.82 495.88 509.66 515.59 500.94 493.22 494.98 491.54 481.68 476.00 477.80 481.29 480.06 477.99 478.77 486.46 505.71 517.43 516.49 525.71 544.48 558.33 567.29 571.44 573.14 576.15 567.23 553.03 550.53 556.89 567.22 569.83 569.14 568.07 588.46 623.31
378.82 357.95 345.35 330.31 320.76 289.39 269.41 267.26 253.50 257.14 258.44 246.31 247.10 262.26 285.72 308.21 348.05 356.70 346.16 341.40 339.47 345.70 346.76 352.45 360.14 365.73 370.13 373.64 379.29 395.56 410.19 426.18 461.87 491.56 496.70 510.20 522.82 527.54 508.99 496.16 486.28 481.75 474.96 469.90 468.93 466.81 471.52 470.77 469.53 474.14 493.85 507.07 516.39 519.68 530.38 548.43 548.21 544.78 551.10 560.88 555.06 552.97 559.94 572.00 573.38 588.13 588.39 599.57 622.23 658.62
375.72 338.69 323.87 296.96 268.69 259.80 250.42 243.35 233.39 225.47 219.32 220.39 225.75 247.47 274.08 288.38 302.77 335.16 323.73 322.31 327.17 341.63 348.40 361.40 366.16 365.72 375.17 382.57 387.91 400.07 408.75 419.50 444.57 470.65 496.94 517.63 520.23 512.98 500.07 486.30 479.36 468.91 465.95 463.28 460.01 461.08 462.11 465.17 468.09 474.45 483.12 495.77 505.76 518.51 526.07 538.04 541.49 543.93 544.77 553.85 549.81 547.29 561.93 576.39 582.93 589.03 616.87 619.34 640.08 660.36
354.08 335.35 309.90 258.35 250.75 238.17 227.57 223.12 222.21 208.47 210.94 212.63 215.39 233.23 250.00 253.56 257.89 266.88 279.95 298.57 317.10 331.74 355.65 371.87 363.12 361.85 365.84 376.55 389.44 391.76 401.15 413.10 435.96 460.31 477.25 495.61 512.61 500.38 493.15 486.61 478.93 469.96 460.59 459.34 462.09 461.47 459.75 463.72 464.97 468.42 476.67 489.07 496.42 506.44 522.05 542.98 560.45 560.25 568.54 563.44 565.89 564.17 566.28 573.96 579.62 598.21 613.08 629.89 630.59 674.50
327.82 300.90 273.96 240.50 233.59 226.98 221.87 213.21 223.61 215.36 214.59 214.57 213.25 235.23 239.76 242.99 240.76 246.67 254.52 262.87 280.39 315.31 337.58 343.63 335.53 344.16 353.65 369.24 382.98 384.02 399.02 422.53 451.39 470.08 474.40 487.12 510.42 502.45 494.20 481.82 474.86 465.02 455.64 451.77 451.70 453.21 450.98 454.54 462.30 469.82 475.15 484.27 493.22 498.91 518.79 537.21 555.42 561.00 563.19 574.43 586.08 588.19 588.48 597.94 584.76 593.35 609.10 632.64 670.34 669.63
297.33 280.25 272.09 238.57 224.82 222.58 221.00 219.05 224.04 216.65 213.60 209.06 217.10 230.28 234.63 238.70 247.07 252.49 255.09 257.06 259.58 265.55 281.37 281.35 276.69 307.40 335.60 358.74 380.04 397.80 430.12 454.87 476.16 489.80 485.37 501.46 531.80 510.59 501.46 483.04 471.54 461.37 453.88 447.88 445.11 444.34 443.49 442.47 456.29 466.87 477.82 489.83 499.60 512.76 525.79 539.04 550.03 554.79 561.70 576.73 592.96 599.51 611.81 621.91 617.02 635.25 648.71 646.79 679.92 672.79
276.87 267.35 259.97 226.11 221.43 218.38 213.06 209.04 210.56 202.99 195.11 196.46 208.10 212.88 220.46 229.74 244.04 249.22 252.57 252.59 253.35 250.21 238.66 222.77 188.36 267.77 323.59 359.02 387.06 430.75 465.09 485.23 501.87 497.90 495.00 521.13 539.81 528.16 503.27 493.29 477.40 465.47 456.87 445.14 441.76 438.61 438.07 441.68 451.15 464.62 482.69 502.62 515.92 527.58 538.66 547.87 551.17 556.11 567.65 580.83 594.68 606.37 622.81 627.76 641.83 663.97 657.46 654.60 673.86 660.38
271.08 265.69 260.06 235.61 218.39 214.80 206.49 205.46 204.55 199.63 198.58 198.51 184.66 192.76 208.41 221.22 240.15 250.41 253.53 256.20 255.68 251.39 239.87 232.80 256.98 286.79 331.47 369.93 402.91 463.72 500.68 515.40 522.33 512.09 508.96 530.06 539.39 535.59 518.83 483.49 474.80 459.12 453.90 440.77 431.20 433.05 436.53 442.02 452.66 464.42 475.52 491.01 517.16 547.90 550.98 552.92 559.00 566.10 569.21 581.32 591.66 600.22 612.37 637.87 647.77 662.31 651.53 634.02 652.18 661.90
