arc/python_arcpy/Precipitation/APHRO_MA_025deg_2000.txt
ncols	360 
nrows	280 
xllcorner	60.125 
yllcorner	-14.875 
cellsize	0.25 
NODATA_value	-99.9 
[rows 0 to 30 of 280, columns 0 to 69 of 360]
541.77 516.52 498.81 487.20 476.16 466.03 459.01 446.12 431.16 437.10 435.87 438.24 396.97 408.77 413.13 421.81 428.25 466.48 441.98 409.73 404.08 399.90 390.80 380.05 372.56 369.45 362.03 350.60 335.68 334.39 333.28 330.00 325.06 327.46 329.47 327.98 328.63 324.20 308.36 300.12 300.39 307.03 291.67 274.10 265.27 260.76 254.41 257.62 259.91 257.80 266.10 281.13 299.87 338.16 322.67 301.38 289.86 282.32 279.01 283.74 289.28 298.92 316.85 324.95 333.36 335.76 343.44 357.33 368.65 380.31
525.76 507.15 498.54 490.58 481.14 474.08 437.14 412.50 410.54 412.48 427.45 432.97 378.04 372.54 379.37 385.93 387.03 383.88 387.52 390.00 381.54 381.36 378.03 375.81 352.60 337.22 338.66 327.20 323.31 324.68 326.07 326.26 325.64 326.87 326.23 325.24 322.08 316.60 314.27 310.73 306.01 297.29 285.46 275.29 267.08 261.48 260.40 264.00 259.35 248.99 263.44 277.43 285.09 287.62 285.01 281.48 274.37 272.37 276.02 283.87 293.24 300.93 304.69 309.34 319.16 323.34 337.94 356.76 362.67 374.09
513.27 506.97 500.62 484.00 461.97 447.88 421.93 411.70 410.37 412.13 412.24 407.16 390.46 369.95 368.88 366.49 362.12 353.29 361.41 367.12 363.54 358.15 352.13 346.50 335.27 327.96 324.57 315.93 310.95 314.95 317.61 318.91 323.90 330.61 326.27 316.25 310.41 306.33 304.35 305.90 305.34 299.82 287.47 280.48 274.81 269.47 271.59 275.74 269.15 267.07 270.76 275.11 280.63 278.97 278.38 276.27 272.71 274.26 282.04 289.21 298.42 305.46 308.39 314.37 327.06 339.93 355.19 370.47 383.44 393.37
510.55 475.75 473.43 450.39 432.41 426.45 423.87 421.81 415.11 407.46 399.11 399.88 377.17 368.22 359.53 356.37 351.24 340.41 336.27 335.80 340.12 339.28 331.70 324.54 323.51 319.72 313.62 304.70 303.42 304.44 307.00 307.58 308.18 309.82 308.50 307.26 305.58 306.70 303.54 299.01 297.13 292.15 288.55 284.88 281.02 277.17 273.45 274.68 272.75 273.33 275.88 269.93 269.27 275.73 279.03 279.87 277.93 278.23 281.29 291.27 308.92 320.42 325.54 332.91 349.33 362.25 366.75 380.20 386.03 389.32
481.14 458.37 454.18 447.39 441.23 434.82 432.79 438.53 442.76 419.47 379.46 372.75 364.58 357.25 347.50 344.90 339.79 330.36 324.24 317.61 319.91 322.84 313.59 312.76 315.37 318.67 308.69 301.95 309.28 317.74 315.40 320.19 304.79 299.14 298.19 299.51 302.15 309.21 305.25 298.58 294.56 291.90 291.64 294.47 292.52 279.81 277.01 275.66 282.97 288.21 287.91 283.22 279.41 280.60 283.23 282.83 282.73 287.98 296.70 313.14 324.81 335.59 343.46 350.98 363.35 370.89 378.89 381.85 381.31 384.12
466.84 465.83 464.65 459.63 453.57 448.28 441.70 436.23 433.83 413.37 374.32 362.29 352.60 336.58 328.81 326.31 322.20 313.67 308.95 303.14 298.27 296.99 299.29 300.19 301.58 302.56 298.88 301.89 318.68 312.78 313.90 322.73 321.50 302.34 295.70 290.57 289.15 289.76 289.96 291.85 293.35 298.31 299.27 296.36 296.28 293.58 286.22 284.75 291.20 308.67 297.54 289.42 285.36 286.30 290.03 296.74 308.07 315.06 323.59 328.11 336.18 350.19 354.88 358.87 361.06 374.68 378.43 378.43 377.44 375.28
473.77 469.08 468.22 463.49 460.90 458.86 449.69 438.05 400.68 378.30 367.14 350.52 337.43 314.23 299.89 300.72 302.41 297.64 294.98 291.21 286.63 274.46 269.77 280.38 284.74 288.13 289.21 309.66 314.79 310.49 313.62 339.07 361.95 324.78 296.62 279.79 271.19 259.34 272.94 284.42 292.36 296.25 297.18 297.35 295.54 295.90 296.04 292.82 292.22 292.35 286.91 287.24 289.16 290.70 298.10 309.73 317.85 326.15 335.41 338.36 350.49 360.25 362.31 365.01 371.95 377.56 378.17 375.78 376.33 377.38
477.09 474.93 473.92 469.16 462.74 451.54 441.75 427.83 386.06 365.54 355.97 352.24 343.80 311.38 287.00 284.49 279.99 275.43 276.56 270.98 270.38 270.64 265.82 272.37 276.65 280.46 285.26 295.25 312.75 309.75 309.83 323.03 335.08 331.06 305.38 273.67 266.86 263.17 275.98 284.90 302.99 317.79 306.55 303.76 304.18 302.80 303.83 299.17 297.61 296.07 294.76 302.63 301.52 303.56 310.29 317.78 332.52 342.50 348.26 355.13 361.56 367.25 375.98 391.10 389.73 379.80 375.65 372.45 366.21 363.08
478.01 471.12 466.08 469.09 448.99 427.96 409.76 395.03 370.89 354.68 342.86 337.06 338.22 313.64 291.46 279.29 272.23 267.57 262.48 258.53 257.60 263.29 260.44 275.60 280.77 282.54 283.00 280.91 299.72 304.91 301.71 319.58 336.69 336.10 313.84 283.45 280.94 279.10 288.67 291.33 311.83 330.31 324.34 308.57 301.92 301.51 303.80 313.97 318.76 316.85 315.63 317.19 317.94 318.88 328.34 337.49 348.06 351.06 352.34 352.97 362.87 373.32 381.06 390.30 369.06 354.06 343.07 354.11 359.30 354.61
440.60 447.01 447.29 440.74 437.08 423.89 402.06 374.14 363.73 354.66 334.73 327.93 321.02 309.27 293.51 285.40 279.48 268.67 260.70 259.96 261.21 261.71 264.61 266.44 267.88 272.11 271.91 276.01 280.45 300.32 294.24 297.20 314.87 306.53 296.36 281.46 282.74 284.95 290.65 292.60 296.82 300.19 316.18 308.11 300.36 302.76 309.41 314.68 320.41 325.95 331.28 326.53 333.13 339.71 350.71 351.15 355.03 359.24 362.29 360.03 361.95 364.61 358.43 355.16 343.14 330.39 317.66 324.99 333.98 362.50
445.01 466.59 454.71 445.08 431.82 403.82 386.49 371.89 362.44 352.97 331.31 324.54 321.04 309.62 293.95 287.78 281.56 273.29 263.16 262.31 261.38 258.55 258.68 255.93 255.42 253.23 251.97 252.17 259.61 266.61 266.67 275.79 280.64 281.51 272.82 274.10 288.75 291.31 290.85 291.24 294.55 297.42 298.92 300.99 304.62 318.89 332.31 336.82 328.58 329.81 334.69 338.69 349.46 350.98 357.26 355.42 355.77 364.77 366.84 366.96 361.32 342.48 336.64 336.30 332.51 329.62 328.25 335.77 328.15 340.87
431.91 437.50 436.21 426.26 414.52 394.70 380.93 371.81 363.93 352.59 332.03 327.71 322.74 311.02 300.47 290.02 283.45 271.73 258.92 264.83 263.43 257.54 252.91 250.11 241.34 241.25 232.90 233.35 237.76 246.09 252.26 256.96 260.52 261.69 260.33 272.35 286.20 293.70 292.24 296.25 302.96 308.30 312.88 323.20 324.73 323.65 318.26 357.08 360.74 341.07 340.52 345.20 359.15 361.44 361.06 364.72 361.27 365.85 369.44 364.88 335.84 338.11 344.83 345.42 337.07 325.72 329.37 333.18 328.26 327.82
412.69 400.11 398.59 395.91 388.08 379.39 370.93 362.63 354.91 349.04 331.58 318.20 315.02 296.46 284.59 275.80 270.86 261.66 253.82 247.99 240.38 240.66 236.15 231.19 228.02 228.80 231.12 232.31 243.01 253.25 241.83 235.68 232.17 242.11 245.04 253.49 271.70 288.09 289.94 304.18 307.20 310.29 316.52 323.11 328.31 341.22 330.51 358.61 369.36 359.83 376.37 400.73 414.04 385.76 359.82 360.06 357.99 366.05 369.84 369.01 354.39 343.63 344.98 342.91 324.63 326.04 329.98 333.01 333.24 333.59
393.96 392.39 387.74 384.47 379.28 371.12 363.15 353.55 340.87 336.87 304.73 288.53 282.16 277.85 270.96 267.94 267.71 259.78 249.86 246.02 241.78 235.59 232.61 230.16 224.14 221.98 223.25 221.96 223.36 218.82 228.06 229.72 236.31 243.54 250.93 255.91 259.58 272.60 271.64 278.02 309.67 311.64 318.07 320.97 323.80 341.74 341.47 357.48 367.52 385.06 402.58 423.90 452.46 385.21 363.72 361.66 361.88 359.33 361.87 369.58 366.97 345.96 346.42 342.37 340.56 330.90 327.15 333.04 345.79 355.85
392.59 390.85 386.15 377.18 371.73 355.28 318.46 314.07 310.04 301.07 289.14 280.88 273.73 270.76 262.14 255.17 247.74 244.99 239.27 236.86 238.11 233.79 228.65 221.43 208.05 203.70 205.47 213.09 212.85 217.03 221.86 230.14 237.75 244.33 251.50 257.14 262.00 263.51 268.94 277.19 297.28 306.69 313.15 313.92 310.67 314.13 333.13 362.54 371.38 387.08 397.36 408.40 416.79 406.86 369.12 361.99 357.90 355.86 361.48 371.37 371.52 370.79 365.30 367.35 361.10 354.27 347.93 342.28 350.27 351.61
379.95 369.28 358.45 347.11 331.09 313.67 302.56 295.20 277.10 262.04 254.65 261.21 251.49 235.90 223.30 219.61 218.55 219.51 222.28 228.52 224.45 219.70 219.25 219.83 204.13 202.72 200.70 206.15 203.44 212.72 225.36 233.48 238.26 243.15 249.57 255.37 262.72 271.08 275.26 283.34 292.64 298.15 295.93 304.77 301.96 313.74 349.75 365.02 377.80 387.44 391.26 397.44 398.81 401.11 389.17 349.18 347.18 349.17 350.21 366.22 369.08 370.32 368.40 370.37 372.87 375.82 359.66 353.42 356.51 354.43
364.48 321.57 297.60 288.93 281.33 269.58 260.00 249.99 244.72 240.33 232.14 229.10 224.73 214.17 214.14 213.77 213.26 212.83 211.75 214.27 215.67 208.20 204.34 202.96 206.36 199.53 195.92 195.39 199.85 205.61 223.11 232.99 237.83 241.95 243.70 249.86 255.97 265.54 270.89 275.04 274.82 279.62 282.31 290.43 293.54 298.95 327.68 351.47 369.14 387.56 378.77 376.05 383.51 380.15 382.06 354.58 349.59 352.43 341.08 345.53 354.95 364.67 379.68 371.10 373.87 373.84 372.47 364.94 351.38 344.84
300.17 284.52 281.38 276.23 257.86 252.42 245.94 241.37 238.15 234.25 226.06 222.06 212.97 210.59 204.00 204.94 206.45 206.80 207.34 203.07 201.50 198.97 199.81 212.12 215.08 206.65 193.49 193.94 199.57 201.26 207.22 215.30 226.27 226.23 226.58 230.07 233.45 241.39 254.64 263.69 266.70 269.53 265.91 263.54 266.57 282.18 331.73 340.32 348.46 355.30 356.54 358.04 363.20 355.95 351.82 379.72 388.51 387.51 373.76 357.86 383.58 395.57 396.40 381.34 356.66 347.86 351.23 337.59 326.95 324.17
287.35 287.33 274.38 256.38 243.06 236.53 231.59 227.42 224.06 220.30 218.89 216.78 204.63 201.88 194.64 195.83 198.25 200.44 203.40 203.47 207.39 203.48 195.51 199.04 202.28 195.10 190.25 199.22 200.05 199.54 205.80 210.71 214.65 218.83 223.83 225.41 227.69 232.33 241.31 249.48 250.67 247.62 249.96 258.93 256.78 255.81 271.17 303.77 321.15 338.02 348.88 349.55 351.13 348.57 355.18 374.62 391.42 400.06 391.51 388.68 389.08 381.27 382.41 384.80 383.57 368.47 325.85 320.34 311.61 300.08
291.53 279.91 262.52 244.48 234.45 226.67 220.54 215.60 209.29 206.87 204.14 202.82 194.66 188.14 184.37 184.36 183.61 189.68 196.17 200.03 208.99 203.81 194.78 189.90 189.82 186.47 187.43 199.16 208.73 205.19 206.21 209.29 212.29 214.66 217.79 219.72 223.87 226.11 230.67 240.58 242.99 239.94 235.86 233.22 242.62 244.96 244.12 260.46 292.29 306.12 332.35 331.63 341.63 344.48 346.63 354.44 378.44 391.13 380.02 373.77 356.94 359.12 370.45 371.60 370.66 368.00 347.75 344.86 341.79 288.13
292.68 270.22 250.66 235.64 223.48 207.88 200.72 201.43 200.51 199.01 196.04 191.75 181.47 167.61 166.79 169.86 174.81 179.48 183.91 188.24 190.80 192.10 190.77 187.81 186.82 183.15 181.44 195.04 200.66 200.07 200.77 206.81 207.43 205.42 211.01 213.24 217.16 218.87 220.13 222.97 225.64 228.00 228.58 226.81 232.45 257.46 232.85 253.79 277.20 290.41 300.88 328.21 340.50 341.60 340.33 339.39 338.79 339.05 349.09 355.12 340.46 338.32 339.78 348.80 348.83 349.93 333.23 327.84 312.60 282.28
255.57 246.91 234.97 220.89 205.92 188.70 184.64 188.92 191.09 189.83 186.40 182.03 172.51 148.18 144.27 157.85 165.31 170.40 173.64 175.60 177.63 179.38 179.26 177.66 180.09 177.64 181.39 191.12 185.71 187.28 191.26 194.86 193.63 191.86 194.18 199.14 202.54 207.89 210.98 216.12 217.08 216.60 223.40 236.18 269.84 302.62 323.59 332.26 271.21 281.65 288.46 298.09 321.82 324.61 325.00 321.61 319.00 315.38 316.35 323.54 321.72 329.44 330.93 328.80 319.46 307.10 294.22 284.87 258.92 244.58
237.88 232.98 221.34 207.79 199.97 192.81 188.97 187.27 185.05 180.86 177.86 173.97 163.50 147.71 146.51 151.43 156.50 160.46 163.56 166.78 166.33 165.00 165.70 163.47 164.57 164.85 174.26 166.77 182.20 184.75 187.49 188.93 190.62 190.69 189.33 190.41 192.01 192.87 196.61 208.73 214.53 216.78 227.60 242.82 276.67 294.67 307.05 301.51 307.38 316.03 305.02 289.01 290.44 309.02 310.01 307.45 295.74 277.63 282.43 296.07 299.49 308.19 308.38 299.89 287.83 278.45 267.21 255.85 224.82 214.32
227.98 224.28 210.73 202.03 196.86 192.05 188.44 179.48 176.16 178.21 176.57 173.05 163.97 154.68 151.06 152.18 152.60 154.68 158.27 155.60 156.89 158.04 158.36 155.58 156.18 160.24 160.01 168.13 186.90 181.94 180.86 183.83 185.36 183.53 184.35 183.45 183.99 185.73 191.41 194.95 203.17 202.40 206.63 226.88 277.39 299.66 304.42 310.44 303.80 317.47 329.01 308.28 289.17 287.18 296.81 305.47 298.00 288.36 287.25 284.08 287.63 295.24 293.87 290.40 281.90 264.96 228.69 203.64 186.25 173.73
220.21 215.85 200.60 196.42 191.73 185.22 176.40 168.07 166.13 166.38 169.67 166.58 161.03 153.90 151.43 151.35 149.39 150.40 149.37 146.63 148.21 150.95 150.86 150.78 151.29 151.52 151.62 164.16 161.31 159.80 164.13 165.13 165.29 167.68 171.21 173.40 175.50 177.41 186.58 189.10 192.82 195.64 203.07 221.20 275.20 329.55 364.78 351.04 307.88 281.23 280.92 300.71 289.82 260.69 275.89 276.30 268.69 283.06 289.91 284.64 283.22 282.69 275.85 265.54 235.90 220.46 188.21 179.51 175.74 172.82
205.34 198.91 194.44 189.92 179.72 170.64 166.53 162.16 160.98 160.06 157.05 153.97 153.74 148.34 143.74 143.70 144.77 144.88 142.06 142.63 143.48 142.51 139.73 142.45 145.78 147.12 146.94 155.67 159.67 144.71 152.45 154.22 154.84 152.73 153.50 158.85 166.53 169.63 178.30 184.07 180.27 183.44 189.70 195.60 215.38 259.64 275.30 328.75 271.54 246.50 248.13 260.60 259.46 246.88 253.98 250.72 242.84 235.04 230.79 230.05 231.72 241.69 211.58 191.23 187.88 184.18 178.11 171.07 165.38 161.12
185.81 184.24 183.15 181.66 173.56 162.87 157.51 157.44 157.50 156.38 152.29 147.21 140.41 139.63 139.08 137.43 135.77 134.59 137.07 138.03 138.77 134.68 133.66 133.84 133.83 140.11 142.05 141.06 139.57 138.64 140.70 141.42 142.01 144.33 147.23 151.12 161.36 165.54 171.82 173.18 177.24 176.60 180.22 188.16 192.67 214.93 227.67 235.99 217.59 212.10 207.48 208.57 219.81 226.43 230.67 228.61 222.32 207.79 202.96 201.47 200.12 191.28 176.12 161.54 164.12 157.52 150.80 152.17 147.16 148.52
177.04 175.83 174.46 172.55 169.10 157.89 155.50 151.27 144.41 140.97 139.24 133.84 131.94 130.67 126.10 126.89 127.34 126.42 127.46 131.59 131.01 128.73 129.36 129.69 130.39 133.27 137.00 135.34 133.39 131.32 127.96 129.02 135.33 139.17 143.02 146.90 151.43 154.86 165.71 170.40 169.89 171.57 174.82 185.50 192.07 204.63 199.74 190.42 194.96 204.15 198.94 192.17 200.21 207.61 206.91 198.08 195.38 193.44 192.91 193.22 190.17 174.26 162.73 155.62 147.08 145.65 143.35 143.21 142.89 145.65
169.80 170.38 170.20 166.48 154.63 145.50 136.41 132.57 133.82 130.30 123.66 116.63 114.12 114.47 115.88 115.66 113.39 115.05 116.39 117.41 114.09 116.42 118.37 123.86 127.00 126.33 126.84 124.71 121.60 115.66 109.68 116.08 128.10 134.25 138.86 142.09 145.56 153.35 158.47 162.54 164.90 166.35 167.63 176.62 180.95 180.57 189.01 187.61 190.89 192.61 193.67 195.30 191.58 192.11 189.40 188.19 188.72 189.32 189.59 188.49 178.21 165.05 157.65 150.61 144.33 141.83 139.54 137.89 138.03 141.37
159.31 157.17 152.76 147.74 141.04 138.41 133.06 126.74 122.32 117.50 114.92 111.83 110.01 108.75 107.92 102.64 99.10 100.56 105.10 106.83 107.58 105.33 104.01 104.86 107.18 112.58 113.34 115.34 113.74 110.42 106.77 109.93 118.77 125.16 129.73 134.45 138.48 149.02 153.69 157.69 161.35 164.98 168.50 172.26 177.58 176.63 175.98 178.07 184.39 182.68 186.22 189.61 185.71 182.68 180.82 179.38 180.97 184.12 188.92 185.68 170.00 159.71 152.42 147.09 140.81 137.19 134.59 132.24 131.00 133.35
145.88 147.45 144.74 142.99 139.91 136.54 130.44 121.58 117.26 113.06 110.05 106.63 103.85 101.34 98.00 94.08 92.03 92.99 93.37 91.75 94.06 93.13 91.98 94.16 97.14 96.60 97.39 103.24 106.71 107.74 109.85 111.57 115.58 120.99 124.26 126.96 130.75 136.75 146.47 152.40 157.71 162.57 171.13 173.10 169.67 171.88 173.00 174.39 178.08 179.82 178.59 171.65 165.29 160.57 164.24 170.50 172.24 172.53 174.88 178.46 159.95 149.00 140.90 136.38 134.78 132.75 129.94 126.36 122.59 119.19
