arc/python_arcpy/Precipitation/APHRO_MA_025deg_2002.txt
ncols	360 
nrows	280 
xllcorner	60.125 
yllcorner	-14.875 
cellsize	0.25 
NODATA_value	-99.9 
[rows 62 to 92 of 280, columns 0 to 69 of 360]
145.48 140.91 132.32 133.19 131.82 132.42 139.01 144.34 145.73 151.39 155.70 155.43 156.90 158.30 160.97 163.89 169.34 173.00 186.64 208.53 225.91 290.81 367.54 412.70 452.61 520.56 582.72 645.51 646.27 623.59 597.17 584.49 625.40 616.38 562.94 627.70 574.02 497.41 399.60 427.90 464.48 551.14 650.13 674.31 674.12 606.32 496.18 530.92 481.38 441.97 466.99 461.51 347.64 267.04 216.86 171.65 156.67 145.45 141.17 141.47 137.17 129.63 121.29 105.15 101.13 110.31 114.75 116.14 118.11 121.60
155.38 154.15 143.29 137.82 137.49 139.71 149.83 157.91 159.34 158.64 159.88 160.47 163.11 167.18 178.66 178.99 182.15 188.26 212.17 220.15 264.60 350.56 379.28 424.31 467.21 521.88 556.15 603.38 668.26 720.15 746.17 769.06 796.55 683.85 738.51 681.54 638.94 595.32 545.06 566.53 529.95 609.58 617.28 598.07 560.98 563.01 534.76 607.83 497.23 429.85 505.60 420.46 298.46 204.05 173.37 143.02 141.28 133.17 136.09 133.10 135.88 126.22 120.39 115.29 112.67 112.97 113.55 114.19 117.28 120.69
160.23 163.12 152.76 145.46 145.42 147.79 161.71 166.65 166.97 163.85 163.28 164.82 168.33 175.04 184.78 186.59 194.82 220.72 228.93 235.63 316.22 373.97 382.42 409.61 467.24 495.25 544.86 650.71 702.19 797.08 752.55 733.75 795.58 736.25 773.34 665.60 732.76 599.11 611.12 565.09 470.11 505.33 561.94 558.46 561.66 558.16 539.27 609.99 657.82 595.56 441.27 349.95 218.10 160.90 155.72 138.10 136.69 133.91 128.12 131.50 126.20 126.39 122.62 118.74 117.74 117.07 116.03 116.73 117.95 121.12
161.33 158.43 154.43 154.41 155.09 156.44 157.94 169.54 171.65 168.62 165.31 166.53 170.15 177.53 184.73 193.00 219.85 251.79 247.98 259.23 324.43 379.48 387.16 398.41 432.63 467.30 535.73 699.04 752.51 777.58 653.88 507.13 486.51 495.90 455.25 479.39 479.63 561.99 493.88 467.98 504.64 476.51 441.86 453.71 478.08 516.64 507.84 431.98 471.41 513.98 331.37 196.49 162.50 162.46 141.43 131.14 131.31 128.93 128.20 125.46 123.95 118.93 113.46 112.95 118.80 117.55 118.47 118.82 120.51 121.38
165.49 165.25 166.37 159.35 160.76 165.17 163.96 173.08 175.33 171.91 168.68 167.25 170.66 176.97 184.36 203.75 234.28 257.65 254.61 261.49 323.30 384.02 392.82 401.78 426.98 451.94 501.40 591.02 655.59 653.78 522.82 358.58 346.44 381.64 365.56 371.71 407.51 439.14 430.85 471.79 471.51 477.33 412.78 353.26 326.42 287.52 318.69 361.52 350.33 227.36 179.87 182.24 158.60 157.59 151.57 147.28 137.83 131.96 132.56 123.87 121.19 111.85 105.76 104.25 107.31 116.20 117.35 116.94 119.04 119.36
177.45 168.35 168.63 162.40 162.90 166.95 168.46 176.49 178.58 173.89 164.59 158.91 170.49 178.82 202.33 221.43 230.07 237.65 250.69 254.63 273.08 305.23 372.35 380.71 410.35 442.21 513.06 512.66 444.43 415.82 368.14 340.91 341.63 294.17 241.27 209.49 295.94 309.64 341.17 386.51 439.50 406.09 393.48 359.27 306.40 232.86 272.91 243.63 222.25 233.05 188.80 166.95 163.41 161.61 158.39 149.01 142.23 142.83 136.86 123.25 104.51 103.31 99.81 99.08 104.08 109.03 112.79 112.43 113.45 113.22
209.84 181.16 172.62 167.31 166.93 168.24 171.14 173.13 180.31 177.66 172.33 174.12 188.53 206.89 213.88 220.62 229.33 234.46 244.63 268.76 249.83 263.79 332.07 344.45 368.92 404.51 464.05 372.13 341.22 325.87 302.21 307.71 301.57 247.78 153.30 112.93 196.23 243.88 262.88 321.57 365.90 343.93 316.25 292.67 222.27 197.71 158.80 224.12 264.23 235.86 184.12 159.85 157.52 158.89 158.28 154.06 142.89 139.49 137.11 129.95 92.65 89.57 99.59 95.84 98.76 104.39 109.17 108.06 109.18 108.53
208.29 191.46 193.67 181.84 171.14 171.10 172.31 175.53 201.79 203.53 201.24 209.28 211.15 215.73 220.07 225.41 230.02 236.34 243.03 287.95 267.08 261.57 301.39 278.55 268.64 299.02 319.91 256.79 236.71 248.69 241.29 239.01 217.30 194.78 159.42 155.93 198.35 212.83 250.66 291.68 314.43 277.01 230.32 193.32 191.53 146.63 114.32 144.81 206.33 174.98 154.87 158.06 155.85 155.97 154.10 148.86 144.56 144.35 139.90 136.76 107.06 95.63 94.39 94.40 97.94 100.19 105.33 108.34 108.84 107.94
221.38 198.50 199.31 198.31 195.09 177.45 169.66 178.69 195.31 203.15 207.58 210.92 215.61 220.55 227.17 228.86 231.09 235.69 242.80 322.37 318.94 283.69 264.07 217.33 216.49 213.95 207.11 202.01 194.39 177.25 176.29 188.36 171.53 178.50 173.64 178.56 221.38 218.51 244.51 296.08 310.17 276.91 212.42 151.06 152.02 126.52 112.09 167.28 184.87 157.97 153.96 158.91 148.99 144.48 147.30 147.68 146.85 146.51 140.34 135.91 135.52 118.02 112.36 98.27 96.06 100.73 100.22 93.43 96.86 101.23
239.87 218.48 189.83 192.47 192.55 189.81 186.84 188.14 187.44 188.71 193.68 207.35 219.15 234.36 269.31 286.96 285.44 287.23 299.59 325.66 313.89 288.14 246.22 220.59 208.59 205.59 201.49 197.49 187.09 173.40 163.11 162.80 151.65 175.08 177.34 187.81 195.04 232.75 254.52 279.64 269.37 249.67 201.65 154.74 157.47 151.42 168.61 152.09 169.53 187.84 191.30 176.88 178.63 178.45 160.66 155.52 149.17 149.07 148.44 146.06 141.56 133.32 130.45 111.86 109.78 107.56 102.92 96.66 97.15 97.66
263.65 233.32 201.38 186.52 187.44 194.38 188.69 193.13 201.99 199.64 204.37 216.64 260.83 298.54 318.22 329.34 319.38 322.37 317.30 312.34 306.60 310.16 253.85 225.13 215.74 202.62 199.58 197.47 185.40 174.46 163.64 157.75 156.30 185.22 201.09 200.90 206.46 233.49 248.52 249.37 258.36 225.95 189.36 164.86 201.34 210.57 182.93 205.27 195.38 194.78 209.61 215.89 194.01 180.65 182.79 176.92 173.53 152.84 154.50 155.47 150.47 146.35 132.55 119.17 125.00 121.16 123.17 110.39 102.04 106.69
257.25 246.13 234.94 215.02 217.72 237.15 238.23 238.99 244.14 238.50 247.67 256.36 268.26 298.33 326.26 340.25 340.11 339.33 323.42 317.23 333.88 335.43 296.35 229.16 220.78 207.39 223.60 211.71 213.68 232.72 199.89 192.81 191.72 197.71 221.95 208.79 211.86 223.50 246.60 259.82 253.31 201.02 244.50 228.87 251.07 226.43 194.70 223.34 282.00 265.05 235.84 214.34 234.12 236.74 229.17 202.00 192.38 166.78 152.02 142.93 150.63 136.39 124.62 120.93 118.78 127.02 130.88 131.09 120.32 122.55
244.76 246.42 239.04 232.26 230.91 235.91 242.87 248.33 251.63 251.72 253.88 269.93 294.73 305.16 332.62 367.30 362.62 349.35 340.76 326.06 347.75 341.14 306.23 249.58 237.66 240.76 227.78 216.82 254.30 262.40 220.70 205.74 230.23 218.46 221.05 211.44 230.45 252.41 276.93 241.06 244.30 262.24 277.84 328.78 349.30 316.27 331.21 356.64 314.42 272.12 269.34 293.82 288.67 262.01 239.41 224.78 213.10 190.62 181.39 169.00 159.62 123.53 127.78 127.11 120.98 124.66 126.43 133.97 133.93 132.21
229.98 238.97 234.53 229.21 220.10 222.92 227.94 239.99 252.49 262.22 251.07 267.06 280.03 300.70 306.96 333.17 363.91 354.61 348.70 344.29 336.45 333.89 314.78 290.29 276.68 262.68 241.08 228.14 228.90 218.35 227.22 245.17 236.39 237.19 193.39 202.30 227.80 289.64 247.08 291.57 291.47 359.71 347.83 421.10 417.20 422.07 368.06 406.79 347.95 368.14 372.11 352.39 330.95 316.63 253.00 214.92 198.94 182.73 219.72 212.30 211.88 194.32 158.18 136.43 132.47 129.47 129.85 128.35 132.44 133.96
233.14 220.81 221.72 221.44 218.08 218.23 231.26 249.97 266.66 273.72 273.37 247.79 266.33 288.15 301.82 324.61 336.03 359.49 348.22 339.25 326.64 304.56 308.88 312.61 284.11 267.34 257.36 251.85 228.60 219.10 254.19 246.50 250.22 250.65 172.19 215.13 263.40 339.92 317.55 362.55 403.81 401.29 379.07 392.12 502.66 456.22 436.97 404.31 427.88 469.11 449.10 422.67 379.24 318.96 277.64 244.63 199.88 176.62 186.18 226.08 262.35 236.84 227.72 195.98 183.94 165.17 149.06 138.25 133.86 135.51
220.11 209.72 205.59 204.08 198.38 212.08 239.58 248.89 260.67 270.55 279.53 281.81 283.09 284.86 297.85 320.94 329.09 327.81 329.72 349.33 332.79 307.95 297.02 308.20 306.04 300.27 272.19 258.85 258.63 238.69 233.46 228.44 308.82 244.55 194.17 222.91 318.61 381.46 497.50 538.85 519.20 524.04 532.93 514.73 569.30 603.81 550.55 526.18 579.86 545.59 500.95 439.33 385.71 288.66 237.59 217.38 238.32 229.60 204.57 238.15 251.83 219.80 192.87 204.43 208.43 166.84 148.08 142.81 141.93 139.01
215.39 194.49 181.75 190.27 194.77 204.01 233.26 253.71 268.04 281.52 274.95 279.34 285.92 285.15 289.49 303.13 311.96 320.91 315.69 317.90 338.45 303.10 287.72 283.34 297.53 277.37 287.72 280.82 253.86 255.25 233.30 227.15 223.19 233.45 327.71 411.35 461.54 469.74 504.15 569.14 623.48 560.58 631.74 640.75 694.38 695.19 717.31 741.44 714.21 683.68 635.10 582.60 499.51 427.76 283.23 222.94 207.51 225.19 267.94 359.82 292.60 224.98 159.70 157.04 176.65 140.95 143.27 143.42 144.01 142.19
197.87 188.77 172.97 180.32 188.95 201.35 215.34 250.04 263.09 277.05 274.80 269.55 271.46 275.98 273.86 281.86 294.14 295.17 305.78 305.19 286.58 284.23 274.86 279.50 284.16 273.11 278.06 282.30 261.61 254.19 200.31 234.02 260.06 334.89 371.84 343.15 306.35 304.00 463.02 552.70 567.84 521.65 622.61 665.96 711.73 725.32 811.76 942.97 835.14 785.48 791.07 857.12 782.58 611.37 438.13 303.18 267.73 248.23 230.88 344.92 311.98 253.87 198.55 170.60 149.12 136.49 140.90 145.55 146.41 145.61
197.71 182.62 178.43 180.06 184.03 194.16 223.47 242.95 252.99 259.70 261.51 261.33 261.53 256.02 255.52 264.76 287.55 295.59 296.06 298.24 278.43 276.17 276.04 274.96 271.22 264.86 254.04 262.12 243.69 251.02 247.95 236.11 268.38 289.80 277.25 328.87 234.89 251.83 305.44 453.30 453.16 436.14 645.69 653.74 590.97 686.23 761.62 836.89 866.00 840.20 919.45 954.72 868.68 748.27 615.39 486.00 395.05 378.67 333.84 353.18 374.49 295.33 250.78 176.97 143.33 144.62 144.75 143.19 145.01 146.52
161.26 176.03 178.53 181.82 185.18 188.24 214.73 232.00 239.18 244.94 246.65 244.96 244.18 243.26 246.46 245.89 269.66 283.15 288.78 279.46 258.13 251.84 271.80 259.28 241.67 229.46 255.19 248.83 256.71 271.72 284.34 292.79 288.07 307.79 329.25 301.64 198.31 232.18 250.83 286.26 271.47 321.31 396.61 475.40 545.54 509.95 633.94 667.52 728.76 935.56 975.86 1029.71 1045.23 1009.37 805.89 687.51 602.49 594.65 521.37 474.88 465.93 376.62 274.45 185.15 154.31 144.19 146.64 146.32 143.11 134.07
150.69 156.04 170.76 187.62 191.57 196.41 206.89 228.47 235.08 239.02 238.52 237.67 234.25 237.12 229.33 218.91 225.17 248.61 260.85 262.57 233.93 230.09 251.01 240.66 235.78 234.42 247.23 251.37 246.48 239.39 228.84 225.72 251.23 275.41 274.35 240.81 211.02 264.38 297.04 310.55 299.71 259.30 275.46 325.37 402.92 426.17 464.97 558.24 667.71 815.18 924.33 1055.61 1127.05 1126.12 947.25 735.49 611.05 633.68 559.06 522.15 535.96 452.30 322.79 208.40 157.86 145.27 140.89 134.72 134.31 136.69
151.22 140.78 145.20 162.78 168.31 193.65 229.20 232.60 230.12 230.79 223.14 219.41 206.49 206.73 197.49 194.88 190.80 203.29 236.31 234.41 213.72 233.69 237.61 230.16 232.38 230.66 245.25 249.53 233.83 228.75 254.83 237.35 230.91 242.15 241.97 219.91 232.28 329.95 376.84 447.40 500.23 465.08 380.39 360.26 385.15 373.07 377.33 505.72 606.77 678.27 753.41 865.34 994.90 1022.58 784.07 604.57 593.17 665.11 555.49 549.59 592.17 508.23 387.72 225.47 149.45 145.80 141.65 136.34 132.94 126.09
142.68 142.25 145.11 159.84 160.55 165.83 191.75 209.53 213.83 206.78 199.03 193.16 184.53 182.65 179.28 174.22 170.87 164.15 171.28 206.64 221.25 245.90 242.49 242.81 240.95 239.10 254.17 252.03 241.33 240.84 256.25 241.62 249.83 240.56 234.14 216.49 247.69 335.36 379.25 486.77 601.11 576.73 554.94 514.49 447.44 420.54 450.42 514.45 576.20 673.75 697.57 770.51 838.37 839.46 672.35 541.07 500.57 551.01 536.10 506.41 525.52 555.32 466.73 299.52 158.28 134.85 131.47 121.82 112.98 111.10
155.17 149.27 140.42 145.17 155.68 156.19 157.32 166.96 171.25 168.41 165.36 155.86 165.50 165.59 158.55 150.96 144.16 139.58 136.35 175.25 206.56 242.10 244.35 242.95 232.08 240.49 244.51 263.65 267.87 245.63 255.67 232.90 232.82 219.87 232.60 246.96 269.71 288.94 351.88 406.08 446.97 435.36 491.36 466.31 411.54 436.59 462.36 472.83 515.69 571.00 656.76 689.72 658.78 716.57 707.97 681.22 500.92 516.28 497.55 650.17 711.45 713.49 580.29 487.96 246.02 126.56 128.59 129.32 121.89 116.71
181.96 144.43 134.59 129.92 146.34 150.42 151.95 152.59 154.17 156.32 154.35 143.43 122.92 104.19 102.25 109.74 111.73 111.35 123.54 167.25 182.55 205.41 230.33 237.44 227.30 234.49 255.88 262.74 260.58 263.02 254.80 243.26 219.52 212.97 220.06 227.91 250.01 284.98 304.18 322.59 332.83 343.67 349.30 384.66 379.65 391.72 393.27 440.77 464.70 492.88 603.17 619.50 618.84 658.29 738.01 747.54 572.06 625.59 673.88 747.70 749.15 706.97 643.10 571.98 450.12 257.68 218.62 207.72 205.04 204.48
173.66 151.36 125.88 126.20 130.16 140.18 143.70 144.29 141.33 131.53 105.45 84.88 82.52 83.11 83.66 86.42 105.48 105.13 125.29 165.95 169.18 195.14 225.62 230.86 231.00 235.08 244.83 253.40 268.53 264.78 254.75 208.04 178.91 199.06 217.92 226.50 249.77 261.56 287.73 296.26 287.60 267.25 287.32 300.59 338.16 367.43 351.76 378.87 403.08 434.65 464.15 522.16 559.92 586.83 641.92 707.01 712.78 769.45 761.13 802.06 722.34 722.16 682.18 603.18 486.95 525.35 406.68 373.42 305.83 259.95
145.86 134.73 114.10 106.91 111.81 119.23 126.69 106.55 77.29 49.01 43.35 42.90 48.40 47.14 70.10 82.86 84.99 92.75 117.03 148.10 182.06 186.55 206.92 239.41 238.73 239.34 241.82 257.59 224.19 220.06 212.11 194.70 188.64 201.91 214.22 229.36 234.14 261.43 274.97 280.57 253.91 233.50 237.74 259.35 287.39 300.08 324.49 333.51 339.24 351.09 369.86 374.45 424.17 484.74 506.07 550.24 602.03 721.43 773.97 839.10 830.27 727.16 641.69 640.80 790.08 659.61 463.72 353.13 303.81 310.47
131.53 116.92 104.46 101.98 105.29 92.18 66.35 51.12 41.75 40.00 40.30 39.11 37.27 41.08 54.52 63.28 64.87 71.38 99.33 140.15 166.41 159.71 173.19 219.69 233.30 243.36 249.25 250.67 215.00 201.23 203.41 200.10 191.15 190.30 213.62 215.33 226.53 263.51 281.70 282.53 269.38 239.47 217.89 235.83 250.21 249.77 285.81 297.24 294.33 286.44 296.85 314.09 335.10 367.23 417.96 458.30 488.87 585.51 585.19 581.47 660.51 644.56 631.11 569.86 973.51 677.77 449.06 385.85 337.59 346.09
122.69 106.95 99.58 77.84 67.87 56.58 44.65 40.94 40.17 38.65 37.04 36.71 36.85 37.44 37.33 40.87 57.50 60.28 99.30 117.88 127.09 152.95 169.29 185.97 224.55 237.43 235.77 245.63 231.43 203.67 206.84 192.96 197.47 210.81 212.39 199.11 217.14 231.88 244.33 234.20 217.98 207.91 207.36 221.84 226.05 222.77 231.82 242.16 236.17 225.61 236.81 264.47 284.52 309.48 342.18 377.62 388.29 432.85 419.65 436.98 441.64 487.44 534.95 502.86 986.36 1050.83 757.79 454.29 427.13 435.84
110.33 89.75 74.08 62.89 52.23 44.44 41.56 40.18 37.29 36.51 36.67 36.94 36.78 35.84 35.44 35.49 35.47 45.76 84.63 108.86 120.53 147.69 166.53 169.05 190.17 223.21 229.77 227.69 238.22 227.15 211.98 209.39 211.97 208.57 191.55 185.11 185.88 200.03 203.17 208.14 187.04 177.43 182.88 182.15 183.42 192.69 205.33 211.63 208.26 214.40 229.66 239.60 248.86 264.09 280.43 313.41 338.78 335.81 341.10 357.51 398.33 446.65 509.01 571.20 1051.05 1687.42 1241.51 638.88 656.00 601.31
93.99 68.88 55.56 47.99 44.32 41.40 38.05 35.73 36.57 36.83 36.89 36.14 35.39 35.36 35.39 35.34 35.35 46.78 75.20 97.84 119.54 133.55 143.81 142.19 157.04 171.81 210.09 225.88 234.15 227.84 195.16 184.54 181.14 183.24 181.54 185.76 197.93 200.43 204.71 204.35 166.92 146.15 153.25 146.07 155.43 162.51 170.25 171.92 184.87 199.46 208.67 204.68 218.14 243.17 259.24 288.69 306.69 326.57 328.54 339.07 376.78 418.24 481.03 605.88 840.52 999.67 1218.19 1058.11 755.03 645.67
