arc/python_arcpy/Precipitation/APHRO_MA_025deg_1991.txt
ncols	360 
nrows	280 
xllcorner	60.125 
yllcorner	-14.875 
cellsize	0.25 
NODATA_value	-99.9 
[rows 62 to 92 of 280, columns 0 to 69 of 360]
97.96 97.68 95.84 93.79 94.04 93.09 94.33 98.18 101.06 103.08 107.92 109.06 107.82 110.04 116.06 123.58 123.59 122.56 132.56 151.60 167.87 216.74 308.44 348.85 385.08 454.04 504.35 530.56 535.34 550.69 576.41 538.51 567.93 554.49 517.21 624.42 559.27 469.33 353.12 378.46 466.75 553.14 649.39 694.65 714.26 664.56 550.90 608.90 551.49 512.12 547.72 530.82 421.59 312.96 251.77 209.91 198.32 193.29 190.17 200.84 197.31 187.11 169.86 158.41 144.83 134.57 124.90 121.56 117.00 110.69
98.82 98.59 94.09 92.76 90.05 88.49 89.31 92.87 94.56 94.45 97.54 102.30 104.82 107.53 113.60 117.38 119.47 124.41 143.92 153.83 182.93 260.03 315.45 348.74 384.68 440.48 475.64 522.72 598.42 660.39 696.70 744.88 758.79 645.07 886.75 865.24 778.26 765.00 660.74 681.07 766.10 814.80 810.97 807.65 787.13 806.26 744.81 830.91 681.24 568.10 645.22 519.44 340.32 229.06 177.11 166.99 171.69 162.47 163.81 169.14 178.19 168.80 155.72 151.06 142.46 130.26 119.31 110.79 106.64 105.05
98.53 96.86 94.99 92.12 88.44 88.43 88.53 91.23 93.36 94.67 96.04 101.51 104.45 105.95 109.15 112.82 117.59 134.16 148.02 157.31 210.17 274.51 312.35 344.78 388.27 423.05 489.94 604.42 671.60 769.94 747.98 766.46 903.97 942.54 1091.83 990.92 1071.51 947.71 952.36 957.58 953.51 1020.59 1010.18 1021.34 966.83 993.43 980.20 1125.55 1280.00 1022.85 696.61 525.55 285.85 192.53 168.29 154.87 153.61 152.69 149.40 149.28 148.04 154.48 147.11 140.25 136.28 125.14 116.54 108.49 103.32 100.24
101.51 101.05 98.73 94.56 89.58 92.16 94.40 95.07 97.71 97.91 97.57 100.92 107.00 106.13 105.69 107.55 121.96 139.32 149.27 164.86 202.96 264.52 310.78 342.81 371.94 410.54 501.42 694.00 757.57 780.96 718.37 636.93 726.64 825.51 811.85 866.99 880.91 1001.70 1015.70 1056.57 1072.69 1049.19 941.17 850.66 880.73 974.77 990.51 863.31 929.38 889.26 521.96 294.49 224.50 197.64 165.88 154.49 146.13 136.29 134.37 136.54 138.26 129.40 123.82 117.89 124.16 119.44 113.15 106.42 98.54 91.04
111.22 108.88 107.68 101.11 99.04 99.43 98.91 100.03 99.51 97.88 96.62 100.46 102.79 101.84 101.89 110.26 124.48 132.61 146.20 160.18 197.58 257.21 299.85 333.98 366.75 403.44 468.20 574.80 667.59 684.99 636.06 488.92 541.47 646.86 687.06 766.59 818.89 875.04 940.54 1043.37 1062.34 1030.57 853.72 719.39 648.07 599.49 689.04 760.00 683.67 457.21 294.87 241.78 194.05 173.47 148.93 133.49 133.87 134.98 126.81 116.17 118.29 110.33 111.54 102.72 103.79 113.86 107.49 101.54 89.35 79.32
131.90 119.74 117.84 111.27 107.17 104.33 103.20 101.85 101.32 98.08 91.67 90.37 99.66 104.13 116.21 124.42 127.60 135.13 143.50 151.34 172.44 198.92 266.26 292.07 334.06 383.24 478.32 501.98 457.39 446.00 413.04 415.95 489.98 518.74 536.61 537.46 669.84 750.39 805.46 906.10 1073.17 982.74 884.50 825.78 758.59 594.72 660.00 561.77 422.91 349.49 228.27 189.33 167.77 154.85 139.71 125.25 119.49 119.70 115.89 105.93 84.10 92.17 95.84 90.12 93.55 95.58 100.23 93.75 86.31 80.36
183.08 146.84 127.43 121.13 114.83 110.40 108.96 106.89 103.67 100.57 97.66 100.60 109.72 124.69 127.04 128.35 130.48 132.61 143.63 161.43 148.72 170.52 223.41 250.50 282.39 332.53 430.29 363.40 342.23 346.50 340.84 364.55 424.19 439.73 389.19 401.67 501.12 576.85 617.69 757.30 915.63 948.97 846.63 793.55 677.26 561.14 460.92 439.41 422.03 314.99 213.15 166.32 154.93 142.06 133.55 126.25 117.71 112.24 107.07 97.08 59.29 62.09 78.57 80.08 78.08 81.95 82.65 81.84 81.13 78.92
180.14 165.28 165.49 140.27 122.85 119.13 118.85 120.28 121.82 123.62 124.73 129.10 127.70 129.12 130.95 132.73 134.54 135.39 146.90 172.82 166.27 171.15 200.96 198.56 207.14 250.50 303.31 258.27 249.69 279.81 305.05 315.14 321.85 322.61 313.87 334.40 435.29 457.66 554.20 683.11 798.57 860.59 839.55 730.32 621.56 625.83 472.06 352.04 333.86 238.11 190.59 159.76 158.56 142.56 124.44 119.90 110.08 106.96 97.88 83.79 61.67 57.72 67.01 73.98 76.43 79.59 84.33 85.91 78.12 77.24
195.02 172.78 167.89 162.89 155.06 132.85 123.01 130.31 143.98 150.49 144.69 141.99 140.19 139.19 136.33 137.69 138.72 140.13 148.55 190.49 193.16 186.37 200.39 178.16 185.89 197.89 210.38 219.52 227.79 233.33 240.71 260.31 260.71 295.60 303.60 339.29 430.60 431.35 503.83 680.26 813.17 869.52 791.24 646.98 505.03 489.44 393.49 311.51 259.67 213.00 195.83 167.21 152.18 138.75 121.22 115.22 108.45 99.39 88.99 80.93 74.46 65.18 70.38 68.37 75.29 78.72 80.93 77.26 73.17 70.70
231.60 205.85 174.94 168.77 159.72 155.44 153.18 151.42 148.07 152.24 153.67 153.47 152.42 158.27 168.53 175.90 175.30 174.74 178.80 202.14 205.82 208.57 208.77 199.88 191.46 196.48 208.77 216.22 226.47 231.80 229.75 236.32 232.69 279.23 297.07 340.02 376.38 423.43 495.47 666.23 679.19 702.26 625.00 598.90 436.07 374.97 328.97 277.68 273.25 237.01 192.06 184.71 166.98 139.90 120.71 107.07 103.43 99.96 91.66 82.08 74.55 73.06 75.97 74.66 82.97 82.62 76.77 65.78 69.48 69.46
271.97 230.28 194.48 182.13 169.95 169.26 162.60 165.05 174.00 171.73 175.08 181.29 198.66 211.61 211.32 206.88 200.32 200.39 198.49 216.63 220.01 230.87 218.13 212.82 205.29 197.39 206.53 214.15 226.16 230.95 232.05 230.53 237.12 281.24 312.56 337.06 367.58 434.97 494.88 564.81 600.58 616.71 618.46 520.88 477.02 399.01 295.92 277.43 243.90 235.73 218.87 176.94 169.37 136.52 131.03 111.97 108.45 95.74 87.17 77.99 80.37 92.77 88.05 88.61 91.17 86.29 86.35 79.18 78.78 84.46
275.73 252.38 236.91 222.83 201.33 207.57 211.71 215.53 221.49 222.29 231.83 234.47 231.63 236.75 234.16 226.03 219.63 223.30 218.16 233.99 249.91 254.75 246.70 218.33 214.96 204.65 225.96 229.97 260.48 291.10 277.65 270.13 277.89 288.88 329.46 336.94 374.37 424.65 517.61 603.28 639.86 635.59 653.68 562.09 522.72 390.04 298.39 311.20 322.57 266.60 228.79 189.83 166.07 139.94 129.36 108.84 103.10 91.61 82.20 82.64 87.21 89.66 88.48 89.09 85.06 88.57 90.11 90.83 97.81 97.34
268.54 267.35 257.10 244.95 230.47 232.32 240.26 241.07 241.90 246.29 251.03 267.55 273.22 271.58 271.68 265.21 247.59 241.55 247.11 255.03 266.55 272.71 257.65 233.18 228.43 231.26 232.30 241.43 280.62 319.88 299.69 285.42 319.02 315.69 318.11 347.83 419.39 492.85 614.27 608.27 636.76 738.33 681.78 661.19 593.48 492.89 492.58 404.22 366.20 338.25 268.38 217.48 180.64 153.30 121.63 118.67 113.72 103.01 101.45 95.13 97.25 89.95 92.24 93.16 88.76 91.63 90.45 93.05 98.25 101.33
259.88 272.91 264.22 256.82 255.68 249.63 252.64 252.65 263.80 272.11 266.93 288.97 290.20 284.29 286.13 275.00 261.51 248.25 268.06 284.47 272.90 276.84 276.89 263.84 251.44 247.20 238.67 243.30 260.79 280.23 301.45 319.99 324.53 343.17 306.14 354.18 414.39 560.00 581.45 701.35 720.30 804.36 821.26 747.86 610.41 586.75 604.92 560.41 493.52 335.53 307.18 248.13 192.63 147.90 136.72 124.16 121.12 117.12 130.11 126.05 135.44 127.68 113.68 99.57 97.16 94.56 95.61 93.38 94.59 98.69
285.78 268.59 252.23 252.97 249.99 247.66 263.42 278.18 282.11 285.89 288.74 272.24 283.73 289.61 286.68 280.63 277.20 268.01 285.64 285.63 278.72 275.85 288.31 291.44 262.46 250.69 250.92 266.07 277.61 279.91 324.55 343.45 355.87 379.87 312.12 372.45 487.59 584.56 647.57 763.11 798.24 825.58 898.65 737.82 706.22 684.54 712.71 676.52 554.93 408.95 350.99 286.08 207.35 153.31 146.76 133.26 129.80 146.17 154.54 161.09 183.66 169.18 161.93 149.29 137.52 122.55 104.14 98.51 95.80 94.32
267.12 254.24 241.81 232.10 223.83 238.53 269.48 275.82 289.79 292.02 292.71 295.06 295.58 293.46 292.82 283.33 281.31 285.34 298.09 293.24 282.99 277.75 280.54 289.31 285.02 297.61 280.56 285.07 318.23 326.46 331.12 327.77 433.77 373.08 359.98 405.38 515.28 625.60 838.08 866.30 817.44 813.78 855.40 845.39 779.36 841.24 807.16 766.92 696.45 569.54 462.93 367.36 281.06 177.68 144.44 137.57 151.53 163.23 175.96 190.63 202.40 187.96 171.65 164.38 161.44 125.99 111.91 109.05 108.32 107.62
265.02 235.63 221.37 227.58 224.46 232.10 261.98 282.21 294.63 305.34 305.59 303.67 304.47 300.53 292.54 287.00 281.08 286.38 303.26 294.55 297.90 287.88 283.75 285.75 298.67 279.60 304.16 328.92 324.31 338.72 317.35 318.85 335.51 403.10 561.33 664.90 752.97 816.37 810.71 859.86 927.69 827.25 941.03 898.64 927.78 1060.11 1129.43 1126.31 1053.77 792.95 732.41 512.08 461.29 299.53 177.98 156.98 154.47 164.26 196.03 274.82 242.84 216.09 173.25 157.61 155.80 127.81 126.03 123.03 121.07 119.11
255.25 238.91 213.01 218.18 224.64 234.70 251.82 282.11 292.85 304.73 311.75 313.40 313.30 305.93 293.17 280.00 275.85 283.76 297.58 294.88 279.37 289.90 283.41 286.72 299.58 278.17 314.73 331.16 326.28 349.61 277.09 342.42 417.86 561.45 615.69 620.36 606.59 584.11 795.28 855.93 858.01 792.74 933.08 988.80 1055.20 1114.86 1321.77 1583.94 1340.74 1171.20 1108.99 1014.94 852.83 435.09 304.61 239.29 211.32 183.26 164.50 324.49 298.15 245.58 201.11 170.30 147.93 129.84 130.28 133.69 134.69 134.16
266.21 245.55 239.55 235.13 238.84 245.42 274.98 290.32 296.52 301.49 307.07 310.43 304.28 292.47 284.45 282.18 270.95 274.03 288.82 298.61 290.93 279.03 281.48 288.15 301.29 299.20 298.57 325.78 329.49 354.51 351.22 358.34 428.05 483.28 483.53 619.83 505.42 518.84 567.10 751.27 716.69 689.77 1031.81 965.04 883.67 1064.48 1193.17 1331.96 1391.18 1336.70 1421.26 1406.65 1151.16 690.78 667.91 481.82 403.24 358.76 301.05 348.39 369.90 293.61 242.23 161.91 136.02 133.08 137.38 140.94 141.73 140.51
262.96 260.33 252.14 245.39 247.61 252.66 282.02 302.05 309.54 308.25 300.33 294.61 290.65 282.02 276.58 270.13 263.81 263.80 269.32 271.59 263.22 269.67 284.61 278.00 278.90 281.58 311.76 307.37 344.38 388.25 406.71 442.67 467.77 508.74 598.02 612.61 456.56 529.18 503.22 531.38 473.68 529.70 633.04 709.80 821.63 771.20 961.92 993.38 1109.65 1464.38 1493.60 1534.45 1505.30 1332.90 1030.00 898.57 737.24 699.49 534.57 483.49 467.62 361.20 264.58 180.03 150.56 144.17 148.11 139.81 138.68 139.57
260.62 249.03 251.24 251.22 249.00 253.00 265.80 295.29 306.67 308.56 310.56 310.63 311.99 300.25 287.32 266.04 263.85 256.40 254.31 268.06 252.70 254.89 274.18 290.98 294.52 299.34 311.50 320.60 331.53 346.30 346.77 359.80 406.20 479.92 501.26 485.22 448.68 532.36 591.36 553.12 505.58 421.19 438.85 504.82 603.23 631.48 668.88 758.22 919.75 1176.01 1353.60 1535.54 1636.23 1616.72 1313.05 958.18 834.50 829.74 691.16 580.31 556.18 447.33 317.10 206.02 161.43 147.90 144.98 142.00 141.06 146.00
264.00 236.68 222.66 234.00 234.39 250.57 284.89 279.96 293.65 303.34 305.59 305.60 297.81 289.07 281.13 280.50 276.55 268.14 254.72 251.37 241.63 252.54 260.17 273.93 286.50 293.68 325.86 363.01 368.62 384.60 442.28 411.08 413.51 439.55 447.36 463.15 449.03 596.22 630.31 701.02 721.17 684.64 594.09 553.06 567.90 534.60 541.49 647.03 782.38 938.75 1066.87 1277.86 1484.36 1526.87 1145.95 877.55 858.24 948.81 732.97 697.69 672.14 536.16 392.47 233.03 150.40 146.97 149.20 156.09 158.26 158.55
245.72 236.98 234.33 249.09 245.41 246.44 263.36 289.62 315.47 317.38 320.57 309.44 289.76 294.23 297.80 314.06 316.81 308.07 276.37 244.08 244.31 254.66 256.29 266.29 284.34 339.65 362.73 364.98 371.32 397.80 432.94 426.48 450.54 446.05 451.55 440.62 469.44 585.31 577.84 650.82 735.58 789.38 793.00 721.50 628.14 546.96 568.78 672.10 757.52 936.28 990.76 1139.32 1280.16 1318.39 1017.29 823.13 765.79 823.55 738.81 668.50 669.99 662.60 551.32 348.64 178.18 160.23 160.88 158.40 156.51 156.24
248.68 240.16 235.74 253.16 283.91 273.73 270.63 281.18 288.90 290.49 299.78 293.61 301.88 309.30 315.27 307.90 289.97 274.65 254.04 236.19 236.18 258.05 273.56 312.09 298.40 323.26 334.59 369.65 405.99 387.32 424.02 403.96 410.92 407.36 433.03 457.40 482.16 523.83 576.29 587.88 624.73 593.62 668.37 633.91 556.38 580.17 608.44 642.34 691.84 773.91 909.61 1017.80 1030.55 1095.29 1055.38 961.18 736.56 800.24 751.98 884.91 929.46 960.27 757.20 638.70 314.52 166.40 178.14 187.38 172.84 168.66
258.98 243.53 252.72 264.16 276.39 272.96 276.98 275.44 273.51 275.66 279.26 273.68 261.92 257.05 262.48 263.85 261.96 264.83 250.92 238.13 237.49 265.54 287.62 298.38 287.79 304.39 338.51 379.01 385.55 390.07 401.29 412.49 378.20 364.53 392.34 420.04 461.26 512.92 512.82 503.07 511.68 511.85 466.35 481.72 461.86 478.02 495.98 559.52 602.47 677.15 811.95 908.11 936.42 983.70 1074.35 1046.59 835.34 940.71 1021.55 1100.37 1129.87 1019.02 940.64 852.63 663.71 385.93 331.54 318.73 313.58 305.43
257.78 265.97 257.42 265.08 264.76 266.92 269.34 271.02 264.17 249.65 219.54 204.34 214.18 217.05 227.91 243.12 258.47 243.67 232.51 219.36 218.33 271.07 284.80 285.12 289.61 302.00 326.47 338.17 375.24 369.58 365.28 306.44 285.34 327.98 376.31 401.04 466.60 476.15 504.21 506.64 493.47 404.92 402.67 397.66 415.83 442.64 419.13 452.16 500.64 543.45 578.66 662.02 754.94 849.14 932.34 1038.03 1069.69 1142.60 1136.69 1247.72 1136.12 1099.70 1052.33 961.09 754.87 812.92 635.04 589.28 497.34 405.35
267.74 273.97 258.58 252.85 244.35 248.32 250.93 216.58 172.35 135.68 127.92 122.01 129.82 134.18 192.20 222.29 216.98 226.85 208.88 194.68 222.55 251.12 267.51 280.94 293.75 291.62 291.18 338.34 303.49 295.35 297.82 285.26 283.33 318.10 347.62 380.35 400.53 448.87 477.86 489.84 436.34 351.55 325.31 339.25 366.52 360.22 370.01 377.30 374.19 395.93 445.68 472.86 542.98 626.26 661.84 770.18 868.55 1006.49 1130.11 1301.40 1321.29 1166.65 1014.94 993.64 1348.28 1065.24 775.67 647.77 534.47 501.71
285.37 291.84 274.22 256.15 244.46 197.87 144.09 127.98 117.86 115.86 118.51 119.49 115.87 123.95 156.76 192.78 210.59 214.02 192.86 202.92 206.96 241.45 247.06 257.94 265.03 288.66 307.93 310.28 285.48 283.73 284.97 283.54 279.76 287.12 343.14 353.32 373.02 426.87 456.68 442.08 423.82 333.01 273.22 283.92 291.01 279.15 306.45 317.65 320.73 299.45 333.96 366.60 401.82 438.17 501.54 558.03 627.71 802.48 851.53 900.31 1054.39 1061.28 1019.19 1031.99 1870.36 1360.07 855.68 728.03 597.18 555.38
302.03 304.70 295.16 210.85 160.69 141.85 126.67 115.96 107.34 106.56 110.52 110.94 110.09 110.94 111.67 123.21 188.47 169.08 181.09 175.48 182.02 236.66 262.21 272.67 282.36 294.67 297.43 309.90 311.82 289.69 284.31 277.36 282.13 301.39 328.46 319.71 351.62 368.79 373.02 328.03 280.46 237.73 232.34 244.10 245.15 237.17 240.74 248.06 245.16 228.78 235.66 270.37 292.74 331.03 376.02 425.92 461.77 579.94 612.52 666.82 708.93 790.87 876.54 1058.67 1965.23 2281.72 1461.04 842.75 785.22 720.18
316.16 277.00 219.88 164.61 145.43 131.56 120.93 113.90 108.45 107.71 108.12 109.03 109.24 109.39 108.70 107.96 107.92 110.47 135.96 160.00 178.50 234.55 253.97 262.36 274.20 286.68 295.78 304.41 330.97 313.48 288.87 282.49 281.69 282.99 287.81 293.07 299.37 317.45 300.69 289.64 221.42 192.65 191.32 185.62 185.09 193.11 201.11 200.69 196.51 189.70 168.86 204.24 238.86 260.86 289.17 336.47 380.24 427.35 463.06 514.51 575.19 648.83 767.95 964.92 1725.53 2509.73 1668.04 902.74 914.86 788.57
300.02 215.23 167.02 148.44 134.07 124.44 117.71 111.33 106.66 104.21 103.51 104.09 104.93 105.39 102.17 101.93 101.31 95.49 99.88 129.86 169.34 217.55 226.77 229.60 252.50 269.32 292.92 323.46 325.47 325.23 285.32 275.14 277.45 283.20 287.33 299.11 317.38 322.06 320.70 304.35 207.19 158.64 155.56 134.49 145.21 157.85 165.93 169.39 166.41 163.06 158.25 166.45 199.13 238.73 261.46 297.82 339.27 384.96 409.42 438.49 495.28 566.79 642.71 820.02 1132.53 1239.45 1335.94 1030.37 793.38 689.43
