arc/python_arcpy/Precipitation/APHRO_MA_025deg_2000.txt
ncols	360 
nrows	280 
xllcorner	60.125 
yllcorner	-14.875 
cellsize	0.25 
NODATA_value	-99.9 
[rows 31 to 61 of 280, columns 0 to 69 of 360]
135.72 135.59 136.49 133.71 130.61 126.21 120.74 114.39 110.38 107.23 105.12 102.59 99.87 96.05 91.71 87.89 86.33 83.30 80.00 81.41 84.22 88.71 88.06 86.42 89.29 92.07 93.48 93.87 100.77 101.63 104.11 106.67 108.56 114.34 119.27 123.17 126.97 130.72 137.26 141.63 145.40 149.34 153.62 156.41 155.00 161.59 161.83 160.83 164.92 160.35 150.96 149.05 152.95 152.83 153.09 153.38 151.17 149.43 149.25 145.68 139.24 133.61 129.47 127.55 125.29 124.63 123.84 119.98 110.53 96.03
120.65 118.09 116.17 116.31 114.54 117.06 123.86 114.78 106.36 101.91 98.48 95.73 93.23 91.08 87.62 84.82 82.29 77.93 76.24 76.59 77.08 75.80 77.54 80.26 83.88 84.85 85.18 85.37 90.52 95.27 97.80 99.14 102.69 106.04 112.39 118.69 122.75 126.59 132.45 136.78 140.69 144.08 148.27 147.88 147.29 149.85 153.56 155.15 151.10 145.54 142.37 141.12 136.36 134.48 135.65 135.83 135.24 133.78 130.71 125.12 119.92 121.99 122.81 122.99 121.55 121.30 118.94 118.31 112.24 108.38
105.68 104.17 103.35 103.29 106.59 108.60 110.05 105.41 100.20 96.22 92.08 87.19 84.00 81.65 80.31 78.69 76.17 74.84 74.33 74.50 72.57 73.16 73.37 72.80 73.75 78.37 79.84 80.31 82.65 90.99 94.65 93.69 92.96 96.76 106.80 114.42 118.64 121.89 126.40 131.74 134.58 137.32 140.75 142.09 142.17 145.65 145.81 139.74 137.61 136.41 133.44 132.82 129.32 127.49 126.60 126.63 127.59 126.08 122.53 -99.90 117.67 115.66 117.41 118.04 120.14 123.38 121.78 118.98 121.44 126.03
98.16 95.90 94.13 93.57 95.65 94.92 93.67 91.84 89.14 85.75 82.29 78.27 75.93 73.19 71.41 71.81 71.66 71.50 71.17 71.41 69.37 71.96 72.25 71.15 72.44 75.13 76.34 76.95 77.62 84.68 92.99 93.51 94.25 98.81 104.23 110.72 116.56 119.75 124.09 129.28 131.35 133.07 135.19 136.33 137.11 135.23 136.26 134.61 132.72 129.19 125.51 127.48 124.19 122.99 122.28 122.24 122.42 121.51 -99.90 120.24 120.26 119.43 117.57 117.57 121.14 123.99 125.83 128.52 133.01 138.73
87.90 86.73 85.76 85.21 85.50 86.08 83.96 79.73 77.11 75.20 73.00 72.08 70.85 68.64 68.01 69.60 69.62 69.25 68.87 69.67 68.15 68.41 70.20 70.21 71.80 74.16 74.79 76.22 76.83 80.43 87.52 91.48 93.59 98.63 103.04 106.12 110.46 116.59 120.83 125.85 129.74 131.88 131.60 131.48 130.55 132.31 133.97 133.08 131.01 128.36 122.42 119.85 120.44 119.06 116.44 118.39 -99.90 120.94 120.16 120.64 120.79 119.79 119.87 115.85 121.29 128.15 130.68 138.26 143.26 147.90
83.44 82.02 81.05 78.89 75.12 74.66 73.87 70.63 66.68 66.91 67.58 67.74 66.47 65.85 65.68 67.32 67.60 66.42 65.46 64.82 64.74 64.80 67.18 69.55 70.74 72.94 73.60 75.45 76.14 77.22 81.79 86.50 88.70 93.43 98.43 101.43 104.58 111.16 114.92 118.39 124.19 128.09 126.88 126.80 129.64 131.07 131.20 129.59 126.44 122.57 118.45 117.33 116.24 115.83 113.05 -99.90 114.70 116.91 120.55 118.72 117.71 118.55 119.61 121.11 128.94 132.29 140.20 147.00 146.80 154.78
77.30 73.74 72.48 70.06 69.24 68.42 66.82 64.57 61.73 62.21 63.51 63.94 63.33 62.95 63.12 64.31 64.00 62.73 62.71 62.30 60.81 62.35 64.20 69.07 69.48 70.77 71.97 73.24 74.47 77.29 82.19 85.38 88.89 93.63 98.77 102.20 105.04 111.12 114.23 118.25 121.98 123.16 125.26 128.93 130.33 128.70 127.80 124.07 123.12 121.93 119.09 117.00 115.10 112.90 111.60 -99.90 109.18 110.27 112.74 116.37 122.00 123.46 124.01 128.03 138.40 143.56 153.76 156.50 158.46 170.28
-99.90 68.83 67.58 65.35 64.52 64.17 63.59 63.13 62.57 60.39 60.98 61.79 61.53 61.36 60.89 61.36 60.64 60.15 60.26 60.04 58.60 59.33 62.84 66.35 67.79 69.01 69.99 69.78 72.04 76.93 81.64 85.47 90.03 95.60 98.27 100.12 101.93 106.08 108.91 115.63 120.59 121.80 127.53 129.10 128.22 126.58 121.72 120.91 123.84 127.45 121.95 118.14 115.92 115.53 114.63 113.28 110.85 112.21 114.38 118.15 124.85 129.42 129.13 134.04 145.30 158.01 164.24 170.01 176.08 187.52
-99.90 65.34 62.09 59.36 57.86 57.74 59.90 60.69 59.34 59.32 60.32 61.51 61.91 61.12 59.57 57.72 58.26 58.29 58.87 58.85 57.93 58.14 61.03 64.14 66.49 68.02 70.12 70.36 72.98 77.03 81.59 84.82 90.15 94.56 98.65 100.89 103.70 108.16 111.50 117.45 119.35 124.06 126.04 125.73 125.20 125.60 123.36 120.79 120.89 121.68 120.82 118.49 116.72 115.99 115.85 118.39 116.60 114.20 116.64 119.04 122.29 124.98 135.95 142.54 153.79 163.79 172.35 177.44 189.51 200.07
-99.90 55.74 51.05 49.45 51.71 55.69 56.82 58.23 57.46 57.81 59.05 60.51 62.68 60.61 57.69 56.02 57.02 56.86 56.41 57.04 57.36 58.32 59.99 61.41 63.90 66.57 68.81 71.75 73.74 76.26 81.43 85.78 91.28 95.82 99.92 102.62 107.32 111.91 115.58 121.09 122.54 124.04 125.23 126.78 127.93 123.01 122.48 121.24 119.65 119.80 119.40 118.07 117.65 116.41 115.47 116.23 115.81 115.67 118.10 120.27 122.72 128.45 140.89 144.89 155.50 166.10 173.96 183.08 191.19 201.29
-99.90 54.76 48.58 39.30 42.26 49.49 52.10 54.97 54.45 54.94 55.83 57.95 58.42 56.83 55.50 54.89 55.70 55.35 55.43 56.14 57.10 58.35 59.15 60.71 62.77 66.05 69.27 72.48 75.65 78.29 80.68 87.13 92.61 98.69 101.85 107.80 112.84 116.32 118.19 119.90 122.81 123.93 125.55 127.86 130.48 127.61 125.20 124.47 122.47 120.81 121.63 122.15 119.40 115.53 112.51 111.29 112.82 115.01 117.09 120.66 124.63 136.48 148.53 155.98 160.24 163.94 176.08 187.11 194.28 220.62
61.98 57.77 53.37 49.11 49.05 51.76 53.60 52.98 51.61 52.26 53.24 54.12 54.12 53.73 52.71 52.43 53.09 54.26 54.67 55.79 57.20 57.94 58.43 60.85 63.44 66.64 71.25 74.56 77.55 80.05 82.03 87.60 94.38 102.64 113.13 122.54 128.23 125.86 130.80 132.55 132.06 133.42 130.32 129.66 130.88 131.81 130.80 129.19 127.36 125.90 126.57 129.59 123.34 114.34 104.08 103.42 115.58 121.87 127.37 131.23 134.24 141.63 153.96 158.19 164.86 172.87 175.62 186.69 221.43 256.44
65.65 63.69 61.37 59.00 56.19 55.84 55.34 54.25 52.87 52.64 51.09 51.14 51.07 50.21 50.36 51.22 52.10 54.49 54.70 55.14 56.33 57.22 58.13 60.76 65.63 68.49 71.88 75.44 77.92 79.81 84.76 108.31 118.28 109.76 120.65 132.92 140.09 134.03 135.73 139.43 140.98 143.58 144.23 142.94 141.37 145.63 140.28 137.86 136.56 133.99 140.82 143.22 134.94 123.98 113.48 116.48 143.69 160.10 159.36 157.68 155.26 165.23 174.56 176.00 188.67 196.41 204.29 222.30 255.39 248.10
71.37 69.45 66.34 64.46 62.87 60.27 58.36 55.25 52.92 51.07 48.59 48.98 47.85 48.28 48.82 51.03 52.54 54.34 54.10 54.25 54.61 56.05 57.62 60.76 66.01 68.09 69.88 75.24 77.57 81.51 92.87 132.34 158.62 194.56 211.36 202.97 164.79 170.50 172.15 158.55 149.70 148.32 147.85 145.73 150.82 157.54 158.85 157.65 153.48 156.56 166.55 170.72 172.34 174.32 165.96 176.57 219.55 244.90 233.76 227.93 204.42 195.49 198.55 208.34 223.65 234.86 267.34 336.92 365.04 336.73
74.42 72.50 70.76 67.64 66.48 64.30 60.37 54.43 52.64 51.25 50.11 48.59 48.45 48.98 48.81 50.38 51.52 52.52 53.01 53.42 53.94 56.03 57.91 62.27 66.47 68.91 69.97 74.78 79.52 84.84 91.95 133.57 158.56 201.98 248.49 306.56 248.35 222.37 232.25 183.22 166.54 163.71 162.34 157.89 165.09 167.16 166.84 170.90 182.23 192.07 200.63 206.82 204.35 215.77 230.02 257.98 276.29 283.83 286.14 299.64 291.19 242.12 233.49 233.46 261.72 365.53 438.10 497.14 560.09 483.04
76.89 75.04 73.45 70.11 68.99 64.06 59.64 55.16 54.29 52.43 51.75 50.81 49.27 48.68 48.44 49.12 49.64 49.66 51.22 53.00 55.87 56.36 57.99 63.35 66.70 69.13 70.81 75.84 79.58 84.47 102.47 124.75 137.94 182.31 225.34 265.29 280.74 274.44 265.82 244.79 220.25 181.77 178.83 187.65 201.99 205.35 197.72 219.58 230.00 222.03 217.98 218.82 229.62 258.01 264.93 275.89 288.08 315.91 319.35 344.58 342.31 328.56 322.03 311.86 370.06 443.67 579.22 746.84 766.74 678.02
80.33 78.29 77.92 75.10 69.97 61.89 59.00 55.77 52.88 50.60 50.74 49.15 48.11 48.41 48.92 49.02 47.80 46.67 49.31 51.09 55.13 56.92 58.77 66.69 69.46 70.50 72.19 76.27 79.84 81.24 99.65 120.09 133.76 179.18 214.37 241.60 263.41 282.65 286.53 312.88 327.07 300.53 272.03 260.23 255.17 246.10 229.85 236.91 233.17 236.20 238.30 239.82 272.78 287.90 299.13 307.06 325.12 334.19 347.17 358.19 342.53 348.45 333.66 329.13 400.67 476.43 620.79 791.55 854.44 829.10
83.96 82.60 83.23 83.23 75.32 70.37 66.54 60.36 55.77 53.55 51.99 50.53 49.74 50.60 50.90 49.64 50.52 50.98 51.53 51.97 54.42 58.50 62.83 66.74 70.11 74.03 74.60 77.91 72.29 75.70 88.08 99.98 115.33 147.28 197.60 233.06 260.16 288.13 331.17 378.00 411.08 422.24 403.40 364.47 357.95 298.23 265.75 264.66 261.90 273.01 252.70 283.48 311.72 331.20 349.29 356.69 358.68 362.26 373.36 376.25 376.90 365.02 351.76 319.22 389.47 516.32 681.09 779.22 798.71 772.73
85.20 84.22 83.39 78.49 73.65 68.67 66.01 61.40 55.84 53.83 52.78 52.42 51.51 51.27 52.44 52.75 54.34 55.54 56.61 57.18 58.37 64.59 68.05 71.20 72.85 72.85 76.46 81.03 87.60 90.17 97.26 110.08 121.57 148.03 192.24 239.43 267.05 320.94 372.49 426.14 463.33 496.76 478.88 441.85 419.11 369.52 281.45 256.96 270.80 312.48 336.56 359.44 390.41 426.73 438.51 452.58 461.38 477.30 461.69 420.89 393.46 368.26 344.50 294.97 313.72 336.04 395.79 400.61 399.82 447.81
85.81 83.36 79.29 77.12 72.30 66.77 64.42 62.25 56.45 52.55 51.43 51.97 51.17 51.77 54.38 56.94 58.18 57.76 58.85 60.88 62.81 68.93 72.59 73.41 77.15 78.38 80.53 87.02 95.13 99.39 109.38 117.53 131.50 158.83 216.02 249.49 285.72 336.23 406.12 466.21 534.96 555.24 578.52 578.58 507.15 447.39 388.87 322.61 277.42 317.15 354.11 390.03 438.79 484.39 540.14 545.58 511.95 511.81 502.30 498.75 451.17 382.78 334.87 269.09 219.81 234.47 261.45 -99.90 -99.90 -99.90
84.04 80.26 78.09 75.21 69.21 66.29 63.61 60.99 58.02 52.39 50.80 51.87 52.00 52.32 56.85 58.81 62.53 62.98 63.44 65.01 66.40 72.16 75.46 75.72 77.01 83.55 88.82 89.71 95.01 100.10 109.37 121.06 137.93 180.04 248.64 276.63 316.08 381.76 441.44 497.10 567.26 572.67 587.28 592.43 519.98 457.71 422.81 425.40 399.31 365.04 394.52 401.22 461.17 457.80 467.77 476.31 459.82 453.51 401.59 381.29 382.95 320.05 299.53 324.08 360.34 323.81 302.70 311.01 324.30 352.65
82.37 79.85 76.97 71.22 67.42 64.82 62.99 59.93 54.92 46.14 45.32 50.93 54.04 56.28 60.15 61.59 66.20 66.46 66.51 69.49 71.67 74.40 75.25 80.52 83.33 89.70 92.53 98.71 98.28 108.59 123.83 135.46 158.15 224.28 257.76 296.50 341.57 398.71 452.51 535.39 585.89 547.74 512.28 434.30 394.98 382.48 437.87 378.65 384.41 393.92 322.85 287.97 341.73 406.77 400.56 459.60 437.29 328.84 308.28 334.91 348.33 347.25 341.08 365.30 375.33 399.16 414.35 412.92 402.58 419.69
81.51 80.08 74.06 68.33 66.22 64.42 61.99 59.26 54.93 49.93 49.06 53.11 55.99 59.26 63.61 66.53 68.85 69.52 72.61 75.72 77.91 77.71 82.56 92.24 95.60 101.10 101.47 110.00 112.81 123.33 135.86 156.39 174.72 219.84 260.10 299.60 332.37 389.74 475.24 567.01 632.61 597.36 482.13 387.80 308.03 334.06 375.89 350.36 357.46 387.73 377.24 470.36 470.51 542.59 532.81 470.18 422.51 404.84 366.00 329.73 321.03 335.99 341.26 345.50 371.79 372.87 368.36 374.84 391.52 400.90
78.89 76.51 72.11 67.83 64.06 59.97 60.55 60.71 59.00 58.43 58.17 58.85 59.87 62.99 67.19 71.18 73.27 73.56 75.62 79.49 82.11 86.84 96.24 102.28 112.04 119.02 124.67 132.37 136.40 142.01 160.74 171.62 192.90 226.34 260.40 283.49 316.26 355.80 435.49 566.74 647.56 645.75 515.32 385.90 239.46 207.85 236.23 255.59 303.42 368.67 442.93 538.12 505.98 583.17 584.22 527.84 468.84 397.50 333.56 303.33 299.59 304.92 318.92 353.84 352.59 346.64 352.84 367.08 364.16 379.42
74.20 74.36 71.79 68.56 64.28 58.88 62.76 64.21 64.03 63.52 63.38 63.70 64.13 67.09 72.47 75.19 75.75 76.25 80.58 84.84 87.55 98.42 108.14 112.76 120.07 132.85 159.22 158.39 164.68 177.58 202.74 214.12 217.53 232.42 262.45 271.74 293.78 322.18 399.92 538.72 577.76 564.96 505.02 429.49 313.92 253.88 193.81 191.29 210.87 334.04 377.43 416.54 462.39 517.69 574.75 591.57 494.58 405.02 330.28 281.88 257.31 267.57 278.41 302.25 314.17 326.30 334.15 350.00 352.71 359.71
72.52 73.63 72.48 70.60 68.94 68.37 68.86 69.16 69.69 68.90 68.22 67.27 68.30 69.75 76.82 77.14 79.85 80.66 83.59 86.83 94.28 107.90 112.55 119.71 132.61 173.49 192.01 192.91 200.67 204.28 211.58 219.72 223.19 231.94 254.95 265.68 279.81 310.07 365.03 431.24 503.23 494.42 370.49 335.30 380.35 258.45 172.64 166.45 180.80 230.13 314.57 326.27 375.90 449.30 485.06 498.52 444.94 372.93 299.42 258.69 243.55 246.83 253.88 281.53 297.10 304.76 317.94 317.53 298.52 300.52
70.73 72.98 72.43 72.37 72.36 72.50 72.69 73.96 76.17 77.77 74.38 72.70 71.40 75.11 79.35 82.93 84.13 81.73 84.43 91.44 107.32 116.85 140.45 163.59 175.37 195.69 218.51 214.82 214.18 218.26 226.97 231.16 230.48 231.69 233.67 241.27 259.19 274.70 361.03 398.00 333.06 210.44 174.24 149.80 170.21 178.38 164.49 166.46 171.63 198.38 257.91 312.52 349.09 378.71 408.05 410.92 384.71 313.74 279.92 248.23 224.07 235.63 239.93 264.42 290.00 302.11 306.24 304.53 289.69 236.99
69.29 69.46 70.58 70.64 71.44 74.20 75.27 75.86 80.95 84.49 78.46 76.44 75.76 79.14 85.99 87.65 87.06 86.05 87.56 98.51 110.11 130.77 170.22 195.54 202.56 213.68 237.26 246.21 247.88 244.50 236.05 238.89 241.26 239.78 242.91 249.14 247.37 238.96 205.84 167.33 154.06 150.22 148.43 142.49 149.81 159.37 168.49 169.83 192.45 219.82 251.31 313.84 344.06 352.75 355.84 383.53 350.79 269.36 251.24 227.20 219.88 222.69 227.67 232.94 256.87 255.45 222.49 178.92 162.29 139.81
69.23 66.15 67.28 70.75 71.84 75.62 76.19 75.85 77.34 78.84 79.13 79.43 79.29 86.02 91.57 90.66 90.16 89.38 90.83 100.43 108.96 131.24 168.59 190.24 203.88 216.22 224.87 236.47 243.47 262.61 261.42 260.89 254.94 252.95 247.01 247.71 230.14 197.31 174.32 167.58 173.94 173.46 158.52 167.61 206.01 276.67 274.62 273.72 264.62 280.36 276.90 275.07 291.40 287.67 284.36 351.57 310.86 259.87 220.75 218.45 199.03 169.78 150.74 148.54 146.34 148.99 135.07 126.84 122.66 122.33
76.16 71.39 69.96 72.50 73.95 75.50 76.38 77.35 77.75 79.50 82.15 85.09 91.89 93.36 93.88 93.18 93.01 92.32 89.77 96.97 106.87 123.57 173.55 195.82 204.55 212.45 221.87 231.54 258.22 266.35 265.64 283.62 280.99 255.51 237.75 223.46 231.11 232.19 234.01 204.93 225.81 216.04 224.54 265.85 302.60 491.75 549.77 528.91 352.26 391.78 370.90 319.88 318.86 283.36 283.89 255.32 233.54 216.35 209.61 183.11 165.58 154.26 141.88 134.61 132.27 126.21 123.96 126.61 120.72 126.13
83.28 84.40 79.87 77.86 76.90 79.11 80.93 81.70 84.65 87.75 88.29 91.36 94.38 93.64 92.67 91.60 91.89 91.25 90.01 98.88 107.08 118.65 160.65 191.85 206.68 228.10 249.50 259.18 266.43 271.09 294.96 322.35 311.23 266.21 239.35 238.53 229.43 235.19 227.23 232.15 257.92 311.96 417.22 383.14 487.46 603.32 559.96 442.88 376.33 318.28 318.46 285.74 272.11 274.30 265.57 226.06 206.25 179.10 170.82 158.53 156.12 151.68 139.34 129.32 113.86 108.05 106.20 101.84 99.81 102.03
