arc/python_arcpy/Precipitation/APHRO_MA_025deg_2003.txt
ncols	360 
nrows	280 
xllcorner	60.125 
yllcorner	-14.875 
cellsize	0.25 
NODATA_value	-99.9 
[rows 93 to 123 of 280, columns 0 to 69 of 360]
54.49 46.96 41.80 37.63 29.32 23.54 22.88 22.68 22.62 22.54 22.75 22.82 22.83 22.76 22.65 22.86 23.29 31.19 42.69 62.84 72.90 83.39 101.71 108.07 134.44 156.38 158.91 168.94 178.15 175.70 170.14 162.01 160.53 159.78 167.33 176.20 215.68 214.27 229.56 254.71 217.08 200.71 203.71 205.28 207.91 213.64 215.72 226.62 249.74 259.12 264.02 285.88 314.36 330.58 340.29 367.58 408.87 462.61 426.24 404.50 488.76 587.25 662.64 788.52 942.72 1026.75 1096.39 1319.62 1208.66 1180.25
42.79 38.26 32.65 26.51 23.84 23.19 22.79 22.59 22.60 22.78 22.81 22.75 22.94 23.23 23.59 23.67 24.38 37.51 48.21 64.98 74.46 80.01 96.01 112.24 138.02 149.02 154.36 162.20 167.30 166.57 162.54 160.10 153.52 153.06 165.42 158.94 189.47 211.29 220.94 228.48 212.27 192.68 194.51 196.06 196.76 199.56 204.69 219.01 235.91 252.05 263.42 297.63 331.48 320.21 337.60 359.11 384.81 395.71 391.64 397.28 467.28 567.50 609.91 656.75 780.40 867.29 1016.20 1213.28 1106.37 1128.54
35.68 33.22 30.29 25.98 23.27 23.07 22.54 22.36 22.65 22.84 23.22 23.81 24.06 24.18 24.23 24.53 29.75 39.53 49.28 61.36 71.33 76.81 97.20 116.85 131.82 143.85 154.77 160.72 163.60 167.51 161.07 155.73 148.74 161.52 153.48 165.24 189.97 210.58 219.28 220.15 206.36 188.50 184.90 189.49 191.25 190.22 198.52 204.39 217.84 244.63 274.03 308.71 312.65 313.88 316.19 340.83 354.81 357.98 380.64 379.71 423.62 483.61 522.29 589.59 691.77 820.10 1024.55 1264.32 1318.39 1234.20
36.12 32.83 29.43 26.31 23.31 21.26 23.23 22.52 23.34 23.76 23.98 24.02 24.07 24.19 24.20 27.90 30.95 38.54 44.02 54.86 67.76 82.22 100.99 117.61 128.31 141.80 158.00 159.81 159.80 164.32 162.95 166.86 155.41 148.62 153.45 171.98 193.17 211.43 220.88 221.44 214.02 193.65 184.71 186.28 186.51 188.72 195.63 201.37 206.98 227.98 263.83 310.56 304.33 299.24 306.74 310.48 318.19 331.15 368.89 367.97 374.47 415.17 497.48 577.66 660.50 755.02 896.27 1288.00 1393.50 1371.94
35.69 32.23 28.43 27.79 27.06 22.61 22.14 21.22 22.00 23.02 23.37 23.73 23.68 23.62 26.43 27.07 29.36 38.19 40.56 54.06 72.82 89.00 104.22 119.85 127.95 145.39 153.96 158.04 159.82 158.94 158.16 165.40 157.90 142.34 155.23 183.14 199.67 213.57 218.23 212.88 209.81 198.30 185.08 181.40 181.95 185.62 192.65 192.86 202.11 220.13 244.37 284.69 294.05 289.55 289.92 293.34 295.97 309.29 340.82 336.64 343.36 395.35 497.98 561.22 569.91 666.99 772.18 932.96 1277.57 1738.07
41.55 37.99 31.62 29.53 33.35 27.81 24.89 23.33 21.55 20.78 21.63 22.16 20.89 23.18 27.70 27.66 32.13 38.37 40.34 52.59 71.76 89.31 108.79 118.32 128.92 143.21 151.53 165.77 162.96 154.85 155.71 169.02 156.08 152.16 164.97 188.38 193.24 214.93 225.05 225.15 219.85 195.12 178.41 175.57 169.90 172.85 191.93 194.37 203.73 215.42 233.04 251.01 264.05 282.35 289.09 294.45 294.01 302.71 330.07 324.41 315.58 380.84 491.04 526.09 520.70 607.51 738.44 809.49 885.34 1159.71
43.41 42.15 40.20 33.27 28.23 26.60 25.18 24.46 24.22 23.36 20.49 19.14 20.49 27.18 27.58 28.98 32.97 38.73 41.19 54.58 62.16 77.97 98.94 109.89 124.27 136.96 143.76 156.01 155.38 149.08 148.86 164.71 163.35 169.20 186.97 203.30 213.75 230.24 242.14 249.13 221.83 189.00 163.27 153.24 156.23 163.55 193.86 197.79 204.52 213.89 227.92 242.85 261.09 274.67 297.51 296.81 291.59 305.90 347.15 359.78 352.75 391.35 408.26 463.92 444.10 487.79 562.57 623.45 641.25 764.18
44.29 44.16 43.86 40.67 34.56 31.60 28.32 25.83 23.86 21.97 21.25 20.95 25.73 26.20 28.86 31.14 33.96 39.90 48.62 57.51 59.75 65.93 77.12 92.64 115.00 124.49 130.64 135.55 140.31 130.72 136.68 151.99 173.49 185.21 192.37 202.61 226.04 245.77 292.05 283.88 222.48 195.17 182.24 172.20 166.07 168.16 187.04 200.18 203.08 211.72 224.80 236.45 255.84 276.87 300.47 303.87 287.49 300.90 341.60 358.95 359.82 385.86 367.58 391.89 411.82 416.36 416.76 461.19 519.86 611.14
44.61 47.00 46.01 37.59 35.04 36.62 39.72 38.10 29.91 28.00 26.84 30.32 30.74 35.17 38.58 38.48 39.39 47.09 56.12 58.78 60.39 63.46 66.82 78.48 102.67 113.84 120.25 124.03 125.72 118.53 133.69 144.56 153.48 182.83 194.15 208.94 220.89 239.87 264.15 263.60 221.83 211.85 205.73 201.96 186.80 172.51 174.19 192.41 205.93 213.10 223.08 229.83 237.22 245.48 266.09 274.49 278.73 291.31 320.56 328.90 339.61 362.71 350.01 356.56 390.14 352.27 351.72 400.49 463.84 534.80
43.35 52.50 53.66 36.98 33.39 38.23 40.27 33.04 28.18 25.81 26.12 32.39 33.20 40.03 45.78 52.16 50.06 53.31 57.94 58.54 59.51 62.05 65.66 71.44 99.62 106.61 107.54 110.57 108.54 116.72 134.44 138.19 142.22 156.06 188.41 201.12 209.20 221.32 234.89 238.65 229.21 230.79 223.33 212.50 189.66 184.93 199.33 188.18 206.66 214.50 221.15 231.54 234.52 230.80 225.25 234.57 257.28 280.91 300.62 299.31 311.84 339.00 357.10 368.65 389.87 391.83 379.21 403.27 512.79 569.54
43.01 45.50 45.12 39.07 36.21 38.12 39.26 33.47 30.99 30.27 30.26 32.37 35.73 42.36 49.94 52.43 51.44 54.68 58.91 59.89 62.93 65.48 66.97 76.08 98.23 99.60 95.42 103.26 101.80 109.18 104.49 100.21 107.54 137.64 162.89 176.61 191.69 204.52 217.08 214.32 225.12 229.92 224.00 206.13 182.04 179.71 198.89 204.16 206.45 209.00 209.06 222.15 230.31 227.84 224.44 236.33 255.73 281.54 293.50 294.72 296.06 325.43 366.40 384.64 415.13 478.09 494.36 518.57 564.15 640.78
41.88 45.32 47.82 37.63 40.82 46.07 46.32 42.32 36.42 33.53 27.44 25.48 36.23 44.31 49.55 50.48 55.45 64.34 63.39 62.25 64.69 68.94 69.89 78.13 96.18 101.68 98.02 96.98 90.27 110.96 110.02 102.66 106.80 115.17 131.96 154.28 171.46 169.26 178.00 181.10 200.44 219.04 194.58 180.34 175.68 176.80 189.94 202.35 206.40 207.17 209.83 217.71 217.39 222.34 235.55 255.73 277.06 290.51 292.57 300.94 311.05 332.16 351.86 397.68 482.29 526.48 559.38 596.90 636.04 776.49
39.98 42.04 45.77 56.23 56.60 52.86 56.54 49.93 41.32 35.90 30.46 27.73 35.51 43.73 47.79 50.31 55.40 58.76 61.22 63.85 63.77 67.69 77.16 81.09 99.67 102.11 101.87 91.59 104.20 129.88 118.52 97.67 104.02 113.70 122.16 123.24 129.62 145.33 157.66 158.92 165.83 192.75 183.38 181.45 174.08 172.73 195.25 197.61 205.65 210.26 212.15 220.90 224.74 238.11 253.71 282.00 294.89 296.83 302.69 332.20 349.67 372.89 379.99 404.61 483.93 496.28 548.45 593.17 764.53 907.45
49.58 45.30 52.64 56.38 55.62 46.95 50.27 55.71 45.74 39.63 31.91 28.57 36.89 43.93 46.38 48.65 52.58 53.81 58.48 59.98 64.35 73.83 82.73 85.16 92.37 96.40 94.36 103.91 127.48 126.03 104.44 96.96 106.43 133.16 141.72 118.57 119.30 124.69 130.45 136.78 159.90 182.98 190.55 176.87 175.54 189.84 194.83 194.99 204.06 208.36 210.83 213.23 224.70 225.62 247.33 275.46 307.29 313.57 336.83 380.36 396.06 427.34 425.63 422.01 445.23 461.77 554.87 653.78 758.22 791.45
63.05 61.66 72.47 66.20 57.50 50.49 59.07 60.66 55.43 42.63 31.25 29.03 39.32 44.49 46.40 48.44 49.90 51.22 57.14 59.13 66.90 72.54 83.21 86.43 92.54 98.10 114.44 132.46 131.91 127.42 102.97 94.54 100.84 111.27 115.16 110.28 111.61 119.21 132.08 142.44 152.46 163.85 172.17 173.50 187.63 188.60 191.91 198.13 203.38 203.63 202.02 220.58 233.14 255.29 256.65 269.80 301.07 337.29 379.19 431.90 472.32 493.02 494.85 513.90 496.40 493.45 580.00 689.35 710.53 702.73
60.55 57.67 74.11 78.61 67.79 62.69 67.47 68.22 64.23 50.08 41.31 41.40 47.64 51.70 50.77 51.53 53.79 57.22 64.93 72.23 77.15 79.37 85.13 88.22 94.95 107.80 148.17 146.50 137.24 133.67 120.61 98.08 94.78 96.46 103.87 119.09 128.33 144.45 147.84 153.70 165.72 171.88 179.37 178.83 181.34 188.00 189.80 192.63 194.87 195.46 199.65 209.04 211.94 237.22 257.57 272.74 297.70 348.00 401.24 448.32 497.92 511.37 530.29 563.58 605.94 619.16 658.34 709.79 656.26 731.87
63.72 65.31 69.99 69.70 86.61 79.74 81.96 74.10 65.84 54.92 48.63 51.21 60.23 60.97 61.35 63.53 66.19 69.80 75.93 85.14 86.54 90.46 88.27 91.50 97.22 106.99 148.23 152.11 143.31 138.75 132.31 128.57 119.81 118.61 131.54 133.88 142.97 143.70 147.28 154.19 159.34 166.19 178.44 181.57 186.62 193.34 191.18 188.76 187.38 185.21 188.21 204.98 209.56 236.06 259.28 276.88 298.40 341.64 391.08 425.26 456.20 513.40 530.70 549.33 559.33 642.03 700.27 660.25 659.16 703.18
63.08 65.04 67.38 66.47 75.58 77.14 76.74 70.22 60.23 57.68 64.96 71.44 76.89 79.85 77.69 73.60 72.08 72.60 85.12 93.01 93.35 96.33 89.77 94.65 103.21 110.73 141.53 154.74 156.06 140.06 134.45 129.80 129.59 125.73 128.80 130.76 135.93 138.30 139.84 156.62 167.21 163.87 176.05 184.83 184.66 195.78 195.94 193.17 187.79 177.15 188.81 218.89 226.75 239.88 259.26 277.94 297.61 326.07 352.14 394.37 451.40 485.05 515.49 546.35 576.71 663.78 660.70 579.41 659.54 665.43
61.60 65.32 66.06 68.34 66.38 64.91 67.92 73.51 61.61 68.22 86.74 95.34 97.11 91.08 84.29 78.59 72.06 78.91 93.49 99.04 103.13 101.97 95.63 102.93 112.36 140.53 158.79 168.71 168.58 144.80 137.35 134.22 130.50 131.94 130.13 119.78 124.83 126.52 143.24 154.61 167.75 166.73 174.64 183.19 184.31 194.20 200.23 194.63 180.29 152.53 190.95 222.23 234.07 244.48 261.95 281.07 293.43 310.84 338.27 382.96 426.67 480.31 527.99 555.24 555.95 602.55 623.29 548.24 599.61 653.92
65.94 65.34 67.26 62.58 56.91 57.52 56.40 63.60 68.72 85.90 108.90 112.58 109.18 99.03 91.01 83.61 74.38 88.84 106.51 108.67 108.73 115.96 114.41 116.11 139.61 175.03 179.41 172.58 175.38 153.21 145.58 141.72 137.00 153.10 148.12 138.01 135.81 136.92 143.17 155.07 175.85 172.65 175.88 189.74 193.07 198.41 198.77 191.70 187.33 188.16 205.71 221.42 244.75 271.73 278.01 283.96 288.27 296.73 330.91 359.22 385.20 439.69 489.24 525.57 492.80 531.69 559.25 529.20 570.18 645.97
65.64 71.74 69.16 66.59 63.95 59.88 53.07 57.03 72.48 92.60 106.02 121.01 120.49 102.55 95.43 90.57 87.14 96.90 106.16 112.54 117.06 126.31 160.33 182.89 195.88 205.00 206.40 206.16 199.32 183.14 173.77 176.24 185.54 188.82 182.48 172.51 164.60 158.77 154.89 160.42 182.23 183.37 188.91 199.25 203.90 209.64 207.73 200.00 196.99 209.07 218.99 238.21 263.92 283.03 290.45 296.72 287.74 283.21 338.90 347.94 358.35 378.89 436.92 511.51 489.44 498.38 507.55 528.02 599.11 658.92
61.95 67.15 75.65 71.33 61.39 56.05 54.78 54.55 68.45 87.88 97.57 106.96 107.30 102.14 97.00 92.74 90.70 101.87 109.95 116.47 121.25 151.20 186.22 219.43 243.00 243.88 241.92 232.45 223.37 207.68 195.46 193.29 205.14 230.00 204.72 188.64 187.24 181.62 179.72 184.67 192.44 193.75 197.61 207.21 216.59 220.74 211.76 206.39 214.49 226.88 242.11 278.18 312.40 302.84 297.13 296.89 288.77 277.39 307.36 302.33 338.47 361.21 434.28 497.00 504.63 505.99 531.24 571.96 603.53 614.40
52.59 57.61 70.78 75.07 66.75 64.57 55.31 51.07 63.52 82.83 89.90 99.43 101.23 98.31 95.89 93.48 93.80 106.98 112.06 119.02 125.36 175.81 196.28 242.82 280.59 270.19 260.74 248.03 238.30 229.12 225.78 218.37 219.86 245.84 226.95 214.42 211.27 203.15 206.77 212.25 216.41 215.17 208.81 215.61 233.57 243.50 244.33 240.77 236.42 240.90 260.64 315.59 348.68 347.00 321.35 306.89 323.10 314.69 290.01 299.30 349.12 380.16 414.96 456.22 498.99 552.89 544.25 571.33 594.92 607.39
48.68 54.23 58.59 59.52 60.56 66.16 57.70 51.16 56.06 73.48 80.24 85.19 89.46 93.34 93.84 93.16 97.55 106.01 111.05 120.59 140.00 182.93 200.13 225.88 249.10 255.97 257.45 256.32 249.66 246.01 246.49 237.73 236.11 241.55 241.36 240.41 236.21 233.84 232.84 235.33 237.35 243.28 239.22 250.10 280.22 314.13 286.42 268.44 254.74 269.71 292.47 344.63 374.70 379.33 351.13 335.42 355.74 348.62 341.25 354.85 348.51 382.71 405.09 425.81 477.33 533.04 534.73 574.23 595.72 598.16
40.01 48.46 52.01 51.90 53.95 63.41 55.07 50.47 55.43 62.62 74.38 78.09 81.50 83.93 87.00 89.01 98.49 106.31 112.70 119.69 157.00 183.86 203.01 217.23 229.30 241.20 250.36 258.04 264.54 264.08 263.80 256.60 253.48 255.91 260.01 266.47 271.94 263.41 261.62 262.60 264.56 277.07 287.80 285.15 300.49 332.89 316.39 305.66 305.37 348.51 365.03 396.50 416.82 417.01 386.69 369.41 371.29 371.47 387.14 413.02 381.47 434.71 436.40 429.86 430.36 454.74 532.26 591.86 600.35 615.49
43.80 47.39 50.37 50.27 50.46 50.21 49.75 49.35 52.45 56.91 66.77 74.02 76.84 80.48 82.64 80.38 93.01 100.46 113.66 125.50 175.45 189.33 206.94 228.96 246.55 264.25 246.71 263.30 270.47 279.12 280.98 274.21 265.66 279.59 278.62 284.55 291.91 285.92 279.45 288.28 302.55 308.76 306.82 306.01 314.94 336.60 345.45 351.92 366.32 397.86 446.74 442.16 454.62 467.70 465.20 403.76 367.71 385.87 420.30 456.03 445.12 454.21 425.64 427.48 445.25 451.26 500.17 573.08 609.62 634.86
-99.90 -99.90 -99.90 47.68 48.39 48.26 48.20 46.33 48.40 55.16 -99.90 68.20 73.35 75.56 -99.90 -99.90 -99.90 -99.90 108.25 -99.90 -99.90 -99.90 -99.90 -99.90 -99.90 -99.90 286.84 289.73 290.47 294.58 292.92 288.10 279.39 286.37 295.61 306.67 313.96 329.84 334.41 337.44 347.49 347.44 348.41 359.60 370.42 386.59 395.82 415.18 416.89 421.72 455.48 478.23 478.03 484.31 493.67 412.38 393.46 427.92 437.58 436.93 434.17 463.12 455.90 400.61 459.32 506.51 533.84 593.00 631.23 654.18
-99.90 -99.90 -99.90 -99.90 -99.90 -99.90 -99.90 -99.90 -99.90 -99.90 -99.90 -99.90 -99.90 -99.90 -99.90 -99.90 -99.90 -99.90 -99.90 -99.90 -99.90 -99.90 -99.90 -99.90 -99.90 -99.90 288.19 320.89 298.30 297.63 302.73 303.58 298.42 312.77 327.82 332.39 336.90 358.01 367.32 370.52 385.19 399.96 402.91 407.55 411.87 434.69 465.28 469.19 496.56 534.24 532.44 569.14 544.55 538.60 478.12 416.38 403.69 436.88 457.44 461.96 461.61 501.20 517.98 491.62 510.93 562.12 591.31 628.54 685.36 708.92
-99.90 -99.90 -99.90 -99.90 -99.90 -99.90 -99.90 -99.90 -99.90 -99.90 -99.90 -99.90 -99.90 -99.90 -99.90 -99.90 -99.90 -99.90 -99.90 -99.90 -99.90 -99.90 -99.90 -99.90 -99.90 -99.90 -99.90 -99.90 294.58 303.96 316.64 319.15 325.54 335.91 347.17 347.59 355.63 382.60 389.29 402.65 415.46 441.50 450.49 449.04 458.47 481.06 503.27 528.42 564.60 590.74 681.29 716.87 656.19 620.68 529.32 455.07 473.48 471.40 491.93 501.11 523.18 544.80 547.79 536.55 581.91 599.67 610.21 649.32 715.59 763.82
-99.90 -99.90 -99.90 -99.90 -99.90 -99.90 -99.90 -99.90 -99.90 -99.90 -99.90 -99.90 -99.90 -99.90 -99.90 -99.90 -99.90 -99.90 -99.90 -99.90 -99.90 -99.90 -99.90 -99.90 -99.90 -99.90 -99.90 -99.90 -99.90 322.89 332.43 337.95 345.78 356.74 362.61 364.16 382.55 409.27 424.70 434.90 455.16 485.39 498.54 501.43 522.82 533.64 560.20 576.39 616.25 640.84 694.44 721.97 663.59 608.65 511.97 442.39 489.91 530.84 537.38 550.08 556.46 557.91 555.57 552.96 619.79 637.45 633.19 692.24 738.50 773.65
-99.90 -99.90 -99.90 -99.90 -99.90 -99.90 -99.90 -99.90 -99.90 -99.90 -99.90 -99.90 -99.90 -99.90 -99.90 -99.90 -99.90 -99.90 -99.90 -99.90 -99.90 -99.90 -99.90 -99.90 -99.90 -99.90 -99.90 -99.90 -99.90 332.13 342.77 345.22 361.46 380.89 387.95 399.83 414.95 441.54 461.65 470.02 480.56 513.21 515.61 528.92 578.63 598.33 612.50 603.72 649.70 648.84 724.07 772.05 704.44 617.75 507.60 430.69 486.43 530.58 558.44 582.87 569.01 574.09 572.53 599.46 642.83 639.84 648.44 716.23 763.22 760.23
