arc/python_arcpy/Precipitation/APHRO_MA_025deg_1994.txt
ncols	360 
nrows	280 
xllcorner	60.125 
yllcorner	-14.875 
cellsize	0.25 
NODATA_value	-99.9 
[rows 93 to 123 of 280, columns 140 to 209 of 360]
424.09 422.38 424.65 413.50 406.02 405.14 400.02 394.85 395.15 398.13 406.04 409.11 428.44 450.88 467.12 484.67 489.99 506.97 534.23 537.32 538.40 550.38 552.67 560.29 579.52 591.43 600.55 605.58 607.07 634.34 640.40 650.60 678.03 694.66 730.11 760.58 740.26 723.91 709.68 702.04 703.25 705.63 715.66 779.63 823.77 868.78 921.92 957.96 971.83 1002.71 1031.46 1048.16 1065.59 1068.09 1084.60 1074.65 1055.19 1049.49 1012.23 1035.12 993.30 1095.83 1010.13 917.55 870.50 886.23 857.67 788.75 788.23 804.69
416.12 422.59 448.90 426.80 404.89 405.60 405.37 386.43 379.02 391.68 398.18 404.67 410.54 441.89 450.16 463.54 476.11 490.75 514.10 524.43 530.45 546.11 547.21 559.78 577.52 600.98 618.56 619.17 609.63 641.37 660.20 678.89 696.13 735.68 778.67 780.29 764.21 732.63 711.00 701.19 704.60 704.34 724.33 784.37 821.81 861.29 904.15 941.01 968.48 1024.33 1048.68 1078.52 1093.01 1066.47 1081.53 1096.05 1096.40 1093.96 1053.54 1097.85 1162.54 1129.31 998.06 981.90 1009.11 894.76 886.03 857.36 842.08 850.12
431.02 425.70 402.48 412.33 398.13 397.48 405.53 378.71 357.24 370.07 381.56 390.61 399.36 422.38 433.75 445.96 465.57 480.10 494.60 506.87 517.26 525.97 549.12 544.12 550.54 589.72 597.87 602.85 621.29 633.64 676.47 704.90 722.06 788.29 871.55 837.42 775.47 726.03 706.52 697.13 705.89 706.80 745.02 783.42 816.71 856.43 891.63 933.54 957.01 1018.95 1094.79 1100.47 1089.10 1070.76 1080.90 1098.14 1138.90 1102.60 1124.82 1098.79 1094.14 989.16 1007.10 1025.35 1026.08 964.99 912.93 877.25 884.24 895.32
425.07 422.66 422.03 386.30 384.41 390.05 374.10 366.08 351.42 351.59 361.86 372.89 385.03 404.81 426.58 437.47 456.00 469.54 480.70 497.16 494.46 520.94 544.51 554.68 546.51 603.93 597.98 577.11 623.74 660.17 673.71 727.25 794.10 910.91 978.61 851.49 761.11 719.57 708.41 696.98 705.73 717.06 752.69 786.10 831.41 858.66 895.24 912.25 957.77 1002.44 1069.97 1101.11 1113.60 1092.82 1098.22 1113.24 1145.77 1171.06 1232.73 1238.26 1353.08 1240.96 1091.05 1034.42 1010.30 981.52 957.73 906.26 897.62 895.49
433.58 420.95 399.47 387.48 375.67 375.49 361.72 358.64 355.60 356.77 363.60 369.47 379.48 402.67 427.62 434.98 447.50 466.27 487.98 505.95 502.97 521.03 549.74 559.90 576.75 623.36 634.75 628.67 617.55 660.24 660.45 723.40 874.18 1019.92 979.03 844.10 761.89 733.60 708.83 702.04 715.75 728.54 766.31 789.02 830.29 865.67 886.97 904.25 947.13 991.44 1042.47 1111.64 1105.46 1105.25 1137.98 1158.44 1224.58 1281.10 1284.06 1287.43 1350.89 1330.58 1261.98 1121.61 1008.25 996.99 975.43 939.10 917.87 905.82
472.69 478.42 443.09 425.47 399.77 385.08 364.93 346.42 346.37 351.05 373.57 375.47 376.32 391.14 415.81 412.37 442.50 451.95 483.06 505.54 523.34 535.24 538.39 558.64 584.20 633.29 643.69 640.30 628.76 664.75 721.76 894.25 1078.11 1174.05 1039.65 901.93 811.37 758.46 728.05 720.92 730.00 739.71 758.20 792.49 834.87 863.77 877.47 920.97 944.29 978.36 1020.05 1057.87 1054.24 1137.11 1174.75 1191.87 1197.43 1254.29 1290.16 1325.77 1295.01 1264.23 1196.88 1118.52 1064.47 1015.08 1005.02 972.74 941.97 935.84
588.48 529.99 563.82 497.29 439.52 390.83 343.88 292.11 333.55 353.40 363.16 382.09 377.36 386.05 396.53 408.67 420.43 457.58 491.64 506.80 526.37 562.80 569.61 556.49 568.28 610.48 618.26 638.10 654.86 729.49 879.27 1151.22 1271.03 1275.98 1167.40 994.96 874.77 790.22 751.14 739.12 731.30 736.21 753.10 805.62 849.73 867.06 892.71 907.77 934.79 958.90 986.53 1020.72 1068.49 1108.48 1144.12 1173.23 1174.76 1192.26 1234.92 1273.32 1269.56 1281.19 1188.78 1162.95 1102.83 1093.73 1049.68 1022.10 1007.17 1001.42
696.53 655.64 666.12 617.83 475.37 415.28 368.47 314.11 334.32 343.80 346.22 367.23 386.34 392.14 412.42 423.37 425.34 465.03 487.46 501.83 523.34 558.61 580.41 581.16 589.74 625.66 637.61 661.14 690.68 791.76 905.49 1114.13 1306.88 1379.72 1277.25 1107.36 954.01 842.13 778.01 742.75 753.94 763.13 797.42 818.33 852.81 884.06 906.62 916.32 922.15 937.66 969.59 1007.98 1058.23 1085.78 1092.34 1107.90 1128.63 1155.13 1164.52 1159.05 1159.33 1169.73 1155.04 1127.21 1128.21 1116.26 1107.08 1096.22 1084.39 1062.58
591.08 962.64 642.28 556.89 473.47 440.87 392.26 365.47 360.59 377.96 369.34 364.94 401.92 427.01 448.53 426.79 440.57 452.05 472.30 475.89 505.41 540.77 571.30 590.97 603.80 637.19 661.94 692.43 687.78 778.22 860.42 1011.21 1167.10 1343.82 1291.76 1103.07 983.45 888.90 825.77 782.97 790.01 793.57 814.66 832.65 862.83 882.73 905.33 921.94 932.22 946.84 1020.09 1042.88 1046.53 1039.36 1056.31 1072.93 1092.82 1101.75 1109.83 1111.04 1105.75 1118.33 1139.15 1164.81 1191.74 1193.52 1167.92 1164.40 1154.67 1126.97
851.62 1091.88 700.60 585.48 483.40 489.29 407.49 410.20 410.22 415.43 401.77 424.73 441.25 444.76 440.43 439.71 437.13 442.67 442.85 466.77 507.73 533.34 570.45 582.11 605.04 638.03 665.25 707.61 713.97 743.82 743.82 983.07 1120.70 1222.38 1212.85 1084.92 1010.34 911.41 848.83 817.53 823.19 824.18 831.16 840.00 863.83 880.73 899.19 934.98 979.54 999.01 1014.51 985.32 980.72 1013.94 1038.37 1058.33 1053.45 1065.00 1080.23 1084.57 1099.93 1134.69 1163.01 1205.11 1228.33 1250.79 1234.19 1229.99 1246.80 1214.81
1192.74 785.73 719.94 755.89 610.34 551.73 543.44 507.64 479.74 484.84 449.61 493.99 494.37 481.69 492.10 471.98 456.51 432.53 438.10 472.83 521.91 556.46 573.29 605.98 617.40 652.24 682.88 728.02 750.68 790.19 879.17 974.88 1042.53 1110.45 1091.47 1066.21 1008.28 933.05 922.94 895.77 883.32 868.49 858.96 856.69 867.73 888.94 913.88 953.42 1014.71 1052.80 1059.21 1020.87 1008.59 1009.21 1026.06 1049.19 1038.22 1073.62 1077.91 1094.86 1127.60 1168.11 1206.60 1270.11 1296.90 1309.42 1297.82 1274.55 1255.51 1251.64
1150.65 874.11 973.53 1223.72 783.60 668.95 660.28 564.17 529.57 561.31 565.92 547.70 566.27 539.46 552.82 522.76 464.21 430.37 456.78 483.14 529.31 555.63 586.83 621.75 642.00 681.82 713.00 764.50 822.62 884.11 899.27 972.34 1018.12 989.02 966.19 931.44 932.09 933.96 947.57 928.37 909.15 903.98 899.98 904.12 914.55 917.62 934.97 960.47 1055.01 1053.27 1038.82 1038.29 1019.44 1006.21 1026.83 1027.86 1034.62 1073.73 1113.87 1147.37 1169.79 1227.74 1256.19 1316.06 1351.48 1387.87 1360.70 1348.27 1331.15 1309.40
1748.84 1132.38 1461.91 1634.95 1091.51 756.30 683.47 795.72 808.33 757.52 665.07 626.16 632.89 704.42 624.37 589.00 536.87 481.77 489.14 501.71 537.73 568.87 613.39 633.19 656.52 700.16 750.82 792.50 833.03 911.99 930.30 964.37 961.94 939.00 850.87 868.94 884.41 911.01 921.45 917.46 914.36 915.40 923.68 921.38 933.71 952.10 949.89 961.63 1010.83 1010.02 1030.51 1018.43 1032.82 989.31 1005.88 1034.51 1065.52 1105.48 1139.33 1170.76 1195.21 1196.57 1276.20 1389.61 1476.38 1514.96 1471.90 1465.93 1418.44 1367.65
2353.04 1887.92 2253.58 2056.40 1371.18 856.45 1042.71 761.40 1000.40 705.04 729.25 715.10 730.18 862.97 767.96 752.84 646.75 590.66 546.50 536.85 556.68 591.87 628.22 646.27 669.21 696.98 759.50 810.02 849.86 909.59 936.26 961.40 960.56 911.44 865.06 817.25 839.65 872.78 886.37 899.26 919.17 912.50 914.88 922.49 944.42 952.27 946.93 959.96 981.78 996.89 1020.13 1025.81 1025.99 1006.51 1050.56 1071.72 1096.58 1170.66 1190.31 1184.24 1206.67 1225.32 1396.34 1503.26 1653.78 1698.97 1639.92 1628.49 1573.66 1491.38
2458.16 3181.75 3125.14 2484.82 1971.30 1597.88 1632.53 975.78 1013.20 791.23 1132.33 889.66 889.48 1007.31 1104.29 985.10 746.84 686.84 620.48 569.69 593.39 619.08 645.92 659.79 676.03 703.49 739.24 805.44 857.26 908.01 961.99 974.55 939.43 870.32 850.96 801.94 804.86 831.31 875.80 888.58 898.63 908.78 905.32 922.76 931.46 938.85 945.05 970.00 984.27 995.71 1027.98 1036.67 1022.57 1027.47 1078.23 1112.58 1135.99 1207.34 1204.55 1230.53 1290.03 1422.81 1515.63 1605.61 1697.46 1758.35 1801.95 1775.95 1652.47 1598.57
2735.31 2847.72 2539.90 2436.11 2478.52 2261.64 1499.05 1462.29 1298.27 1310.94 1512.59 1487.71 1293.46 1214.12 1276.16 1014.70 865.46 790.25 673.50 629.16 654.25 664.87 671.81 681.76 694.85 709.97 747.17 806.19 842.01 903.87 958.85 954.48 928.61 866.92 807.43 773.19 773.19 788.83 817.82 848.22 869.80 887.53 905.86 918.68 942.87 948.20 958.41 969.66 1001.28 1067.83 1070.71 1045.69 1030.49 1054.12 1150.00 1159.91 1215.35 1260.52 1292.12 1330.20 1392.69 1477.98 1577.05 1714.76 1719.70 1711.97 1808.27 1776.62 1761.19 1722.03
2422.63 2382.38 2214.05 2220.58 2385.97 2329.14 1679.72 1162.34 2054.10 2744.16 2147.67 2101.71 1698.78 1317.65 1185.50 1042.81 931.75 856.05 767.89 694.09 703.10 711.28 720.77 719.11 722.98 734.23 746.25 803.37 864.64 920.51 929.28 920.37 828.42 817.39 808.17 767.56 743.10 778.61 797.98 825.79 852.98 897.50 916.92 926.53 936.69 953.76 971.51 984.60 1017.77 1085.02 1106.92 1081.30 1075.27 1113.26 1142.88 1167.92 1281.02 1328.43 1362.12 1385.82 1478.17 1581.85 1642.95 1809.95 1793.38 1757.82 1775.13 1762.11 1766.47 1812.49
2170.38 2079.14 2018.47 2096.97 2280.78 2277.84 2153.07 1752.52 2234.85 3301.06 2821.91 2371.36 1769.73 1397.56 1203.08 1103.48 994.47 865.11 820.44 734.82 743.00 745.63 749.23 748.16 762.10 749.83 764.15 837.25 875.82 909.75 893.73 866.20 795.22 823.37 725.31 744.12 741.34 796.21 808.18 826.47 904.81 928.91 952.05 967.72 964.49 984.45 991.57 1014.39 1045.34 1085.12 1111.16 1121.64 1143.31 1150.22 1169.75 1202.06 1244.70 1313.20 1370.63 1441.51 1558.67 1696.58 1788.05 1794.08 1774.24 1813.28 1800.22 1775.00 1781.16 1914.15
1939.10 1958.88 1968.10 1981.26 2088.10 2161.60 2133.68 1951.12 1800.35 2567.64 2884.75 2369.31 1544.42 1549.69 1196.01 1093.29 974.94 864.44 820.19 803.44 782.40 779.37 773.50 781.53 799.60 851.01 861.43 905.68 931.41 927.10 875.29 823.58 834.55 748.47 720.19 737.35 768.26 787.03 827.77 847.44 909.64 959.75 969.35 985.08 987.93 1026.74 1035.77 1053.16 1071.21 1117.06 1144.91 1161.63 1184.73 1202.71 1237.57 1251.33 1290.81 1342.13 1411.77 1486.88 1617.75 1768.25 1750.80 1751.72 1774.41 1808.27 1795.57 1766.09 1811.54 1859.92
1832.89 1841.82 1764.09 1885.70 2006.57 2132.71 2094.94 2108.57 2054.05 2286.33 2628.70 2190.05 1645.02 1403.55 1208.77 1037.88 903.28 851.71 824.24 846.09 823.90 812.65 809.39 847.54 919.74 942.66 920.47 947.01 978.07 985.95 904.74 780.54 805.03 764.74 738.16 766.94 779.83 819.16 880.69 928.61 975.37 990.45 999.21 1012.50 1028.46 1062.86 1082.55 1088.34 1115.85 1155.12 1175.84 1208.77 1216.38 1246.53 1315.07 1327.70 1367.37 1390.03 1474.93 1569.95 1663.63 1762.07 1792.25 1834.70 1807.73 1825.59 1803.65 1781.72 1800.53 1779.93
1738.81 1647.86 1794.51 1831.80 2038.12 2143.86 2173.35 2233.42 1984.49 2146.46 2324.92 2095.05 1529.83 1370.57 1147.60 967.55 891.88 848.19 846.28 851.36 841.13 844.16 844.31 916.82 1001.36 1009.34 940.18 930.18 1064.03 1053.18 918.81 823.56 771.26 762.16 763.96 796.39 834.03 871.15 941.34 1009.07 1044.78 1070.20 1074.35 1087.32 1093.49 1111.12 1103.23 1116.72 1160.94 1208.64 1211.40 1265.32 1293.59 1295.62 1296.99 1353.30 1386.46 1445.68 1536.42 1652.44 1715.91 1807.72 1888.89 1873.98 1908.49 1871.65 1807.89 1800.39 1805.38 1811.54
1517.03 1636.84 1843.24 1966.75 2121.62 2115.86 2105.79 2006.61 1776.05 1989.32 2040.36 1857.38 1297.65 1126.22 938.59 932.14 886.35 856.34 857.03 859.61 866.63 841.76 852.18 938.10 948.43 952.47 938.61 906.12 973.19 952.31 864.82 798.20 739.31 781.32 793.88 842.44 890.60 960.23 1041.76 1101.50 1128.29 1151.34 1151.93 1185.77 1160.29 1157.47 1132.77 1171.53 1193.85 1240.58 1234.43 1261.22 1333.48 1316.10 1318.15 1401.78 1431.90 1507.42 1604.19 1697.28 1834.92 1880.36 1996.28 1952.94 1899.02 1869.04 1898.56 1835.83 1827.89 1827.29
1433.77 1636.91 2015.33 2062.11 2070.40 2066.54 2048.42 1825.63 1631.05 1806.30 1742.61 1602.17 1250.80 999.86 867.62 861.84 857.74 841.53 858.22 865.86 859.51 842.34 858.36 906.24 968.27 956.60 892.52 878.29 856.07 914.14 875.53 874.39 739.70 826.95 801.11 869.79 946.93 1041.59 1142.57 1191.23 1187.03 1226.10 1227.26 1242.60 1211.71 1201.65 1188.99 1204.33 1231.54 1265.20 1268.99 1273.05 1323.41 1307.22 1347.92 1455.73 1516.72 1614.28 1675.95 1772.09 1933.61 1966.84 1983.26 2003.87 1904.07 1895.85 1948.53 1968.90 1873.74 1831.63
1292.19 1652.82 2132.12 2143.96 1867.32 1909.59 1958.81 1759.68 1559.09 1685.98 1561.25 1371.67 1186.58 931.36 832.73 830.41 815.02 810.82 826.51 856.65 886.82 873.33 868.92 888.83 886.95 914.93 826.55 792.40 857.38 899.14 858.65 846.79 788.57 811.16 826.84 892.19 964.76 1090.50 1271.71 1290.04 1246.33 1238.49 1242.53 1236.11 1250.55 1238.39 1226.07 1234.27 1262.22 1292.71 1337.78 1321.25 1338.96 1340.75 1399.74 1525.70 1605.34 1695.11 1770.78 1862.24 1947.25 1973.64 2009.97 1937.56 1917.60 1952.40 1920.37 1853.41 1783.96 1742.64
1451.50 1852.40 1965.32 1973.35 1865.56 1857.04 1784.74 1641.35 1499.56 1576.18 1486.29 1303.82 978.23 877.71 812.27 839.42 784.26 775.57 782.86 825.07 899.46 897.28 876.47 907.01 929.40 932.59 855.13 778.03 888.66 854.00 824.28 872.19 840.69 820.88 850.43 905.76 998.20 1117.26 1266.05 1304.86 1310.83 1284.44 1270.08 1236.70 1262.61 1264.91 1252.30 1256.52 1297.69 1340.74 1380.04 1390.78 1422.66 1499.72 1537.20 1620.61 1720.14 1827.88 1889.39 1963.97 2030.89 2063.99 2038.62 1997.93 1934.35 1907.85 1856.19 1798.76 1772.28 1748.69
1623.34 1747.88 1770.21 1779.30 1734.41 1711.18 1635.94 1571.95 1553.15 1531.81 1401.87 1149.31 910.26 858.78 814.89 821.00 771.81 764.33 786.14 796.87 856.88 886.36 899.49 928.19 932.05 939.83 869.67 884.17 873.66 856.58 861.67 880.87 861.83 861.02 892.56 945.47 1023.45 1111.02 1201.76 1268.92 1343.58 1344.39 1315.45 1264.44 1326.01 1311.68 1267.29 1272.23 1357.94 1413.27 1446.73 1472.10 1527.02 1604.69 1669.39 1761.37 1879.20 2054.65 2071.81 2095.18 2171.14 2144.50 2082.55 2012.89 1960.98 1880.60 1809.04 1824.87 1807.34 1787.22
1621.58 1613.71 1600.68 1582.94 1570.20 1545.45 1524.27 1516.76 1496.76 1442.37 1309.04 1028.02 930.35 830.97 721.69 789.83 782.35 765.73 773.46 786.27 828.99 895.80 885.01 925.99 917.90 910.64 885.88 860.18 849.32 881.39 884.98 900.39 892.43 889.43 909.98 972.42 1027.08 1085.55 1160.90 1218.71 1282.77 1326.57 1355.36 1296.90 1343.66 1329.94 1321.08 1372.60 1490.76 1505.09 1529.33 1544.89 1633.05 1690.53 1753.74 1851.71 2009.29 2247.32 2184.18 2157.57 2206.65 2208.64 2083.84 1990.36 1909.93 1864.01 1834.16 1857.66 1828.88 1816.53
1671.32 1572.96 1487.43 1418.72 1412.69 1390.65 1399.33 1414.56 1423.29 1394.02 1238.21 1024.23 939.40 775.86 689.53 780.91 735.45 760.02 769.37 809.55 837.91 902.12 942.75 932.48 939.36 913.72 893.51 830.99 852.74 870.48 870.25 890.93 867.18 884.23 923.03 970.79 1016.54 1046.78 1114.82 1176.31 1246.78 1282.47 1307.93 1316.71 1321.49 1396.73 1418.95 1441.57 1562.56 1566.29 1597.42 1626.49 1702.37 1730.52 1779.50 1869.70 1962.06 2056.18 2118.93 2149.45 2120.20 2102.97 2026.79 1974.21 1936.40 1837.62 1833.79 1806.16 1787.76 1801.19
1685.62 1565.24 1465.28 1348.55 1306.63 1292.47 1298.30 1341.36 1357.50 1355.42 1192.81 1104.76 1022.62 954.62 868.97 786.08 792.40 781.98 800.65 827.08 862.91 906.97 988.56 1037.56 962.53 894.31 875.90 863.19 848.81 881.03 865.35 868.70 862.26 881.34 888.48 935.47 1003.25 1014.01 1079.91 1136.13 1222.49 1339.14 1359.48 1286.71 1321.61 1467.89 1452.75 1561.28 1650.62 1582.22 1607.06 1698.90 1768.74 1766.29 1801.69 1844.70 1887.24 1898.20 1944.62 2034.00 2022.46 2016.35 1968.69 1940.61 1881.01 1805.10 1835.14 1769.42 1793.72 1823.52
1593.72 1471.67 1410.83 1302.31 1216.33 1235.65 1254.29 1292.23 1365.38 1358.59 1238.79 1168.92 1145.03 1120.66 1028.52 886.18 902.97 870.39 846.10 859.93 905.54 959.84 1028.94 1087.67 1033.56 888.31 834.84 826.61 846.33 880.09 855.84 878.27 867.81 881.77 918.23 939.95 953.16 1015.13 1070.88 1091.99 1171.74 1258.37 1288.02 1287.53 1333.33 1452.86 1466.71 1542.10 1601.99 1613.40 1657.94 1762.75 1832.67 1816.13 1808.18 1810.49 1817.18 1742.23 1794.86 1892.00 1933.88 2009.16 2013.62 1937.78 1841.79 1764.61 1750.83 1803.77 1824.55 1898.39
1529.83 1433.63 1404.60 1314.05 1177.95 1180.84 1207.80 1252.64 1304.57 1328.03 1306.82 1267.14 1194.96 1110.59 1063.68 996.99 954.40 952.50 923.78 920.44 984.10 1001.52 1029.68 1022.06 992.62 1012.98 859.31 927.40 862.71 886.16 884.65 871.92 870.05 903.03 928.50 1009.67 978.56 1020.59 1076.03 1109.20 1137.52 1227.59 1280.69 1301.02 1324.11 1362.65 1423.20 1496.60 1532.16 1587.02 1692.31 1813.50 1886.75 1888.71 1856.07 1828.44 1770.69 1693.26 1706.31 1791.38 1903.81 2012.60 2047.54 1896.72 1826.23 1766.89 1755.91 1801.42 1830.62 1893.90
