arc/python_arcpy/Precipitation/APHRO_MA_025deg_1996.txt
ncols	360 
nrows	280 
xllcorner	60.125 
yllcorner	-14.875 
cellsize	0.25 
NODATA_value	-99.9 
[rows 62 to 92 of 280, columns 70 to 139 of 360]
179.93 173.29 164.44 151.89 146.66 134.83 126.03 126.09 127.78 125.29 120.86 119.75 119.58 115.15 109.96 108.57 107.11 102.04 97.99 89.35 82.34 75.93 63.02 56.80 56.17 55.73 54.92 54.92 51.72 47.09 46.36 46.34 45.67 44.87 44.56 43.76 42.74 41.50 39.71 38.65 36.48 34.89 32.21 32.21 33.66 37.16 38.12 35.71 32.57 31.95 33.04 35.14 34.99 30.33 27.71 28.09 31.21 32.54 36.00 37.19 35.74 36.69 34.51 33.18 35.48 38.42 37.31 36.37 38.96 40.64
174.73 169.88 162.22 149.12 141.47 134.53 118.03 119.59 120.61 119.90 120.33 116.07 108.61 99.89 95.61 90.91 87.02 85.78 86.69 73.69 58.95 57.74 57.24 56.37 55.47 54.46 53.98 52.37 45.47 44.60 43.95 43.37 43.58 43.63 43.05 42.79 41.69 40.28 38.93 37.71 35.13 32.38 27.33 28.88 34.09 35.76 34.29 32.06 33.20 35.67 34.80 35.59 33.76 34.44 33.17 33.28 35.78 34.35 33.55 32.67 30.92 29.74 28.11 27.23 27.92 31.10 30.21 32.29 35.26 38.31
167.76 163.53 151.05 146.72 140.39 135.27 116.43 114.62 115.26 112.42 107.40 100.08 98.41 93.98 82.62 78.73 80.26 81.38 76.66 68.65 59.40 56.87 56.79 56.12 55.54 53.82 52.46 48.85 43.91 43.85 43.32 42.49 41.67 40.95 41.75 41.06 40.15 39.50 39.09 37.66 35.07 32.02 27.37 30.06 35.70 35.11 33.96 35.15 36.93 36.48 36.39 36.34 37.26 37.62 37.00 36.90 37.03 36.30 33.21 32.72 30.36 27.01 23.08 20.07 25.02 28.29 30.03 32.36 34.11 36.20
154.26 147.27 143.44 143.55 139.64 136.20 118.76 112.23 106.36 101.57 99.47 96.45 91.17 84.49 81.02 79.07 77.11 75.85 68.63 67.42 63.19 55.21 54.81 54.86 54.75 53.22 50.13 46.63 42.81 41.44 41.93 41.92 40.84 39.94 40.46 40.08 39.11 38.58 38.90 38.16 36.36 35.32 37.88 41.88 35.73 33.80 34.85 35.66 35.07 34.79 35.94 38.07 40.53 40.65 39.28 39.26 37.71 35.71 34.74 34.00 31.76 29.14 26.00 24.20 27.44 30.53 33.00 34.48 35.56 38.47
144.54 144.39 138.87 138.95 137.86 131.38 113.75 104.55 102.98 101.54 96.69 88.68 83.01 74.05 73.31 76.75 76.81 72.81 68.81 66.87 64.14 57.80 54.11 53.42 52.66 50.37 47.55 45.50 42.31 41.55 41.48 41.21 39.26 38.71 38.84 39.35 39.09 38.63 38.39 38.80 40.47 42.60 42.96 37.97 33.79 35.06 34.92 34.13 36.10 36.82 37.45 41.52 45.51 48.26 43.56 40.84 38.51 36.61 36.45 34.58 32.70 30.95 29.65 29.55 30.85 32.83 34.31 36.02 40.29 45.41
145.50 146.03 138.69 134.64 129.82 116.40 107.55 102.89 101.29 97.19 91.02 83.28 74.22 72.16 71.15 70.78 72.94 63.59 62.72 64.15 64.93 61.25 53.87 52.83 50.95 47.08 45.85 44.49 42.90 42.08 42.03 41.45 38.38 38.24 38.30 39.09 41.23 42.62 43.28 44.02 44.86 44.80 41.44 35.34 34.79 34.66 34.71 35.47 36.59 37.17 38.99 44.49 48.08 50.00 48.23 46.51 41.51 39.45 37.75 35.33 33.80 32.66 32.05 32.19 33.03 34.48 35.53 37.19 39.49 43.85
146.34 146.13 139.82 130.15 122.66 111.08 105.41 100.34 94.32 90.29 87.02 78.65 73.75 71.10 70.35 69.46 66.48 61.08 59.81 58.70 57.57 57.72 55.18 52.32 49.91 47.40 46.28 45.36 42.90 42.50 42.78 42.81 41.59 40.46 38.89 43.51 45.20 47.38 46.95 47.67 45.07 42.69 37.70 35.20 35.22 33.97 34.36 35.17 36.24 37.43 57.70 65.84 56.03 51.26 48.04 48.96 45.78 43.18 41.22 39.45 37.18 36.10 35.09 34.59 34.60 35.70 36.71 38.78 41.05 43.80
151.41 147.44 136.46 125.42 115.92 103.89 98.84 92.31 88.92 85.34 77.57 75.05 74.42 71.05 69.54 68.88 64.14 61.62 59.97 58.42 57.06 55.90 55.10 52.20 49.81 48.41 47.46 46.19 43.31 43.14 43.43 44.40 43.40 42.67 44.67 46.62 47.44 47.41 48.91 43.56 42.78 41.75 36.30 35.27 35.76 34.36 34.82 35.55 35.73 49.18 71.63 76.27 77.84 68.82 59.85 55.23 49.34 44.50 41.93 40.12 38.59 38.26 38.20 38.42 38.19 36.90 38.08 39.82 41.87 44.31
147.66 134.22 124.66 116.11 112.76 99.63 91.50 89.44 84.12 74.13 70.64 71.01 71.91 72.28 69.73 68.15 63.22 61.91 60.34 58.47 56.28 54.81 54.37 52.91 50.03 49.25 48.76 48.19 45.04 44.98 44.09 44.39 45.28 45.86 47.39 47.57 47.44 47.56 48.04 42.56 42.70 39.14 37.53 35.59 35.35 33.95 34.52 38.19 57.95 69.31 77.47 85.77 83.34 80.44 79.12 73.56 67.01 54.71 44.97 40.96 39.23 38.06 38.30 38.56 38.69 38.60 38.66 40.38 42.22 45.31
136.45 132.03 108.26 101.53 99.02 92.85 88.07 84.64 76.99 63.68 63.78 68.16 70.41 71.48 71.26 66.90 64.48 62.69 60.68 58.78 55.35 52.92 54.00 53.95 50.85 50.50 49.97 49.46 46.77 45.49 44.33 45.70 49.63 49.43 48.38 48.04 48.65 48.95 48.04 43.72 51.01 61.40 63.53 65.98 62.49 72.98 63.70 72.92 76.87 79.06 79.12 80.53 82.93 90.25 90.52 83.65 74.48 63.60 54.54 43.85 39.52 37.91 38.61 37.96 37.32 39.13 39.45 40.86 42.61 49.30
166.83 174.76 121.38 96.72 94.70 92.06 90.06 83.71 76.73 69.68 67.86 69.52 70.85 71.44 71.61 68.10 66.70 63.97 61.36 59.68 57.65 55.76 55.29 55.70 52.22 51.67 52.04 53.18 51.68 44.99 44.64 45.31 49.35 49.48 48.75 49.10 48.70 47.84 47.94 43.56 76.13 102.24 100.82 99.83 96.50 97.11 92.85 90.30 86.81 87.38 84.36 87.21 88.76 85.67 83.28 83.60 82.13 79.77 73.01 61.93 48.01 41.95 40.19 37.16 33.88 38.37 43.01 44.71 47.88 54.11
230.52 230.86 181.07 147.58 104.15 84.61 91.51 87.97 82.56 74.70 73.80 70.02 70.27 71.34 71.30 68.35 66.26 63.69 62.40 60.80 57.72 57.18 57.62 61.13 61.69 66.99 72.67 75.11 76.82 73.51 66.16 58.01 60.44 48.99 48.91 48.81 48.66 48.81 48.67 43.87 81.79 86.58 106.98 110.85 106.80 104.07 103.27 109.18 105.35 98.58 101.92 109.80 121.38 121.82 119.19 99.25 80.11 75.28 74.26 72.63 66.05 66.03 59.35 46.89 41.99 42.79 44.96 47.12 52.42 56.55
257.38 234.94 196.48 177.17 184.47 96.62 92.70 102.55 90.62 83.64 77.54 71.22 66.32 67.17 68.98 67.38 65.43 63.21 59.29 61.50 68.22 73.49 76.58 79.44 83.16 82.41 80.74 78.30 77.93 77.76 80.76 85.02 86.14 77.01 63.82 55.33 49.06 49.50 48.68 58.39 87.87 91.54 114.45 113.15 112.51 108.95 112.54 120.34 132.21 133.15 127.81 127.53 126.29 127.36 127.75 122.21 117.47 112.02 92.42 87.88 88.74 90.79 86.94 76.43 64.91 56.60 53.15 53.69 57.30 58.39
253.24 257.85 254.62 221.26 203.54 174.85 173.31 91.64 75.75 83.33 64.42 64.57 67.93 65.47 64.51 61.57 57.62 55.26 49.60 63.40 77.01 80.45 83.58 85.73 86.25 86.60 86.74 86.54 84.38 85.95 87.50 87.99 88.63 89.16 87.29 80.32 80.98 73.92 65.04 80.87 100.48 112.91 115.68 115.21 118.47 124.09 150.14 153.81 140.16 144.92 155.91 150.69 143.35 152.15 160.78 144.42 157.13 155.00 133.95 117.19 134.30 148.14 145.67 135.21 123.22 107.47 93.44 85.40 74.24 70.39
260.86 256.29 268.03 278.07 274.64 248.32 129.39 82.57 75.07 70.19 56.34 55.50 53.61 53.51 52.77 50.53 48.41 48.90 48.77 63.58 75.57 84.73 85.45 85.87 85.79 86.84 87.78 88.04 88.44 88.43 88.41 88.35 88.48 89.69 89.61 89.64 86.46 84.20 85.43 95.55 109.85 116.52 134.12 147.52 145.83 154.28 164.26 174.50 175.19 175.87 191.21 175.97 173.40 185.27 172.72 174.37 170.91 168.28 156.78 161.34 181.66 190.36 186.16 171.11 161.46 133.26 104.86 100.99 91.63 84.87
263.10 265.35 262.08 276.39 281.86 180.22 78.71 76.80 76.68 71.68 61.11 51.70 51.83 52.47 58.43 63.18 63.24 60.49 58.07 63.83 71.75 86.05 86.29 85.92 85.71 85.85 86.44 87.92 88.70 88.83 88.87 89.40 90.65 105.62 117.68 101.13 89.80 85.91 91.62 98.43 111.25 128.37 151.71 156.91 163.92 189.98 198.82 202.25 212.95 214.01 211.24 211.42 206.24 201.11 198.88 202.36 200.40 199.07 201.09 201.29 212.93 209.90 208.15 205.38 206.08 195.28 184.91 174.45 160.49 154.00
270.31 272.21 268.83 263.90 210.68 178.76 104.77 75.03 74.30 72.69 66.88 65.93 58.80 60.07 63.44 63.51 64.78 65.13 72.58 72.75 74.88 84.56 86.52 86.30 86.21 86.48 86.77 87.05 88.30 89.28 99.25 117.70 136.57 141.85 142.93 143.41 138.91 115.34 115.62 104.04 109.94 140.66 162.48 177.30 207.42 217.14 215.22 216.71 221.64 218.44 216.99 216.80 220.58 228.06 219.52 226.59 229.69 230.29 249.78 259.45 265.86 284.40 283.52 249.32 225.36 216.59 223.88 225.40 214.98 208.24
287.11 276.03 268.36 200.13 185.56 165.73 118.43 79.66 77.24 74.32 73.39 65.91 61.54 61.93 62.79 63.78 65.50 71.85 73.05 74.26 73.87 74.43 80.73 86.80 87.56 93.31 89.83 93.27 107.33 124.94 138.70 140.19 142.15 144.12 143.85 145.33 146.82 155.23 158.49 151.55 160.01 191.06 224.78 231.63 247.13 243.35 233.55 228.75 236.67 235.43 236.22 245.06 250.17 255.23 257.72 257.09 258.91 260.36 260.54 274.66 291.93 315.72 331.69 291.87 268.75 253.41 240.27 234.01 232.70 230.76
299.01 286.15 261.89 206.95 185.15 143.57 103.74 82.63 76.83 75.01 68.55 65.35 62.75 61.46 62.75 66.37 70.39 71.72 72.16 73.62 75.04 74.62 77.40 92.72 105.75 110.13 116.27 126.88 132.09 132.62 136.56 144.75 145.27 145.58 144.86 147.51 159.72 173.27 179.54 188.34 199.04 211.09 239.05 255.92 259.92 259.36 254.23 257.86 265.94 264.62 262.73 264.13 265.79 269.22 276.40 274.03 269.75 276.85 285.80 289.59 294.91 303.69 306.48 295.58 284.86 286.97 279.43 264.92 263.15 256.82
292.91 297.18 206.04 194.59 147.83 103.63 86.69 84.53 80.92 65.91 61.87 63.77 65.69 68.25 70.95 69.94 72.18 71.19 71.92 80.34 74.76 83.96 97.23 101.51 104.28 108.25 122.83 123.80 127.07 127.30 130.06 136.95 152.72 156.28 162.68 169.69 177.16 180.43 186.22 208.77 215.04 239.28 248.77 252.91 256.30 258.00 260.03 265.65 272.71 276.10 276.76 277.16 278.21 284.91 287.55 283.03 279.44 279.98 283.36 291.48 298.14 310.21 315.08 309.51 298.99 286.48 289.95 286.86 290.18 292.11
292.69 245.66 171.38 157.88 118.27 105.83 100.70 83.67 71.27 63.52 58.60 61.46 66.77 71.37 72.48 76.74 77.36 78.52 76.49 76.78 85.71 98.41 102.31 104.25 103.66 115.05 121.51 123.52 130.11 130.34 130.84 136.95 165.15 170.76 174.52 180.21 186.93 193.47 203.71 213.26 226.41 246.88 251.72 253.15 260.76 267.37 272.82 278.60 284.78 288.57 289.53 291.87 291.81 290.36 292.86 291.74 291.06 289.52 285.88 287.06 297.51 312.10 320.99 325.12 328.42 318.73 318.12 322.60 325.85 353.14
261.98 183.03 141.69 130.70 115.05 105.41 96.54 87.35 68.41 65.97 59.25 61.60 66.41 70.68 73.53 78.81 78.82 82.37 93.81 83.09 90.33 104.15 107.47 111.14 114.91 117.32 129.17 132.17 130.57 130.56 131.19 142.37 166.97 173.39 178.37 185.58 196.04 197.64 211.62 224.24 242.36 249.65 254.41 257.73 270.29 282.38 289.92 295.43 297.84 298.86 304.51 305.75 308.13 309.40 310.99 313.44 311.64 311.91 309.43 299.89 311.59 327.47 335.58 342.17 344.28 356.39 356.50 361.49 381.37 385.19
238.57 170.71 118.16 105.58 103.92 92.42 91.07 86.23 82.20 67.60 60.48 67.85 78.16 77.63 77.70 78.81 79.76 81.43 81.68 89.12 90.78 94.74 98.97 109.81 118.50 128.95 132.97 133.04 133.68 135.27 139.07 153.90 169.52 175.84 183.13 195.26 198.59 205.97 224.60 243.00 247.66 249.88 256.33 260.88 279.93 289.52 301.86 305.71 307.05 309.14 314.27 317.42 320.32 322.51 323.86 328.46 329.55 329.66 329.41 328.47 333.83 343.37 350.85 357.64 374.13 393.00 399.47 402.63 407.41 420.71
218.03 127.95 111.10 102.55 91.93 97.51 91.88 86.29 86.33 86.33 87.76 83.03 79.81 81.59 82.46 83.41 88.27 87.23 87.54 99.50 102.75 107.42 114.45 116.95 118.24 120.77 129.58 135.16 137.74 143.35 145.49 160.41 172.39 180.50 189.90 201.96 229.61 245.89 247.43 255.45 257.09 256.48 258.74 265.27 281.22 300.42 306.44 310.07 313.37 315.28 318.36 322.78 326.07 330.78 333.01 333.64 336.96 340.89 344.33 347.15 351.65 358.27 366.26 376.45 397.21 406.86 415.26 422.79 432.28 444.35
333.26 278.02 210.15 209.78 163.67 123.68 106.94 91.38 79.50 78.10 83.75 86.67 83.15 84.26 100.22 111.83 124.00 127.50 119.37 113.99 106.85 107.07 118.03 122.24 129.01 129.71 137.22 140.01 142.64 146.12 149.00 163.70 174.90 186.61 192.96 213.79 244.92 254.94 254.07 258.61 265.12 269.44 267.74 276.36 286.62 304.18 313.09 314.43 317.81 321.56 323.60 327.80 333.48 341.05 342.70 345.13 346.93 351.39 355.89 362.04 365.69 373.28 398.37 402.52 410.43 419.14 433.07 441.42 453.10 459.28
449.87 398.16 240.66 241.38 182.94 178.48 115.35 82.76 64.72 77.30 80.35 87.49 90.09 99.74 108.38 122.80 130.55 134.76 140.22 144.03 144.61 141.71 144.81 146.63 145.33 146.36 146.90 144.81 149.77 152.29 166.85 184.34 184.33 190.57 199.87 211.78 244.26 257.71 260.94 264.56 272.55 277.02 279.89 288.07 294.10 304.67 313.06 318.70 325.43 328.17 330.25 335.81 341.72 350.79 355.29 355.23 358.51 361.44 368.61 377.12 379.01 400.68 413.02 416.81 424.44 430.31 443.61 460.40 466.18 472.89
595.16 574.52 400.63 322.05 234.37 172.03 103.79 78.97 69.23 71.77 90.59 108.55 105.25 103.48 115.01 128.56 131.97 139.09 142.56 147.93 147.44 145.68 146.55 147.23 147.34 150.34 150.46 150.02 155.31 172.44 180.65 183.01 189.80 194.33 198.30 216.89 250.79 255.96 265.60 267.11 272.81 281.83 287.53 293.31 303.32 311.94 315.18 320.27 325.53 335.33 338.56 343.33 348.50 355.31 363.42 367.10 369.38 377.27 392.79 419.32 425.30 425.37 430.44 436.55 440.83 443.36 449.16 467.99 474.87 486.10
646.91 641.85 526.59 325.69 262.88 107.67 116.44 86.91 71.85 65.43 63.83 97.94 108.23 114.57 126.44 131.69 139.14 144.06 148.11 151.32 151.56 151.29 151.67 152.63 151.71 153.56 155.89 163.74 174.26 184.65 183.43 179.26 190.70 199.17 196.85 222.77 250.24 253.26 262.48 270.11 275.01 279.86 294.84 303.97 317.11 321.61 322.69 327.04 331.73 339.38 348.19 352.70 361.42 371.95 385.14 388.55 387.75 389.45 416.49 430.27 440.09 443.65 446.22 457.33 468.75 470.75 479.68 481.12 505.07 512.47
773.56 784.79 750.56 372.32 236.51 171.58 113.57 113.09 99.00 94.40 90.09 110.10 121.72 126.56 133.18 135.34 144.84 150.41 156.20 152.53 151.73 157.37 154.76 157.19 159.10 163.36 169.13 177.40 186.85 184.89 182.03 180.82 189.31 199.39 200.77 216.92 254.17 254.19 261.32 270.67 277.85 290.01 304.56 315.01 329.87 331.69 335.55 339.04 343.79 349.99 357.72 364.02 376.39 391.35 414.51 408.45 417.90 416.97 438.07 444.85 454.30 463.79 477.74 486.06 489.64 498.59 502.34 502.23 510.20 517.73
1009.74 914.63 754.35 495.90 329.78 241.17 139.59 135.92 165.41 141.02 139.87 136.90 135.51 145.12 143.83 144.69 151.10 161.21 156.99 156.91 158.22 160.62 161.70 170.09 179.78 170.49 177.07 191.91 190.88 183.79 183.44 183.44 192.07 201.80 204.52 226.37 254.38 259.79 266.71 276.81 286.22 297.09 317.91 330.27 335.18 337.65 347.71 354.24 356.95 362.09 367.97 373.13 386.16 406.63 418.31 425.56 435.44 437.69 458.73 461.89 466.34 478.29 482.64 495.41 503.78 500.52 516.34 535.44 529.47 528.53
1145.34 948.93 744.98 559.47 466.27 324.89 226.50 223.43 240.05 226.22 186.03 189.76 153.91 155.22 160.18 156.10 159.73 165.38 160.92 161.33 169.58 178.39 187.02 181.94 177.67 179.94 187.84 197.89 189.66 188.32 188.06 188.13 197.45 206.43 204.94 227.27 249.68 261.87 271.57 279.44 292.55 303.65 323.54 334.78 342.80 344.84 345.02 355.22 358.99 364.35 369.26 376.68 383.81 399.94 428.36 438.78 437.43 431.90 446.05 459.92 478.47 497.29 500.37 494.61 501.66 508.38 523.24 552.12 533.02 533.32
