arc/python_arcpy/Precipitation/APHRO_MA_025deg_2002.txt
ncols	360 
nrows	280 
xllcorner	60.125 
yllcorner	-14.875 
cellsize	0.25 
NODATA_value	-99.9 
[rows 124 to 154 of 280, columns 140 to 209 of 360]
1300.46 1199.29 1212.94 1134.46 1020.90 991.78 1027.69 1126.45 1157.26 1223.55 1147.44 1120.34 1075.01 1013.57 992.28 1016.90 983.35 968.04 977.07 1003.10 1043.82 1033.52 1081.36 1050.07 1056.58 1022.62 1008.86 935.34 950.03 958.38 957.23 937.88 926.72 916.98 944.88 1010.00 991.81 955.29 1018.33 1030.43 1039.23 1078.53 1160.39 1154.87 1139.56 1157.15 1112.15 1166.42 1252.68 1317.26 1411.41 1522.77 1652.02 1707.68 1721.55 1673.09 1623.45 1601.73 1643.73 1744.31 1844.71 1872.30 1851.14 1782.48 1735.36 1686.98 1644.92 1684.21 1715.01 1762.03
1205.81 1115.77 1102.96 1041.17 1002.00 1003.02 1020.67 1075.73 1146.91 1186.84 1205.76 1144.38 1053.75 1006.34 1019.78 1051.66 1037.88 1030.09 1065.38 1051.12 1106.65 1091.61 1119.86 1126.49 1116.09 1119.78 1156.79 1024.95 998.54 1017.37 1002.89 962.95 958.33 992.80 1152.42 1166.40 1065.49 1064.13 1097.59 1121.40 1168.24 1185.21 1214.68 1225.59 1238.39 1248.92 1224.68 1210.88 1213.89 1315.11 1394.30 1479.55 1600.85 1697.09 1750.39 1675.28 1610.16 1573.02 1600.51 1780.13 1897.27 1881.02 1805.82 1722.49 1614.69 1553.52 1537.99 1602.58 1627.20 1669.34
1131.66 1073.50 984.32 967.97 998.84 1003.85 1019.32 1135.84 1277.01 1227.52 1130.90 1127.84 1084.58 1047.70 1076.26 1096.11 1087.68 1108.65 1120.21 1159.99 1185.38 1180.38 1177.83 1189.54 1216.84 1227.35 1248.51 1294.06 1222.69 1132.81 1130.84 1137.28 1175.21 1017.17 1257.07 1384.74 1188.13 1114.98 1177.92 1262.60 1260.99 1265.69 1298.94 1337.71 1328.13 1349.65 1314.33 1256.62 1277.20 1325.60 1378.23 1433.80 1562.14 1655.58 1713.58 1662.74 1632.03 1623.63 1657.02 1871.76 2031.21 1883.24 1799.57 1674.19 1578.26 1484.66 1487.30 1540.41 1546.36 1564.51
1004.31 927.01 924.07 936.50 1076.20 1183.26 1166.35 1235.63 1345.92 1156.21 1091.16 1056.03 1076.93 1042.74 1042.81 1069.50 1109.19 1145.61 1184.45 1226.00 1256.53 1260.53 1237.99 1286.00 1368.78 1377.69 1443.37 1508.07 1541.61 1506.75 1389.67 1339.40 1360.30 1315.77 1400.25 1407.44 1427.12 1342.94 1363.68 1412.02 1396.38 1377.42 1358.34 1360.10 1411.75 1470.48 1403.57 1336.32 1324.85 1357.56 1364.11 1393.08 1450.10 1518.89 1615.10 1637.39 1678.12 1723.65 1763.21 1861.40 1914.58 1870.73 1811.02 1685.03 1580.12 1506.29 1508.17 1515.05 1548.20 1534.09
883.97 869.12 895.22 991.33 1230.92 1583.98 1667.88 1477.87 1352.30 1150.35 1071.84 1019.79 1057.64 1064.67 1029.51 1060.33 1087.96 1170.51 1231.90 1324.70 1358.74 1302.53 1308.35 1380.37 1504.43 1624.01 1744.45 1790.95 1835.75 1785.01 1744.94 1637.62 1671.65 1644.00 1640.94 1565.41 1588.87 1571.73 1512.30 1791.98 1711.91 1471.69 1408.82 1431.79 1406.25 1475.71 1404.00 1338.44 1321.79 1353.90 1365.32 1360.62 1367.25 1370.24 1498.48 1616.74 1688.52 1782.35 1782.54 1762.50 1822.33 1866.74 1848.93 1747.93 1647.65 1590.01 1547.01 1584.45 1631.28 1599.87
789.57 798.21 861.82 950.45 1041.20 1296.29 1492.37 1384.80 1270.29 1126.72 1066.30 1074.52 1111.91 1062.92 1046.39 1091.15 1110.66 1179.69 1247.33 1386.46 1399.34 1338.36 1361.73 1420.17 1510.93 1604.69 1900.83 2224.10 2070.42 2012.98 2058.61 2031.66 1958.03 2118.65 2020.61 1661.37 1549.45 1614.34 1603.40 1722.23 1662.89 1475.36 1423.76 1473.54 1384.16 1384.16 1333.15 1303.80 1298.32 1327.16 1367.72 1410.52 1397.64 1426.92 1548.21 1695.11 1783.80 1841.56 1774.04 1690.62 1752.39 1868.56 1892.79 1869.27 1805.28 1727.71 1688.43 1738.52 1743.28 1694.06
727.28 746.34 764.05 804.98 899.87 1123.14 1295.90 1251.06 1231.26 1119.09 1114.92 1091.41 1139.51 1123.08 1061.87 1129.21 1141.59 1201.49 1274.92 1331.40 1354.81 1367.96 1310.66 1369.09 1416.89 1598.80 1834.29 2037.68 2158.26 2090.05 2137.97 2329.12 2211.49 2241.47 2427.06 2258.85 1596.19 1508.60 1563.11 1570.88 1515.14 1434.90 1408.54 1432.38 1378.18 1316.12 1291.80 1306.17 1287.94 1313.68 1449.05 1571.54 1639.63 1681.71 1738.72 1802.35 1890.03 1953.24 1809.82 1772.89 1790.16 1889.66 1943.31 1998.60 1941.43 1887.61 1932.26 1930.42 1935.35 1817.40
741.03 750.45 733.99 743.83 803.35 1214.72 1261.05 1265.75 1109.43 1124.06 1163.85 1122.89 1138.82 1148.92 1142.79 1149.35 1162.34 1243.37 1260.08 1320.03 1364.31 1375.92 1334.69 1270.18 1364.59 1513.05 1719.42 1841.78 1975.77 2055.72 2077.84 2173.76 2171.37 2139.67 2178.03 2144.76 1679.40 1412.44 1440.39 1427.93 1389.36 1345.81 1359.79 1349.42 1311.04 1226.18 1109.86 1189.89 1284.25 1403.08 1583.26 1752.61 1873.93 1971.28 2029.30 1947.17 1903.49 1847.59 1774.83 1784.02 1836.72 1895.35 1976.19 2004.32 2041.35 2057.58 2112.61 2191.76 2168.42 2003.84
905.20 767.46 727.28 752.21 766.84 1088.22 1176.08 1220.19 1148.39 1152.49 1167.85 1136.08 1151.27 1144.20 1162.19 1201.43 1193.11 1224.33 1232.77 1302.01 1365.99 1380.69 1354.98 1223.36 1325.59 1445.44 1645.10 1771.26 1881.46 1949.79 1956.69 1987.60 2059.54 2027.85 1890.59 1782.71 1861.81 1513.36 1339.16 1351.81 1264.22 1278.97 1318.60 1303.02 1260.71 1205.73 1110.85 1148.89 1252.24 1444.56 1673.05 1870.61 2085.53 2306.83 2254.68 2048.57 1905.87 1815.97 1784.12 1798.81 1816.21 1880.79 1970.99 2066.16 2112.85 2181.28 2226.43 2467.20 2427.71 2237.40
693.63 681.86 709.31 714.48 703.48 870.81 1122.46 1226.62 1181.64 1225.32 1162.14 1150.63 1136.99 1145.72 1156.02 1201.76 1299.32 1298.85 1301.03 1271.53 1311.86 1392.31 1333.71 1342.54 1427.58 1548.32 1720.79 1766.24 1806.60 1833.14 1858.92 1873.14 1875.64 1819.43 1691.07 1545.88 1611.80 1476.47 1260.41 1295.31 1228.35 1223.30 1270.52 1302.20 1217.80 1152.70 1134.43 1141.44 1263.97 1481.00 1762.28 2130.41 2249.00 2220.74 2108.82 2044.32 1917.66 1779.56 1758.77 1750.71 1773.08 1865.06 1961.56 2100.38 2162.47 2202.70 2293.11 2386.66 2244.11 2202.87
666.21 663.05 691.26 701.31 684.76 885.25 1232.38 1357.05 1280.22 1296.11 1230.52 1200.13 1172.70 1167.08 1185.64 1246.83 1320.48 1401.35 1331.90 1330.04 1322.03 1413.63 1396.29 1431.64 1448.87 1594.24 1783.61 1742.69 1728.58 1741.76 1772.80 1735.74 1727.82 1642.12 1532.79 1387.48 1358.30 1455.48 1281.73 1218.69 1234.00 1180.41 1210.30 1265.01 1214.48 1130.55 1167.16 1225.35 1391.47 1671.34 1902.02 2035.75 2065.58 -99.90 -99.90 -99.90 1882.29 1741.66 1754.69 1703.39 1753.21 1901.85 1985.23 2097.14 2103.30 2138.17 -99.90 -99.90 -99.90 -99.90
678.88 656.03 665.17 686.60 704.93 942.71 1262.81 1384.55 1355.81 1313.65 1252.65 1257.87 1241.77 1181.45 1196.02 1230.01 1327.67 1396.10 1421.52 1410.79 1444.87 1480.56 1466.42 1475.10 1395.92 1629.83 1663.66 1668.08 1680.39 1670.34 1654.55 1571.18 1555.53 1532.12 1421.52 1378.17 1363.18 1293.83 1189.68 1226.01 1177.63 1148.50 1211.96 1229.69 1178.84 1133.57 1230.14 1298.47 1467.63 1691.28 1729.21 1771.42 -99.90 -99.90 -99.90 -99.90 1740.70 -99.90 1642.10 1592.29 1670.40 1864.81 1922.74 -99.90 -99.90 -99.90 -99.90 -99.90 -99.90 -99.90
677.40 661.27 632.76 599.15 670.00 885.28 1246.61 1279.16 1303.21 1256.75 1221.66 1210.20 1188.53 1157.62 1182.57 1220.43 1314.06 1416.72 1432.78 1415.44 1451.66 1525.19 1561.97 1578.84 1594.38 1586.09 1543.31 1559.28 1572.87 1580.58 1478.48 1449.13 1464.40 1484.60 1425.33 1371.11 1361.27 1348.62 1300.06 1292.71 1264.67 1268.62 1257.19 1226.43 1172.39 1164.36 1233.97 1214.84 1382.26 1454.20 1540.56 1669.32 -99.90 -99.90 -99.90 -99.90 -99.90 -99.90 1525.07 1431.22 1547.13 1709.94 1816.36 -99.90 -99.90 -99.90 -99.90 -99.90 -99.90 -99.90
648.34 651.98 659.45 684.03 757.50 985.06 1229.53 1226.17 1283.43 1262.39 1226.54 1184.19 1134.87 1144.79 1160.44 1199.35 1340.60 1486.70 1493.17 1487.21 1504.44 1523.25 1522.16 1611.71 1582.42 1525.31 1505.84 1522.94 1559.79 1431.18 1356.54 1416.12 1496.44 1470.70 1450.30 1407.20 1460.47 1379.63 1336.27 1378.32 1404.23 1406.78 1319.80 1234.49 1200.62 1203.10 1218.33 1240.35 1216.86 -99.90 -99.90 -99.90 -99.90 -99.90 -99.90 -99.90 -99.90 -99.90 -99.90 1315.67 1499.66 1652.57 -99.90 -99.90 -99.90 -99.90 -99.90 -99.90 -99.90 -99.90
681.42 681.71 707.64 790.00 896.97 1108.96 1358.45 1405.93 1291.15 1227.33 1188.55 1129.22 1135.01 1136.08 1132.95 1193.44 1290.26 1424.17 1551.93 1626.48 1637.09 1626.55 1552.22 1538.86 1473.39 1437.05 1366.87 1483.66 1461.80 1363.47 1426.64 1465.81 1468.79 1463.00 1425.82 1456.41 1509.15 1411.19 1349.99 1379.90 1407.20 1397.03 1344.89 1259.54 1234.72 1207.79 1234.22 -99.90 -99.90 -99.90 -99.90 -99.90 -99.90 -99.90 -99.90 -99.90 -99.90 -99.90 -99.90 1363.39 1508.82 1690.25 1714.94 -99.90 -99.90 -99.90 -99.90 -99.90 -99.90 -99.90
743.77 720.44 765.09 857.16 955.70 1152.04 1451.81 1599.52 1300.43 1206.82 1189.55 1109.59 1126.94 1137.44 1147.73 1209.88 1241.16 1418.05 1506.13 1575.20 1596.44 1592.73 1515.00 1442.48 1445.45 1413.91 1375.21 1364.70 1346.64 1365.56 1452.74 1455.70 1419.57 1452.72 1373.69 1410.81 1418.89 1361.13 1302.56 1308.20 1333.49 1330.80 1290.77 1297.80 1271.13 1212.49 -99.90 -99.90 -99.90 -99.90 -99.90 -99.90 -99.90 -99.90 -99.90 -99.90 -99.90 -99.90 -99.90 -99.90 1598.47 1662.21 1729.94 1723.90 -99.90 -99.90 -99.90 -99.90 -99.90 -99.90
780.51 749.59 806.87 929.35 1101.47 1266.44 1366.06 1384.25 1233.43 1167.99 1182.51 1164.12 1209.23 1181.33 1181.40 1187.25 1262.42 1329.27 1474.04 1519.25 1404.01 1323.76 1409.40 1361.45 1397.85 1398.02 1307.18 1323.71 1319.93 1431.31 1538.63 1504.55 1471.40 1471.85 1440.99 1338.43 1414.53 1336.82 1256.35 1275.10 1268.90 1325.95 1264.16 1236.84 1243.37 -99.90 -99.90 -99.90 -99.90 -99.90 -99.90 -99.90 -99.90 -99.90 -99.90 -99.90 1383.38 1237.23 1000.26 1133.34 1421.82 1627.34 1778.33 1874.72 -99.90 -99.90 -99.90 -99.90 -99.90 -99.90
870.12 812.42 903.32 1064.07 1318.53 1406.85 1352.71 1301.22 1167.46 1161.82 1246.28 1192.88 1236.15 1194.38 1211.13 1220.62 1259.96 1218.33 1288.24 1364.87 1338.03 1288.23 1331.31 1342.42 1368.97 1351.24 1317.08 1340.81 1454.66 1577.01 1652.73 1634.81 1672.12 1503.50 1413.36 1367.13 1270.86 1204.12 1286.36 1204.85 1216.35 1263.15 1211.12 1145.30 -99.90 -99.90 -99.90 -99.90 -99.90 -99.90 -99.90 -99.90 -99.90 -99.90 -99.90 1366.48 1295.36 1296.51 1441.70 1442.40 1532.64 1680.81 1798.83 1846.49 1750.09 -99.90 -99.90 -99.90 -99.90 -99.90
1024.75 934.48 922.49 1135.38 1386.05 1537.38 1393.39 1321.66 1213.86 1231.23 1258.23 1301.41 1230.82 1185.47 1231.04 1300.06 1265.53 1157.09 1158.91 1205.97 1199.33 1242.87 1319.14 1375.27 1389.81 1332.89 1252.91 1349.47 1498.41 1573.33 1637.40 1713.45 1630.36 1521.33 1436.30 1328.13 1237.47 1144.74 1162.04 1175.64 1150.54 1185.16 1205.14 1177.19 -99.90 -99.90 -99.90 -99.90 -99.90 -99.90 -99.90 -99.90 -99.90 -99.90 1238.07 1176.03 1331.90 1586.80 1776.09 1719.59 1726.92 1767.94 1776.67 1704.57 -99.90 -99.90 -99.90 -99.90 -99.90 -99.90
1188.86 1070.77 1050.93 1228.65 1522.05 1784.56 1602.49 1471.46 1349.07 1294.40 1172.85 1172.92 1113.06 1154.15 1224.64 1333.40 1254.83 1161.56 1146.03 1171.33 1145.95 1170.61 1301.15 1378.33 1329.21 1306.55 1252.78 1386.68 1670.76 1905.09 1910.45 1886.59 1654.30 1682.28 1528.20 1486.86 1467.46 1322.99 1318.69 1218.27 1170.33 1176.59 1177.83 -99.90 -99.90 -99.90 -99.90 -99.90 -99.90 -99.90 -99.90 -99.90 -99.90 -99.90 1184.18 1219.40 1477.24 1678.73 1849.27 1862.42 1826.09 1801.56 1737.23 -99.90 -99.90 -99.90 -99.90 -99.90 -99.90 -99.90
1427.86 1292.53 1328.34 1419.65 1731.14 2129.64 2099.10 1598.34 1335.41 1347.42 1019.60 960.89 1047.50 1083.27 1195.67 1350.94 1211.30 1118.20 1153.85 1143.56 1167.31 1211.40 1286.93 1333.06 1258.44 1247.64 1250.53 1385.41 1725.00 2467.55 2472.95 2368.81 1748.65 2050.83 2330.16 2015.71 1717.49 1607.77 1525.40 1369.91 1295.20 1376.72 1343.48 -99.90 -99.90 -99.90 -99.90 -99.90 -99.90 -99.90 -99.90 -99.90 -99.90 -99.90 1228.60 1327.46 1478.50 1619.48 1782.45 1817.34 1804.79 1769.67 1706.61 -99.90 -99.90 -99.90 -99.90 -99.90 -99.90 -99.90
1723.83 1464.28 1498.92 1651.71 1942.35 2490.83 2595.64 1707.58 1306.67 1364.44 1055.82 978.17 977.09 1001.23 1103.60 1168.45 1106.27 1116.37 1153.46 1174.49 1167.14 1172.90 1199.46 1216.91 1178.46 1218.20 1231.24 1355.92 1628.36 1835.13 2201.65 2274.85 2388.28 2435.30 3040.85 2790.94 2225.74 1980.88 1722.55 1522.88 1424.97 1384.71 1470.61 1430.31 -99.90 -99.90 -99.90 -99.90 -99.90 -99.90 -99.90 -99.90 -99.90 -99.90 1277.97 1338.90 1380.79 1546.55 1599.43 1652.76 1719.14 1668.54 -99.90 -99.90 -99.90 -99.90 -99.90 -99.90 -99.90 -99.90
1897.59 1587.80 1643.61 1796.58 2122.13 2698.12 2973.10 2150.97 1447.32 1470.21 1244.98 1021.24 961.57 1002.84 1067.52 1091.35 1156.32 1182.50 1106.01 1090.72 1074.73 1127.53 1096.12 1111.52 1138.04 1202.18 1208.34 1287.33 1473.23 1717.63 1838.71 2073.68 2425.58 2846.38 3156.38 2951.96 2550.89 2245.99 2040.08 1748.46 1578.77 1457.61 1475.32 1408.99 1536.87 -99.90 -99.90 -99.90 -99.90 -99.90 -99.90 -99.90 -99.90 -99.90 -99.90 1301.87 1342.14 1418.54 1477.64 1521.31 1585.92 -99.90 -99.90 -99.90 -99.90 -99.90 -99.90 -99.90 -99.90 -99.90
2122.77 1834.54 1865.44 1954.91 2247.02 2700.59 2996.34 2976.73 1873.63 1816.53 1436.71 1134.97 1019.89 1053.72 1061.39 1041.75 1109.92 1114.31 1065.89 1066.94 1056.18 1078.48 1065.19 1070.10 1121.27 1174.18 1192.42 1277.36 1427.09 1664.47 1800.63 1960.96 2128.15 2354.46 2596.15 2657.65 2676.30 2629.97 2531.84 2077.53 1860.54 1688.57 1719.88 1698.29 1892.01 1837.71 -99.90 -99.90 -99.90 -99.90 -99.90 -99.90 -99.90 -99.90 -99.90 -99.90 -99.90 1364.04 1404.04 -99.90 -99.90 -99.90 -99.90 -99.90 -99.90 -99.90 -99.90 -99.90 -99.90 -99.90
2332.83 2122.59 2086.48 2177.32 2421.16 2837.55 3178.21 3313.21 2469.34 2569.85 1748.44 1322.00 1085.68 1059.98 1048.08 1049.08 1065.35 1073.70 1119.47 1101.23 1107.81 1127.58 1092.93 1082.46 1123.66 1219.55 1217.87 1324.12 1430.36 1539.71 1673.69 1776.49 1866.23 1979.27 2129.32 2237.60 2412.24 2708.57 2764.24 2467.55 2194.96 1842.37 1711.33 1719.01 1782.40 1722.61 -99.90 -99.90 -99.90 -99.90 -99.90 -99.90 -99.90 -99.90 -99.90 -99.90 -99.90 -99.90 -99.90 -99.90 -99.90 -99.90 -99.90 -99.90 -99.90 -99.90 -99.90 -99.90 -99.90 -99.90
2472.97 2342.87 2272.71 2313.01 2616.19 3131.75 3567.43 3737.76 3130.45 2812.24 2109.17 1557.83 1252.09 1078.70 1035.65 1053.84 1076.11 1060.57 1107.91 1076.48 1138.86 1147.65 1134.93 1065.72 1108.56 1157.98 1253.27 1300.68 1375.29 1475.52 1535.38 1646.27 1703.39 1697.69 1778.03 1851.20 2050.55 2218.62 2292.50 2477.33 2463.30 2124.87 1827.47 1663.48 1607.92 1591.02 1662.69 -99.90 -99.90 -99.90 -99.90 -99.90 -99.90 -99.90 -99.90 -99.90 -99.90 -99.90 -99.90 -99.90 -99.90 -99.90 -99.90 -99.90 -99.90 -99.90 -99.90 -99.90 -99.90 -99.90
2422.53 2369.24 2326.24 2416.30 2694.93 3198.43 3743.37 4269.42 4015.85 3151.23 2258.57 1788.95 1485.68 1181.47 1080.36 1065.57 1091.02 1078.13 1110.26 1076.91 1117.72 1211.09 1205.66 1155.55 1126.42 1129.61 1247.12 1273.42 1312.63 1395.09 1490.70 1552.38 1535.10 1541.31 1549.08 1594.90 1741.33 1889.07 2028.07 2242.97 2542.56 2273.40 1938.66 1748.58 1655.88 1599.30 1614.11 1679.24 -99.90 -99.90 -99.90 -99.90 -99.90 -99.90 -99.90 -99.90 -99.90 -99.90 -99.90 -99.90 -99.90 -99.90 -99.90 -99.90 -99.90 -99.90 -99.90 -99.90 -99.90 -99.90
2577.08 2442.72 2423.63 2467.19 2685.44 3015.79 3621.41 4103.02 4556.81 4059.61 2621.95 2381.65 1870.37 1506.88 1160.85 1080.30 1099.83 1088.81 1149.60 1261.29 1217.97 1286.84 1325.66 1274.80 1161.87 1160.93 1206.47 1235.60 1254.86 1272.29 1309.86 1360.28 1371.87 1400.72 1411.54 1418.57 1535.61 1563.91 1626.22 1707.34 1981.06 1958.44 1872.11 1748.37 1625.50 1600.82 1507.95 1561.65 1706.57 -99.90 -99.90 -99.90 -99.90 -99.90 -99.90 -99.90 -99.90 -99.90 -99.90 -99.90 -99.90 -99.90 -99.90 -99.90 -99.90 -99.90 -99.90 -99.90 -99.90 -99.90
2660.64 2533.51 2547.17 2387.85 2598.35 2909.33 3502.60 3971.96 4392.07 5185.34 4164.14 3405.75 2567.40 1761.05 1356.82 1237.06 1159.22 1116.38 1159.63 1267.83 1245.94 1330.06 1329.36 1236.35 1165.23 1174.75 1148.84 1186.28 1179.17 1169.58 1191.99 1257.42 1269.59 1282.48 1328.44 1389.39 1413.80 1415.29 1408.01 1493.80 1634.87 1695.96 1771.27 1689.52 1656.90 1676.06 1694.69 1573.73 1797.25 1977.78 -99.90 -99.90 -99.90 -99.90 -99.90 -99.90 -99.90 -99.90 -99.90 -99.90 -99.90 -99.90 -99.90 -99.90 -99.90 -99.90 -99.90 -99.90 -99.90 -99.90
2691.51 2594.51 2531.89 2172.82 2501.01 3021.20 3562.93 3795.37 -99.90 5081.78 5186.25 4462.95 3837.09 2103.43 1437.97 1269.96 1229.71 1187.49 1213.89 1227.00 1229.03 1341.49 1333.47 1162.12 1192.03 1122.86 1068.15 1104.42 1094.56 1092.54 1135.94 1199.81 1266.80 1299.70 1314.45 1373.22 1404.22 1392.55 1386.42 1521.74 1600.50 1725.54 1672.43 1632.61 1774.54 1713.29 1735.03 1713.15 1737.35 2035.37 2258.70 -99.90 -99.90 -99.90 -99.90 -99.90 -99.90 -99.90 -99.90 -99.90 -99.90 -99.90 -99.90 -99.90 -99.90 -99.90 -99.90 -99.90 -99.90 -99.90
2777.91 2662.26 2562.97 2469.82 2725.01 3319.58 -99.90 -99.90 -99.90 4535.34 5219.93 4601.52 3816.16 2174.28 1463.04 1280.26 1232.21 1231.28 1163.90 1139.82 1198.50 1299.34 1235.68 1145.78 1149.46 1040.75 1001.14 1006.57 1001.84 1025.13 1096.79 1218.96 1267.88 1338.05 1377.60 1355.54 1384.41 1465.65 1452.72 1603.96 1853.65 1704.18 1653.61 1606.08 1644.58 1817.76 1884.76 1953.31 1964.14 2095.31 2517.17 2537.66 2240.92 -99.90 -99.90 -99.90 -99.90 -99.90 -99.90 -99.90 -99.90 -99.90 -99.90 -99.90 -99.90 -99.90 -99.90 -99.90 -99.90 -99.90
