arc/python_arcpy/Precipitation/APHRO_MA_025deg_1996.txt
ncols	360 
nrows	280 
xllcorner	60.125 
yllcorner	-14.875 
cellsize	0.25 
NODATA_value	-99.9 
[rows 93 to 123 of 280, columns 70 to 139 of 360]
1525.93 1379.86 759.94 661.88 547.39 335.78 350.76 342.79 333.51 312.08 270.38 210.46 195.66 164.79 167.87 175.44 170.33 165.23 168.55 187.07 191.97 195.58 193.77 185.63 185.80 192.85 202.80 199.19 193.26 195.88 199.82 198.44 201.32 212.62 210.01 212.24 238.88 251.41 267.60 275.19 285.39 311.56 319.86 326.83 340.42 344.78 344.40 350.64 357.92 356.97 360.73 368.05 372.92 391.64 419.75 436.88 447.19 431.03 427.59 457.94 475.38 504.09 513.03 509.83 511.81 517.67 532.16 555.93 560.20 537.59
1146.11 986.33 756.14 677.61 613.42 462.66 397.01 395.60 517.12 483.33 415.62 289.13 254.96 212.34 197.56 180.79 179.78 195.85 187.97 194.85 201.41 202.90 199.66 206.84 202.66 202.94 216.76 200.83 192.01 192.68 195.46 196.46 201.01 214.66 215.31 210.74 239.18 241.50 264.52 267.15 278.62 305.41 310.41 308.97 327.78 336.68 336.96 333.29 343.89 345.31 353.33 368.29 377.52 384.74 407.08 437.03 449.83 439.40 430.40 465.21 485.74 509.35 521.77 528.65 536.77 534.52 551.39 572.29 573.33 555.11
946.71 939.14 860.67 758.93 737.65 838.18 665.25 479.81 523.67 555.87 566.28 423.11 380.56 375.30 309.94 212.78 211.79 219.29 218.58 204.38 199.63 201.85 213.58 220.83 214.58 225.80 211.80 202.82 194.77 194.64 196.36 194.00 203.74 221.06 209.77 223.07 243.39 258.91 274.01 275.40 287.59 297.76 304.06 318.05 311.45 322.36 332.73 331.22 340.64 347.77 348.98 359.99 371.43 375.61 393.64 415.23 440.03 453.90 466.63 476.21 496.54 522.49 543.80 559.41 560.05 564.31 574.98 583.70 592.64 587.66
997.79 1114.93 1235.58 1140.87 1079.24 1057.79 974.35 901.73 827.50 806.77 769.95 592.95 500.71 420.42 262.04 233.00 233.51 238.44 229.51 233.32 229.63 222.29 252.34 238.73 260.26 250.79 211.78 198.77 196.88 198.17 196.53 196.62 211.17 218.37 208.96 227.40 252.94 265.01 277.14 276.71 288.43 301.38 311.56 309.81 304.88 316.23 320.92 329.57 335.63 349.11 353.40 359.65 369.00 378.57 383.20 395.18 435.95 452.47 466.68 484.89 508.62 539.49 587.70 610.21 585.94 595.92 606.56 595.90 591.81 578.73
1497.78 1690.49 1658.60 1605.44 1334.75 1306.30 1391.83 1308.96 1164.15 968.45 777.16 668.86 382.13 318.07 252.12 206.30 247.84 256.29 267.01 279.99 282.57 308.77 354.92 347.14 309.75 245.79 225.92 205.46 213.55 204.65 201.32 202.67 219.41 209.59 214.64 223.27 268.06 259.82 276.86 282.20 288.49 295.04 303.28 305.16 309.96 315.07 315.66 314.82 324.21 330.11 346.68 360.04 359.57 360.21 386.20 399.40 445.02 456.68 471.43 489.07 510.01 548.90 620.47 665.94 601.19 610.66 618.16 615.47 602.73 607.39
1746.17 1946.57 2150.03 1485.01 1122.20 1143.43 1317.73 1379.70 1447.60 923.51 841.79 796.50 499.57 320.35 272.30 181.52 279.56 291.38 298.22 349.60 447.83 554.48 507.98 397.00 312.16 278.46 247.96 235.11 237.06 236.56 232.29 241.48 243.48 218.93 223.15 237.50 271.17 281.87 271.73 277.83 282.20 288.61 302.13 303.47 313.77 305.04 312.95 312.09 319.84 326.06 337.38 338.58 346.17 376.16 396.26 395.06 434.76 451.37 472.91 487.78 512.93 544.71 591.92 616.43 613.26 629.53 656.15 660.22 682.98 690.22
1374.95 1374.67 1627.03 1600.19 1240.35 1091.87 1248.26 1254.20 1196.76 1137.46 1230.07 1272.39 1066.10 610.60 319.46 359.90 493.41 563.24 523.31 652.98 701.02 695.74 551.95 355.26 282.65 236.04 252.06 269.79 262.32 271.44 273.89 296.60 263.08 226.78 228.36 256.42 257.03 271.09 270.40 283.88 293.36 291.33 299.86 305.67 314.65 313.00 318.67 308.43 313.38 321.99 319.41 337.09 357.22 349.32 374.47 403.30 437.51 469.13 475.85 478.84 503.34 547.68 587.77 587.92 603.93 626.54 637.11 634.69 653.34 741.03
1104.01 1028.51 1014.71 1481.28 1506.59 1309.56 1249.40 1071.35 1007.13 1247.16 1580.16 1628.31 1546.63 1176.31 665.37 618.10 757.67 936.52 972.14 877.30 779.90 701.82 530.11 313.96 244.94 232.12 243.50 263.13 272.66 267.74 293.45 302.73 259.53 232.49 247.90 267.28 257.61 260.19 269.37 285.46 302.32 300.05 302.92 305.17 315.05 330.15 349.92 326.82 313.77 310.99 315.57 340.68 340.63 352.93 398.57 438.20 485.45 505.14 462.11 470.07 501.28 540.32 554.47 586.47 614.69 642.21 639.64 624.49 641.12 692.64
944.27 947.79 946.57 1136.62 1442.86 1386.04 1333.42 1183.19 958.70 1067.77 1297.45 1318.53 1445.95 1628.80 1403.62 1187.32 942.68 849.44 954.79 918.88 855.18 704.48 465.29 284.76 238.88 238.85 241.12 254.65 258.82 273.92 298.54 278.81 279.43 281.11 262.87 290.43 271.10 259.73 270.12 270.46 309.70 295.24 313.36 321.06 333.91 332.71 386.06 330.71 325.49 309.48 302.04 309.21 319.17 362.85 386.91 401.09 399.61 415.99 447.25 461.29 482.51 504.04 514.95 528.38 527.49 571.45 624.72 671.73 639.31 672.68
953.46 1031.92 1013.11 1036.88 1135.84 1105.95 1203.13 1486.61 1293.94 1052.72 1102.10 1149.54 1185.03 1434.65 1490.25 1356.14 826.92 680.15 855.39 954.14 795.84 699.23 440.21 337.95 283.38 245.24 241.29 262.64 263.71 285.44 282.72 360.12 406.00 346.91 297.57 284.97 276.87 289.86 299.34 312.39 333.24 350.48 358.63 353.21 367.14 379.32 382.25 362.75 325.98 294.76 309.19 305.57 347.57 376.87 374.52 385.88 380.16 396.69 421.82 450.02 479.62 481.35 468.59 487.07 512.05 544.33 604.53 685.35 684.41 710.39
927.27 1018.43 1008.59 957.50 934.49 915.17 949.77 1174.49 1326.01 1275.84 1367.93 1424.57 1435.68 1323.72 1381.09 1202.76 999.94 800.34 1012.16 1146.25 920.61 774.59 575.50 400.27 306.32 232.37 245.05 283.38 294.81 305.13 438.98 558.16 493.62 398.86 326.42 297.45 288.07 298.86 294.38 309.06 361.08 358.25 358.49 365.49 371.70 372.32 347.99 322.72 293.74 297.67 295.48 319.52 330.45 336.66 361.01 383.95 386.53 391.84 408.52 451.59 527.05 504.44 496.51 500.59 533.44 588.80 641.26 708.08 770.06 1273.04
949.29 1008.38 1000.12 945.25 890.29 848.35 895.72 955.37 1049.11 1179.87 1247.12 1433.13 1674.89 1632.12 1507.04 1205.82 1412.48 1250.18 1343.34 1541.19 1116.79 794.23 821.34 741.05 397.59 283.69 309.78 365.43 409.54 536.05 731.83 642.96 543.83 450.35 346.50 349.04 282.04 284.60 284.00 282.85 308.20 342.89 335.21 331.24 334.39 324.41 320.74 302.03 290.13 292.21 297.85 324.80 326.59 342.45 362.57 377.49 384.11 389.60 399.79 411.24 430.64 454.43 457.54 477.06 486.77 526.68 724.66 816.87 1386.40 2019.81
981.18 964.59 998.54 932.11 845.50 855.63 915.60 951.80 998.91 1107.15 1131.02 1318.16 1477.58 1511.32 1553.76 1454.39 1508.25 1415.20 1467.95 1557.89 1479.56 1259.44 1265.17 1520.24 1053.24 619.73 686.35 818.23 806.98 878.93 723.17 705.65 578.21 483.24 406.10 343.43 328.18 322.77 352.29 377.21 396.73 409.70 388.44 338.46 337.94 319.20 320.41 312.47 307.12 305.95 300.09 308.09 297.34 319.07 365.96 381.10 395.75 400.14 395.84 386.77 396.52 425.25 458.65 507.74 591.81 671.40 947.26 1179.50 1655.17 1876.35
910.38 973.32 1063.89 1043.63 951.62 952.30 967.22 1031.28 1088.46 1156.42 1072.89 1103.56 1157.86 1160.87 1197.84 1341.95 1730.33 1565.11 1187.87 1270.71 1515.01 1582.88 2040.36 1603.81 2259.16 3068.43 2192.25 2200.00 1168.94 1350.60 770.50 779.11 574.43 510.14 469.75 352.95 358.23 384.37 406.38 435.16 422.91 477.07 423.45 406.81 354.71 334.40 333.61 329.86 328.80 324.31 332.84 337.44 327.97 328.52 400.28 438.31 423.01 423.95 412.61 380.70 387.26 441.85 541.70 762.58 964.73 1207.76 1345.39 1152.81 2125.73 2302.73
850.60 971.90 1059.68 1088.35 1051.01 974.38 986.96 987.40 1019.00 1082.06 1055.01 1023.78 1008.04 975.13 1043.68 1205.68 1280.61 1375.06 1494.31 1548.68 1493.88 1585.55 1842.83 1958.42 2334.26 2767.12 2847.18 2360.64 2322.28 2228.65 1573.97 1146.06 1299.15 834.66 563.90 524.89 432.86 432.79 479.08 655.29 527.00 591.63 551.90 479.39 423.57 373.09 361.01 358.67 360.97 383.23 444.69 399.87 373.24 366.47 476.42 470.84 471.62 475.06 449.61 426.40 421.67 486.97 872.55 1334.10 1483.64 1437.74 2018.25 1808.97 2460.38 2537.28
913.20 965.31 1017.98 1042.73 997.12 953.25 960.17 996.47 966.03 966.08 950.66 936.02 928.77 967.49 1043.05 1114.50 1144.32 1245.20 1467.79 1597.63 1567.28 1556.18 1761.17 1648.37 1746.16 1985.79 1731.92 1477.15 1614.43 1914.58 1984.03 2336.36 2509.79 2528.00 1569.37 875.36 770.18 709.65 826.46 1912.98 997.29 865.12 692.50 531.56 525.35 417.02 400.76 379.50 440.55 474.65 600.24 453.62 429.17 466.38 821.79 568.63 544.67 554.55 488.15 471.61 531.01 754.86 1203.41 1472.94 1674.48 1750.65 1882.45 2310.06 2274.42 2487.09
920.73 998.68 987.31 968.18 921.08 906.63 906.22 940.13 938.54 934.99 943.34 915.69 912.52 976.97 1039.27 1093.30 1141.94 1157.52 1315.84 1428.59 1481.29 1515.73 1657.39 1978.59 2114.81 2256.67 2079.92 1630.73 1473.73 1473.66 1602.01 1563.88 1253.36 1611.54 1811.27 1485.66 1578.27 1536.93 2382.71 3393.13 1437.23 1503.80 874.29 1162.70 1092.31 479.15 428.12 476.05 541.25 1228.78 959.15 903.72 725.87 591.99 940.17 822.07 884.77 728.23 622.61 698.67 1046.22 1348.34 1464.28 1215.03 1584.10 1578.45 1975.51 2428.09 2354.74 2300.51
852.24 972.08 1043.98 998.48 967.07 945.58 915.54 908.66 902.95 898.47 946.79 934.74 919.30 951.51 1015.90 1033.87 1079.59 1123.33 1203.01 1228.52 1262.81 1260.37 1366.01 1547.52 1681.89 1851.68 1713.26 1407.15 1259.60 1496.44 1855.68 2043.51 1659.89 1379.49 1342.17 1454.36 1717.97 2058.23 2073.38 1988.83 1979.25 2231.95 1805.86 2223.19 1958.92 643.17 610.79 710.88 663.67 1109.26 1277.84 1112.81 1057.70 672.01 808.33 846.97 1108.04 684.08 867.04 1230.09 1379.58 1590.04 1514.89 1270.87 1797.29 2070.89 2565.88 2644.29 2378.76 2226.04
930.60 984.35 1086.82 1062.12 1001.59 971.13 927.22 905.75 914.17 852.44 884.22 956.88 943.34 910.35 921.71 965.53 1035.06 1109.09 1056.07 1061.26 1118.60 1132.53 1310.21 1434.74 1363.16 1455.13 1418.98 1217.93 1038.15 1169.96 1391.27 1585.14 1869.70 1699.47 1657.29 1386.13 1355.06 1415.05 1081.57 1092.10 1234.98 1933.78 2419.86 2749.56 2549.35 2352.02 1854.05 1371.96 1047.02 1274.62 1682.05 1405.11 1514.93 1209.67 1332.61 1634.99 1345.16 1242.86 1437.03 1381.92 1715.78 1889.09 1763.77 1763.26 2071.62 2372.32 2527.64 2417.97 2196.10 2043.51
935.79 994.33 974.29 1007.34 1049.51 1037.24 980.09 923.71 901.52 870.11 883.61 914.24 880.30 867.98 830.79 892.74 982.52 1058.63 1019.19 1039.28 1088.25 1066.19 1153.64 1292.67 1267.19 1311.34 1191.36 1015.87 1041.78 1114.27 1219.15 1327.27 1261.71 1280.17 1476.00 1426.56 1407.41 1445.69 1544.59 1188.49 1364.26 2051.50 2845.50 3287.69 3175.95 3231.93 3014.38 3006.48 2323.90 2179.77 2332.45 2802.29 2454.36 2633.44 2988.79 2792.50 2386.57 2286.57 2305.98 2040.99 1898.61 1889.49 2012.51 2104.97 2039.82 2048.99 2052.87 2032.98 1963.68 1930.39
930.28 974.40 967.97 971.61 1036.29 1047.48 971.04 910.77 865.56 853.63 835.45 815.52 811.25 820.44 844.47 892.04 930.03 961.05 978.25 978.07 969.03 966.25 1044.30 1154.91 1181.65 1160.56 1016.93 938.24 989.82 1025.80 1103.17 1235.42 1112.21 1121.74 1083.91 1238.40 1427.61 1623.63 1867.95 1949.02 2398.76 2534.87 2436.96 2913.48 3110.92 2784.44 2680.41 2908.74 3037.39 2580.94 2401.52 2291.90 2607.32 2713.23 2828.02 2508.39 2204.57 1907.86 1663.17 1672.54 1568.21 1558.10 1759.25 1797.15 1719.69 1692.13 1704.48 1750.03 1788.54 1832.39
901.72 937.20 951.00 918.79 956.14 935.01 910.82 888.83 874.10 846.91 801.08 798.98 825.21 802.33 829.91 842.19 852.91 841.17 896.19 922.83 888.29 930.20 972.23 1036.40 1094.34 1026.31 917.09 928.13 1005.40 1002.23 1015.80 1146.97 1045.40 961.95 989.81 1037.79 1168.31 1333.91 1520.15 1690.58 2034.13 2247.85 2211.96 2398.83 2582.08 2391.74 2333.06 2613.38 2626.57 2188.18 2027.88 1988.47 2298.40 2237.53 2006.66 1946.16 1711.19 1536.20 1341.89 1393.48 1400.64 1425.64 1538.92 1509.39 1489.10 1493.31 1536.81 1621.11 1677.60 1668.09
865.80 905.35 930.94 968.38 972.00 934.92 945.88 952.82 921.45 864.32 858.19 915.09 902.22 814.66 793.46 787.32 802.73 833.80 856.85 892.49 879.40 956.91 949.22 1032.66 1064.76 844.95 868.44 990.86 1016.12 1014.62 935.48 937.76 997.61 980.79 948.27 1014.80 1079.81 1169.75 1259.96 1388.03 1641.45 1888.64 1944.76 1916.71 1975.74 2024.64 2006.96 2166.27 2142.02 1858.67 1748.51 1862.76 2233.72 2076.34 1742.41 1866.67 1689.09 1558.49 1421.71 1361.80 1344.73 1300.58 1268.01 1332.86 1376.23 1367.01 1471.12 1523.63 1499.12 1597.18
837.85 874.26 924.43 1014.94 962.04 976.48 1002.99 951.84 833.45 779.95 784.36 796.45 838.64 820.29 802.47 777.39 791.20 840.94 830.60 794.37 779.16 853.06 912.52 1039.38 1002.35 833.82 859.27 974.83 993.41 1005.57 983.94 974.83 982.21 1018.10 934.93 928.31 1037.68 1099.73 1160.64 1282.50 1401.41 1501.35 1526.46 1566.77 1604.87 1682.73 1739.36 1847.38 1876.15 1827.41 1716.70 1994.22 2323.00 2400.93 2550.60 2576.51 2654.02 2293.69 2069.62 1752.00 1424.62 1223.36 1093.26 1111.88 1167.39 1264.09 1382.76 1405.63 1426.47 1508.47
821.76 847.76 879.29 903.25 901.57 929.62 937.52 951.26 856.23 721.33 672.74 702.00 764.81 762.03 771.75 763.48 800.09 825.91 800.36 764.79 768.15 799.47 838.91 894.44 899.34 841.78 852.29 884.92 885.19 897.52 948.80 875.12 872.50 1005.67 993.85 944.24 1037.33 1086.43 1117.33 1182.09 1185.75 1222.32 1299.30 1354.65 1417.50 1503.40 1549.49 1617.19 1656.19 1751.99 2093.77 2621.48 2584.64 3902.79 6118.68 5967.58 4473.62 2776.74 2672.54 2167.51 1678.08 1315.77 1135.52 1100.29 1172.22 1292.88 1350.89 1368.12 1398.33 1454.92
818.26 840.02 852.01 871.37 874.52 839.05 832.05 874.72 846.00 772.89 787.21 837.10 767.99 765.35 785.65 787.52 825.24 823.54 784.29 774.34 765.70 757.45 789.70 805.76 822.19 831.15 825.05 859.90 874.32 861.17 831.76 806.01 830.45 882.86 859.91 928.06 1053.12 1127.41 1111.57 1151.69 1108.14 1135.53 1210.82 1228.95 1300.66 1420.44 1459.25 1515.08 1567.59 1667.77 1869.25 2217.37 2688.33 3565.45 5244.17 6759.53 6750.85 4413.95 3470.65 2558.65 2034.67 1698.61 1280.84 1414.70 1474.25 1346.96 1214.48 1262.45 1297.94 1426.28
903.79 878.63 885.71 884.16 871.51 851.89 871.98 912.37 887.74 845.64 910.69 904.46 789.51 804.67 807.69 826.14 811.28 741.84 740.58 762.67 786.05 803.07 770.25 775.66 803.94 793.10 825.11 840.85 839.36 806.54 817.38 787.52 810.86 850.98 844.46 900.74 1013.51 1071.83 1059.93 1112.76 1106.06 1149.63 1271.86 1227.24 1255.39 1310.58 1347.18 1393.87 1436.63 1482.23 1553.05 1659.97 2140.85 2706.99 3199.50 3759.94 4500.46 4027.33 3467.44 2971.03 2480.78 2162.90 1902.55 1808.68 1644.54 1396.78 1230.68 1237.28 1300.65 1562.67
1003.94 942.94 938.18 982.74 975.85 965.33 908.64 916.57 917.68 875.17 1008.13 995.75 853.44 824.01 817.58 839.33 819.69 743.01 725.14 751.27 783.87 793.89 761.57 715.01 767.52 819.27 854.89 842.03 797.86 776.11 812.02 829.16 821.14 800.89 867.96 950.79 916.09 958.31 989.60 1100.14 1186.37 1191.13 1198.49 1170.25 1179.20 1194.76 1252.84 1330.73 1302.79 1332.16 1427.30 1536.03 1878.28 2390.69 2811.77 3173.71 3414.24 3269.85 3059.04 2782.32 2510.52 2434.96 2232.68 1827.46 1602.22 1368.49 1266.73 1276.06 1431.84 1859.06
1028.91 949.32 978.92 1034.81 1064.37 988.02 875.27 901.74 897.02 906.32 983.76 947.68 852.67 854.61 883.77 908.38 853.45 786.24 745.00 744.83 790.82 811.49 797.60 774.33 817.03 825.08 864.77 882.86 806.65 775.73 810.09 851.51 833.58 804.13 902.87 992.43 971.33 989.29 1071.72 1267.24 1290.00 1166.88 1138.08 1136.44 1144.20 1174.67 1222.18 1251.73 1255.67 1303.33 1376.17 1462.27 1592.04 1833.55 2060.06 2382.04 2483.35 2519.36 2476.48 2352.89 2295.31 2242.01 1984.33 1600.28 1474.09 1323.42 1466.19 1597.08 1817.79 1920.90
1023.22 962.22 951.93 1008.37 1015.95 947.01 927.84 959.18 911.15 872.78 894.55 880.09 858.59 868.29 939.42 989.42 914.79 829.61 772.33 772.14 826.71 847.77 817.71 809.74 812.12 832.31 891.82 930.52 889.77 885.04 862.59 862.65 862.20 869.25 954.84 1030.40 1069.43 1092.98 1144.61 1351.51 1365.12 1201.44 1131.31 1137.30 1158.78 1178.92 1218.62 1218.08 1255.18 1321.91 1360.60 1414.52 1513.77 1628.83 1755.38 1940.44 2038.75 2168.84 2161.72 2102.33 2012.45 1899.43 1590.34 1400.36 1398.56 1600.32 1868.06 2017.02 1888.54 1840.57
980.15 977.18 990.44 1000.41 1001.85 915.92 916.02 928.23 881.86 839.71 826.39 853.17 915.85 941.64 983.02 1032.81 961.04 905.12 857.82 840.74 861.12 875.37 858.30 848.17 877.36 911.22 943.88 932.22 962.97 974.11 953.71 965.39 942.07 942.28 998.80 1039.79 1105.13 1140.66 1171.16 1235.37 1239.38 1223.20 1203.21 1183.00 1174.35 1201.11 1233.23 1243.02 1273.01 1349.51 1364.32 1394.57 1443.18 1512.95 1618.99 1787.59 1839.25 2058.18 1983.58 1967.67 1837.61 1667.34 1309.15 1268.74 1396.62 1604.16 1976.31 2059.93 1860.93 1727.03
