arc/python_arcpy/Precipitation/APHRO_MA_025deg_1998.txt
ncols	360 
nrows	280 
xllcorner	60.125 
yllcorner	-14.875 
cellsize	0.25 
NODATA_value	-99.9 
[rows 0 to 30 of 280, columns 210 to 279 of 360]
440.50 457.63 466.73 464.02 461.79 453.85 449.06 440.18 432.61 416.42 407.07 407.05 410.11 407.05 412.31 431.57 438.09 415.61 426.52 446.96 450.07 456.20 472.25 468.96 466.53 488.69 484.89 483.72 482.76 492.91 500.95 501.17 496.03 486.00 485.46 489.52 492.57 472.31 461.08 462.67 474.66 474.38 479.10 470.12 462.77 465.49 459.07 446.70 452.69 458.94 457.33 459.42 469.13 473.72 482.27 480.08 487.76 477.96 478.72 479.93 473.19 473.48 475.36 476.22 467.88 473.05 469.32 464.76 464.33 466.00
465.48 479.28 524.24 511.87 484.97 460.22 450.58 456.29 438.12 420.84 412.49 412.65 411.50 407.94 410.34 408.37 404.57 402.40 410.92 435.52 467.67 475.67 487.47 490.29 487.07 491.75 499.20 513.73 523.26 532.82 534.27 526.77 529.84 526.38 518.58 516.83 528.01 518.03 487.49 488.32 482.38 475.69 475.16 468.98 466.43 463.47 458.63 454.83 463.92 478.27 477.51 478.73 473.37 478.19 475.36 472.68 466.01 460.86 455.66 455.35 456.55 464.02 473.15 472.46 471.69 475.46 468.82 467.49 467.58 467.22
436.74 460.73 468.11 458.37 459.13 448.08 438.46 438.15 425.19 424.47 426.23 422.14 414.83 409.64 404.64 387.65 384.78 402.18 412.44 429.14 464.54 480.52 476.54 487.22 484.59 499.52 531.74 545.67 540.19 556.75 563.10 555.97 561.46 563.04 547.36 546.67 553.10 540.78 522.44 499.41 489.03 473.85 459.04 458.36 452.24 448.42 446.48 453.29 451.57 460.48 480.50 487.64 485.67 490.53 487.25 478.35 469.68 468.35 466.99 455.62 441.03 447.67 466.44 468.48 470.08 470.80 472.89 472.34 472.38 474.30
411.40 415.50 415.34 416.70 420.76 425.68 425.76 428.40 432.92 442.03 436.16 434.59 434.89 420.93 413.72 403.24 401.90 411.81 410.86 419.33 459.10 452.63 464.74 491.93 510.32 515.59 530.67 537.15 552.95 561.43 559.95 566.99 556.04 555.66 549.72 541.41 546.89 554.86 536.09 514.01 491.91 474.43 465.41 452.97 444.12 436.79 434.07 438.09 434.78 437.80 450.29 458.97 468.00 468.79 477.43 476.90 475.15 483.93 474.33 470.14 462.75 466.54 461.21 460.43 470.97 466.53 462.15 479.59 487.97 488.37
382.92 387.11 391.20 390.17 396.32 405.58 414.51 418.67 419.58 428.86 434.69 438.56 433.38 426.16 425.31 430.15 413.34 410.40 424.70 447.20 459.23 459.64 475.43 493.43 487.99 514.59 520.65 528.96 531.18 541.76 545.43 545.49 535.59 529.39 539.15 545.97 544.84 567.24 543.97 516.28 499.24 480.39 471.43 461.18 458.11 446.47 446.49 448.38 442.13 445.48 452.37 453.64 457.86 459.03 458.92 462.99 465.54 471.83 468.05 473.41 478.53 477.17 476.45 460.26 471.48 442.04 444.40 493.99 506.73 504.11
362.41 372.93 376.68 383.90 387.14 385.88 391.98 410.58 425.03 434.68 431.61 426.37 417.67 426.01 431.32 431.85 420.12 426.70 429.13 443.24 466.77 459.10 473.28 460.58 450.86 469.24 494.19 516.34 519.38 522.86 527.33 528.20 529.32 528.63 528.33 528.68 531.77 524.88 526.86 530.47 503.83 487.52 476.59 464.87 456.56 446.82 450.30 449.01 444.62 449.98 454.13 461.23 468.83 472.31 461.99 459.00 453.73 449.08 450.82 450.95 450.37 450.95 453.83 442.06 435.63 431.05 445.23 456.87 458.06 463.34
347.03 353.88 361.55 364.75 374.64 388.41 391.97 404.14 415.57 422.84 423.19 417.90 422.14 427.10 420.70 425.32 432.03 438.60 445.71 446.79 457.56 459.38 452.03 441.52 451.88 472.83 473.87 481.50 489.09 502.68 520.51 527.46 528.37 528.71 526.55 521.90 522.31 519.91 515.84 519.65 499.47 488.49 480.14 476.53 463.25 444.46 443.16 440.79 442.70 446.72 450.79 460.63 465.54 473.61 466.59 460.93 452.53 446.29 448.69 450.77 448.07 443.40 440.01 433.58 429.11 430.29 446.67 451.39 449.83 448.49
325.32 328.75 338.96 353.06 363.40 374.36 381.73 388.35 404.20 407.48 408.09 407.79 405.77 407.67 416.55 421.95 439.43 445.51 452.28 440.29 445.17 437.89 437.00 446.10 443.92 453.44 458.76 474.05 510.28 524.51 521.65 536.12 531.89 539.52 538.25 532.40 533.36 524.59 513.62 498.55 493.75 488.86 479.07 472.06 463.38 460.08 453.91 445.22 445.56 448.93 451.23 453.05 454.82 459.30 464.43 466.57 452.45 449.49 448.95 450.64 453.54 448.57 437.84 432.48 436.96 452.23 453.17 449.15 453.46 460.68
327.38 330.68 330.64 333.74 351.31 366.71 381.99 388.29 399.35 399.78 401.01 407.11 402.59 403.87 412.45 411.88 417.19 427.40 435.21 436.30 440.51 435.52 436.87 441.93 440.87 439.61 463.69 479.57 487.78 522.10 532.63 537.49 548.96 537.67 542.48 538.97 538.68 517.17 507.07 495.30 482.30 483.28 476.75 480.11 481.06 474.94 462.08 464.52 465.97 467.14 460.43 458.76 450.69 448.38 449.00 450.71 446.54 446.24 441.36 444.68 441.15 434.87 437.16 438.35 436.37 447.83 449.79 450.87 455.17 458.04
332.03 334.41 328.42 330.94 347.33 358.53 372.13 379.07 392.72 387.27 386.36 395.90 399.96 400.79 406.08 406.91 412.41 408.41 414.36 425.12 435.36 436.22 436.56 440.84 435.38 442.00 457.81 465.43 486.09 500.54 509.85 518.25 523.65 528.29 544.44 549.69 529.10 511.78 505.84 499.93 487.13 494.98 484.69 496.37 494.91 490.17 488.85 490.16 485.20 481.61 473.03 465.64 460.80 452.40 441.08 440.64 441.04 441.58 435.08 433.32 435.21 438.81 443.05 436.76 437.67 441.81 448.77 451.15 451.93 452.47
325.54 336.27 349.58 356.50 352.17 366.77 380.83 385.80 398.21 402.13 407.34 415.05 405.26 403.55 398.14 398.56 397.50 394.28 398.24 408.26 415.42 421.05 424.08 429.99 430.35 454.59 454.28 468.97 470.96 480.20 477.05 497.33 491.19 527.06 535.87 527.72 531.75 513.29 504.73 497.73 495.05 503.67 497.42 510.47 501.88 499.72 495.62 491.94 492.37 486.71 476.17 468.28 461.82 455.08 450.71 437.05 440.68 439.78 434.53 435.64 444.92 446.79 442.85 439.22 444.49 446.08 449.00 445.67 443.99 454.39
303.01 336.62 369.88 395.31 391.28 388.15 384.55 397.43 408.28 417.62 414.20 422.64 419.57 409.36 402.23 399.15 394.11 389.96 394.41 395.31 396.59 402.17 417.31 427.97 439.87 447.53 455.62 467.02 469.04 473.17 469.40 463.84 464.75 484.05 496.44 504.73 498.43 491.85 486.92 490.22 492.54 500.31 507.72 509.89 504.16 508.89 506.71 507.70 497.39 495.93 486.91 474.07 464.57 454.89 445.83 435.58 429.87 429.90 435.82 444.49 463.43 460.30 453.89 457.48 457.88 455.95 455.91 453.08 447.26 454.70
343.46 357.42 374.36 399.82 394.59 394.44 399.01 401.83 411.28 418.93 427.21 424.64 424.48 419.52 410.15 400.29 396.16 403.19 405.30 404.19 401.35 403.66 409.00 418.19 419.04 439.56 450.18 458.93 459.20 455.29 443.82 443.71 444.00 472.17 490.01 494.85 506.29 493.74 495.17 494.68 506.04 518.27 525.01 529.79 526.39 539.72 552.11 543.98 525.33 523.14 499.88 483.97 468.24 452.13 439.74 426.21 421.47 426.09 435.06 447.68 466.04 467.87 467.10 466.73 462.79 458.16 458.43 460.34 453.11 451.02
376.75 376.32 385.06 397.97 406.44 406.01 399.41 401.66 430.89 449.38 449.61 453.05 440.08 427.82 428.03 413.43 398.00 402.35 405.42 402.63 403.97 402.07 398.23 387.38 410.94 431.32 441.57 443.40 449.99 450.27 446.06 453.99 471.58 464.33 473.75 492.72 496.39 500.96 512.68 522.25 524.42 529.85 529.43 534.98 546.14 556.60 568.08 572.57 544.04 532.15 515.06 499.14 486.88 473.92 457.67 439.65 423.02 434.81 452.18 468.12 477.86 485.10 479.67 469.10 462.11 455.63 461.43 464.29 470.14 483.51
391.15 388.12 404.32 413.32 422.70 425.96 433.60 441.25 459.81 467.71 464.99 460.02 453.01 443.06 430.25 420.75 420.02 424.01 406.86 401.93 405.28 406.70 400.05 409.06 412.50 426.21 435.70 452.97 476.39 454.32 447.03 458.19 462.26 473.61 474.31 484.80 490.72 504.44 513.95 522.16 530.52 534.84 554.41 553.51 555.81 557.88 557.89 560.52 553.78 543.99 527.22 518.53 508.88 497.65 476.37 470.41 457.03 456.86 474.96 488.94 496.60 498.43 500.27 485.86 472.18 465.29 468.17 464.70 482.56 490.68
392.93 409.24 423.84 441.75 444.72 452.37 460.13 468.44 485.48 481.80 476.23 479.74 473.71 460.39 448.21 439.73 437.08 434.12 419.06 413.54 416.18 423.28 420.66 420.22 426.10 423.45 431.28 437.20 444.40 448.78 458.38 473.63 470.34 477.32 487.49 489.79 494.33 500.89 518.60 523.60 532.74 537.32 574.85 584.68 580.30 577.69 576.73 577.15 568.89 559.11 549.85 539.19 532.42 520.92 502.19 490.43 480.04 481.55 494.60 502.57 511.21 513.47 510.07 505.18 494.86 476.11 474.53 471.49 484.08 504.68
408.73 430.56 450.19 463.94 470.66 486.35 493.11 494.24 485.45 483.38 482.49 494.64 510.09 481.83 450.83 438.64 440.57 437.66 427.58 429.04 440.34 455.05 448.64 426.13 422.64 428.70 430.05 426.24 438.32 441.46 453.45 453.43 454.56 454.93 467.37 481.16 487.02 503.22 527.42 553.18 562.52 563.85 583.36 590.59 603.06 613.77 618.81 613.30 608.25 599.37 572.27 560.25 548.90 535.17 523.31 521.20 501.26 503.39 513.18 519.00 526.13 524.68 522.02 512.20 502.29 491.38 474.16 469.75 489.50 514.97
437.19 451.35 471.19 488.47 490.58 494.76 496.63 495.69 494.69 495.40 485.71 482.25 476.59 468.50 450.48 433.28 436.82 437.33 445.92 442.23 448.37 449.07 446.41 439.00 434.77 431.83 426.02 428.13 435.78 438.64 448.10 450.61 457.43 459.50 460.14 479.75 491.51 512.87 543.64 560.43 581.00 590.21 591.76 610.11 614.32 634.63 653.10 630.09 618.80 619.36 600.33 590.19 570.21 557.84 545.53 540.41 529.94 529.15 539.44 540.95 551.25 548.78 538.14 530.00 521.95 516.07 502.36 491.31 493.37 528.70
467.71 466.79 488.73 508.49 492.93 486.52 495.25 487.12 488.11 484.79 478.33 471.74 461.65 452.31 440.78 422.96 423.27 444.65 447.20 437.22 444.36 446.21 456.02 449.28 444.25 437.30 428.91 426.59 429.58 436.30 442.69 446.60 453.39 460.69 475.22 494.34 506.89 537.63 563.73 574.44 590.58 615.31 631.81 646.31 654.57 667.24 690.03 659.74 639.77 629.94 623.43 614.31 608.40 588.85 570.51 560.53 543.99 541.32 554.92 577.23 583.83 565.63 554.13 545.70 540.72 530.78 528.60 519.44 527.04 540.14
454.64 447.12 474.60 499.82 498.93 498.96 497.44 490.34 482.81 472.34 463.52 451.05 442.49 443.36 438.68 436.61 442.64 442.09 446.52 450.81 455.04 456.81 454.35 458.99 460.71 450.10 440.26 435.67 439.41 444.87 446.75 454.81 467.15 481.26 493.07 520.14 544.86 567.74 580.21 594.21 607.69 625.71 642.42 655.73 673.18 687.02 683.77 669.53 657.40 640.11 629.92 622.52 624.73 621.40 596.42 590.03 569.50 564.76 571.45 577.49 575.35 571.44 560.67 561.76 556.20 537.32 526.19 530.29 552.43 565.15
421.98 429.93 475.64 482.86 484.99 488.70 490.08 482.18 467.31 461.04 456.19 442.55 432.40 435.70 440.24 445.66 445.52 447.21 455.28 462.02 466.78 471.72 477.80 486.81 468.72 468.83 462.76 451.41 454.59 456.35 458.52 468.25 482.99 502.13 516.23 537.00 574.33 597.53 612.89 639.58 647.85 670.12 678.41 691.06 696.63 700.13 692.71 675.95 664.65 657.61 646.69 643.30 635.33 639.41 636.60 601.05 586.03 576.38 572.14 563.01 561.71 561.19 558.39 565.50 568.25 550.49 544.90 549.42 557.35 589.54
418.23 436.82 455.38 474.86 489.23 474.76 468.69 465.76 450.16 437.18 432.39 431.29 433.69 438.91 440.26 445.53 455.93 461.10 471.83 499.76 498.20 485.68 488.36 492.94 491.70 491.45 484.63 470.85 463.69 464.19 467.97 479.68 497.43 522.73 541.52 553.91 585.50 611.97 637.27 656.23 675.10 687.02 703.69 719.73 729.95 731.58 721.52 702.18 692.25 675.98 658.28 647.69 638.87 632.63 629.49 618.20 589.95 579.24 577.63 572.54 563.86 558.26 554.98 554.22 561.28 557.64 551.89 553.14 559.09 579.15
471.71 438.86 431.39 438.08 447.75 445.65 456.15 467.01 455.88 442.35 435.44 431.62 423.57 432.05 442.22 448.25 468.68 483.19 495.60 508.66 504.86 496.01 498.90 499.83 495.79 498.49 500.47 493.40 482.49 477.48 477.97 494.83 513.53 530.51 558.36 583.83 621.41 640.35 656.98 671.45 689.76 717.76 743.89 766.12 799.01 799.74 757.63 727.97 709.77 682.28 651.77 634.49 635.39 632.66 628.79 631.83 613.47 586.34 580.14 581.21 570.95 562.38 555.33 552.70 554.67 554.85 556.51 558.94 559.00 575.14
480.39 445.81 444.49 442.44 439.07 441.79 439.85 441.33 439.73 437.00 432.68 428.41 419.40 420.57 440.79 457.19 485.82 500.82 506.10 502.93 503.46 507.77 513.39 518.02 510.72 511.70 513.89 518.50 515.76 506.04 494.45 507.81 531.35 547.24 585.16 622.69 645.39 674.38 683.64 695.94 727.16 742.36 753.41 779.16 835.21 823.10 767.33 734.91 709.72 682.42 649.45 629.92 634.57 632.82 628.67 620.58 609.10 586.84 580.43 580.71 575.24 563.00 559.48 553.60 559.55 559.37 565.43 565.35 564.33 583.73
456.71 443.44 436.86 428.58 420.28 405.00 398.24 399.77 399.47 405.96 412.85 395.47 397.69 410.15 430.65 464.21 508.28 528.35 524.69 514.57 510.57 510.97 513.30 523.49 521.93 521.91 522.49 521.82 524.21 527.32 537.45 548.41 572.61 606.27 634.07 653.09 684.19 718.08 729.35 733.52 733.97 747.96 752.55 758.81 764.96 757.40 746.16 724.53 699.98 680.37 659.53 646.42 639.67 631.27 630.71 604.20 588.57 580.19 583.03 585.43 579.53 563.03 558.36 549.10 553.39 563.82 565.81 566.65 579.12 600.82
459.97 426.16 418.91 412.01 389.25 383.24 377.07 377.00 383.09 388.07 391.07 386.97 387.41 414.89 451.79 485.82 514.37 556.81 529.10 519.53 511.27 512.27 521.55 530.05 527.73 525.51 535.71 546.20 539.66 542.61 564.47 590.22 628.49 644.22 664.54 684.35 711.50 740.38 744.75 738.44 740.29 741.30 741.68 742.69 739.57 733.91 720.20 711.59 688.84 671.62 659.66 653.85 644.20 634.00 631.32 611.93 589.37 581.16 580.18 584.24 583.78 567.68 560.44 558.20 550.72 552.39 574.88 570.29 586.56 595.23
430.34 419.35 399.17 372.11 372.37 366.03 363.65 365.37 374.99 379.14 385.84 387.59 391.12 421.36 452.65 468.23 479.02 486.87 495.69 508.96 516.00 517.44 527.71 536.92 532.23 535.10 546.61 556.02 563.23 567.28 595.22 612.44 645.45 680.82 729.86 730.12 736.88 745.62 754.37 767.15 770.56 763.17 748.77 738.43 726.98 716.79 706.67 692.89 677.11 664.13 653.70 650.58 644.32 638.51 638.05 612.46 605.51 603.28 593.45 596.18 602.52 580.48 568.86 570.13 566.04 566.72 568.98 570.71 563.99 581.44
405.58 398.53 392.08 364.90 361.35 358.23 366.97 379.63 415.55 390.80 381.21 387.43 409.22 446.46 454.35 460.96 463.89 472.19 481.71 479.77 481.83 519.03 537.25 545.61 540.54 543.69 546.31 559.15 577.44 594.32 616.80 642.91 676.05 710.74 738.01 763.74 770.15 769.18 780.31 787.31 802.57 788.26 754.08 729.28 708.46 698.72 692.48 686.27 671.51 658.55 652.53 645.22 629.75 620.71 611.32 605.14 607.42 608.66 604.49 604.22 609.28 607.28 600.07 588.04 580.30 579.13 576.13 573.47 582.37 581.93
387.34 384.32 391.30 360.57 349.86 354.25 363.70 380.41 399.32 390.31 384.77 384.78 414.13 437.50 445.26 451.53 471.88 484.21 483.55 485.38 476.21 487.82 522.31 538.20 535.58 540.10 550.69 569.26 596.28 617.29 650.84 682.13 708.63 733.37 734.13 755.73 780.67 775.02 784.58 793.04 798.45 777.05 741.75 714.97 691.60 685.60 687.88 693.88 673.59 652.03 640.25 622.20 610.66 601.52 604.17 605.15 601.33 604.23 609.35 607.42 607.30 609.13 613.66 610.67 598.07 589.64 596.39 594.54 617.18 599.19
373.71 387.07 385.76 343.22 343.10 351.31 357.43 363.61 370.77 374.30 374.36 392.94 416.35 423.16 434.58 448.14 470.20 479.56 486.17 480.94 481.34 477.80 489.41 527.41 515.26 535.85 560.28 582.88 609.68 654.82 684.67 702.27 726.68 731.25 731.86 753.50 766.31 766.07 765.25 771.37 764.98 751.39 723.52 696.18 685.01 668.66 661.62 654.55 645.18 626.00 610.83 606.43 598.37 599.66 602.24 599.31 593.50 596.26 601.30 599.83 606.60 612.34 624.32 619.61 620.90 616.29 610.94 615.97 630.69 619.34
367.31 376.85 378.02 353.88 336.25 339.62 347.35 354.52 361.72 366.23 382.44 411.28 407.82 412.43 422.38 437.67 457.85 463.28 468.67 478.22 478.18 475.76 481.33 493.04 538.28 553.50 571.24 589.40 609.08 650.03 678.40 708.13 732.51 735.75 736.23 741.97 754.97 756.18 752.65 731.25 725.43 701.79 683.03 658.02 649.12 654.15 635.70 614.44 606.21 602.34 599.33 587.70 597.11 604.82 604.52 594.09 592.68 593.71 593.25 602.10 613.32 624.04 629.68 648.50 651.95 652.58 633.52 616.10 630.25 628.34
