arc/python_arcpy/Precipitation/APHRO_MA_025deg_2005.txt
ncols	360 
nrows	280 
xllcorner	60.125 
yllcorner	-14.875 
cellsize	0.25 
NODATA_value	-99.9 
[rows 0 to 30 of 280, columns 210 to 279 of 360]
406.96 412.90 417.23 408.49 402.94 396.35 392.61 386.06 381.44 369.44 359.00 357.21 354.24 347.54 343.30 351.64 356.25 338.97 351.91 368.78 368.11 358.83 374.87 374.80 367.29 376.57 371.33 364.04 352.38 357.49 362.50 354.77 349.90 356.68 355.44 362.74 367.37 375.45 385.69 402.51 427.90 435.42 451.19 467.09 476.22 494.24 509.08 528.53 549.49 569.56 578.39 593.28 596.35 609.12 626.72 626.73 632.08 615.67 611.43 606.86 601.48 601.37 600.24 595.95 593.20 597.59 589.99 582.54 578.52 574.27
426.99 428.15 448.56 424.24 394.45 382.28 381.64 388.45 374.73 363.64 354.41 350.54 346.72 341.09 333.38 332.88 326.26 326.61 333.81 348.63 364.64 363.41 365.28 362.48 356.82 354.55 356.02 363.45 357.53 354.06 346.51 340.47 343.97 341.59 339.93 342.42 351.70 354.34 361.75 370.98 382.69 395.18 414.00 425.32 440.96 454.08 475.18 509.69 531.15 559.72 568.72 585.79 590.45 600.18 602.39 600.59 599.65 590.77 577.46 569.69 562.42 569.87 580.17 586.86 585.88 586.98 578.75 578.82 571.87 567.34
407.99 417.79 408.37 385.21 369.89 371.72 371.51 373.86 362.82 360.17 358.23 350.00 348.01 345.43 333.56 319.15 316.07 323.96 329.57 332.61 348.61 349.81 347.71 343.08 339.74 343.68 354.42 352.08 347.77 344.46 336.48 325.90 338.11 337.57 325.47 327.00 331.54 333.46 333.96 341.42 353.11 361.51 368.12 380.65 393.14 411.33 437.79 471.64 490.30 516.80 546.88 568.09 587.98 599.43 588.24 582.14 577.05 576.71 573.17 551.90 526.32 541.16 567.64 574.17 574.42 571.83 572.63 577.69 572.99 572.44
398.52 391.56 391.40 384.86 376.46 370.02 369.16 370.76 368.35 362.08 350.98 353.45 363.87 358.98 347.69 330.79 326.56 327.82 319.20 315.66 339.35 317.54 319.91 338.76 341.25 338.43 340.23 331.52 330.58 328.87 316.48 319.88 309.36 308.30 300.84 296.19 294.04 289.44 301.64 313.49 328.06 337.84 343.78 347.18 352.95 363.40 396.56 424.73 441.74 461.16 487.23 507.04 533.44 543.95 559.06 566.76 563.38 574.36 569.34 567.20 559.50 558.89 560.52 563.31 570.91 559.30 555.79 583.70 596.42 591.52
390.06 388.05 382.96 374.46 371.34 378.67 379.02 375.47 367.77 365.53 361.92 360.65 360.51 353.31 339.16 338.78 326.92 315.34 321.16 335.70 326.21 318.57 322.35 332.25 324.52 336.95 333.34 326.00 316.26 313.49 315.15 309.64 302.62 295.55 295.25 290.40 283.59 276.10 283.87 294.72 309.28 327.20 341.12 345.40 356.13 361.46 383.88 413.78 431.21 452.52 471.17 486.92 509.60 526.76 531.11 537.68 534.12 546.63 554.97 571.86 576.07 568.09 571.20 561.10 562.46 529.54 544.39 601.82 612.43 611.45
380.83 382.35 378.92 377.96 374.19 369.73 373.13 379.64 376.15 370.87 358.46 359.73 365.02 360.90 350.53 335.74 319.55 324.70 324.60 330.20 330.06 316.03 320.30 308.16 297.55 306.88 315.65 322.77 313.55 306.07 306.70 304.44 299.95 297.28 295.48 291.52 290.20 290.75 293.66 301.14 305.89 318.62 328.95 341.59 352.15 363.80 385.22 396.13 413.99 439.69 465.69 498.28 545.90 577.15 543.69 525.82 512.87 508.17 508.13 512.42 520.24 521.29 536.92 520.96 512.51 511.46 535.19 561.46 565.31 569.00
368.74 371.16 372.50 369.52 367.76 367.57 361.98 360.61 363.60 367.92 366.81 366.63 367.01 362.83 350.47 330.57 326.99 325.84 324.47 325.63 326.14 322.14 316.57 302.41 300.25 312.46 308.15 305.90 301.89 298.66 306.77 309.13 305.04 300.25 296.73 290.34 291.05 298.31 306.20 311.78 312.99 321.88 328.05 336.19 347.60 362.30 379.66 389.91 406.81 426.33 449.05 481.94 529.58 558.37 527.77 506.83 485.95 480.45 488.57 495.93 498.15 500.65 503.40 499.45 497.55 505.44 524.52 532.42 543.96 547.33
363.96 365.87 367.61 366.51 367.82 367.39 367.62 365.98 366.87 367.17 367.27 368.24 358.76 353.66 353.45 343.01 338.47 333.03 332.80 327.65 326.99 315.64 309.07 307.77 300.81 302.16 301.78 303.57 318.40 315.59 306.18 313.76 309.01 312.24 307.94 302.50 303.93 309.05 315.63 318.55 323.41 325.39 327.63 335.31 346.00 368.55 380.15 389.37 399.57 409.69 428.95 444.50 460.48 469.18 471.19 461.41 456.02 460.67 471.85 476.52 484.18 488.51 494.10 491.32 484.89 512.54 515.70 520.13 536.54 553.12
384.94 382.90 378.09 368.61 375.02 366.85 367.77 366.86 367.69 363.99 360.27 357.48 350.89 348.64 351.59 348.46 327.58 319.84 319.87 321.51 320.90 319.68 315.48 312.19 307.60 298.00 307.76 312.46 308.33 320.35 310.20 311.48 322.58 315.21 318.63 314.89 314.03 310.57 315.81 319.92 324.01 323.33 328.07 332.54 337.88 341.46 364.62 388.07 392.28 399.03 400.94 408.23 416.16 416.90 418.08 429.08 435.57 443.15 452.56 459.73 459.46 464.51 484.22 490.37 484.10 487.68 501.30 513.07 542.19 556.61
384.10 381.67 370.97 367.21 380.39 373.28 365.23 365.86 368.41 360.24 350.66 342.36 339.22 334.63 336.72 334.73 329.20 313.09 311.56 322.25 328.42 324.22 319.20 317.17 307.22 310.13 312.58 316.49 321.54 318.10 318.18 317.64 318.21 318.21 322.97 322.48 318.85 309.06 313.42 317.40 312.62 319.29 323.19 332.50 334.28 335.97 361.54 377.50 380.63 382.88 382.23 386.67 385.11 377.11 384.20 404.25 416.10 427.43 436.69 446.74 458.20 460.90 479.29 487.25 493.04 497.89 500.19 513.88 543.94 553.91
388.63 393.60 393.06 391.36 381.86 381.01 374.13 364.95 362.81 355.55 347.31 341.73 325.73 320.69 316.65 311.39 309.30 306.34 312.11 325.73 345.16 338.84 318.26 314.52 314.34 326.24 319.84 329.16 324.68 322.83 315.76 325.86 314.91 328.66 327.12 319.08 323.63 315.85 313.88 316.00 317.13 322.10 326.08 335.41 334.34 343.24 349.86 353.76 346.34 356.36 370.63 373.62 371.72 373.75 381.17 383.22 397.24 408.27 427.00 434.73 453.43 461.02 465.35 475.99 486.87 491.64 492.99 495.35 517.32 550.86
389.86 407.54 427.60 431.78 404.24 390.83 371.20 366.33 357.19 348.59 339.26 329.18 312.13 299.46 287.67 287.01 290.95 292.93 302.34 314.69 332.73 337.42 331.47 324.29 327.64 330.14 330.58 337.77 335.42 336.76 330.41 326.21 321.32 331.46 337.76 337.83 331.65 326.54 319.59 321.62 325.62 333.96 330.93 329.87 330.85 334.75 337.66 341.00 340.19 356.13 366.22 365.64 366.55 367.80 371.97 370.56 373.67 387.38 404.60 411.13 442.85 457.35 454.36 456.80 461.80 476.20 483.18 485.27 497.15 513.78
406.43 414.77 422.22 437.56 409.81 387.83 380.51 362.57 347.49 337.52 326.87 311.26 295.69 266.63 251.38 266.09 271.93 284.98 292.37 301.02 306.88 317.47 321.65 326.86 326.25 332.60 336.90 346.87 347.45 345.46 340.66 335.11 331.39 348.20 351.65 347.85 350.66 340.94 338.75 336.34 336.92 341.33 340.12 338.10 331.76 335.29 336.30 332.11 330.45 352.84 356.29 360.22 364.42 364.42 358.86 348.23 353.03 351.18 363.33 383.10 415.52 436.10 441.05 445.76 454.41 464.86 465.86 466.29 472.72 472.17
415.80 407.88 402.81 399.90 389.17 377.81 363.39 346.12 341.63 336.54 322.87 311.60 288.41 269.93 267.38 263.19 261.03 271.25 278.38 287.76 299.09 307.12 307.21 310.48 326.04 335.42 344.17 354.47 358.81 354.02 339.87 342.39 364.97 357.82 360.23 361.94 354.53 353.60 356.34 357.34 349.20 346.41 344.59 343.90 346.80 341.84 336.43 332.11 332.40 344.60 345.34 343.60 343.88 338.54 337.41 332.04 332.15 345.61 360.11 380.31 408.75 437.32 447.75 452.36 452.71 457.46 461.37 457.28 465.38 475.56
406.11 395.57 393.50 378.85 371.52 364.01 359.08 347.39 337.61 323.57 308.67 298.76 283.17 269.82 264.74 259.96 265.58 278.50 278.96 284.61 290.04 299.81 303.09 314.76 327.02 336.61 345.56 358.90 377.36 356.60 346.85 350.72 357.06 370.55 368.16 370.84 360.75 363.20 365.78 363.68 361.14 357.59 360.90 355.14 354.21 349.87 348.18 347.28 343.14 340.35 339.55 341.08 339.43 342.57 342.11 343.48 348.69 353.49 379.23 398.99 420.45 439.52 450.67 446.74 449.32 459.50 459.86 451.04 461.44 466.62
389.49 389.31 379.47 374.11 362.58 357.95 352.19 340.05 325.64 308.80 298.63 290.92 274.97 268.28 262.04 259.04 264.16 273.29 270.99 279.16 287.82 296.26 306.06 315.14 326.73 328.56 343.31 349.16 355.18 356.46 354.10 362.06 358.96 372.60 382.57 378.38 375.75 372.09 375.36 372.21 367.46 359.51 363.59 361.69 359.16 355.19 352.07 355.83 345.85 340.72 345.47 345.04 344.08 346.42 350.63 351.93 358.99 379.98 402.31 415.33 424.58 428.59 430.76 433.04 442.59 455.17 446.20 438.00 444.23 464.40
371.39 368.88 365.24 364.76 355.60 349.96 341.64 331.63 303.05 291.41 284.09 272.99 261.17 253.95 247.71 247.28 253.07 252.82 255.21 260.82 279.85 299.32 310.18 303.18 308.20 317.71 332.38 336.20 343.71 350.14 358.38 355.34 356.01 356.77 363.04 381.56 379.02 383.30 382.32 385.62 380.15 370.21 374.41 362.45 361.67 362.25 361.88 359.41 348.92 351.68 346.51 345.13 346.06 353.22 354.79 361.35 365.51 381.60 410.87 417.80 426.57 426.52 428.85 424.26 428.91 431.25 423.47 422.76 443.11 472.52
348.59 345.09 343.89 341.84 332.04 329.03 320.86 308.57 290.98 277.04 266.89 256.02 249.86 244.78 240.13 238.02 240.71 238.71 248.63 256.16 270.28 279.87 289.48 298.24 305.91 315.54 325.74 330.01 331.33 332.39 341.24 350.51 357.67 358.44 360.29 384.04 396.47 395.84 390.91 384.28 384.94 380.65 372.58 369.00 362.10 362.38 363.19 360.91 354.69 355.62 353.97 353.61 353.52 354.95 355.76 366.06 373.01 397.08 416.78 418.50 430.06 436.03 436.36 435.93 434.58 432.86 429.29 426.45 435.52 449.21
319.09 313.45 312.19 309.22 303.44 297.74 295.52 288.96 273.68 256.50 247.73 242.87 237.84 233.92 231.61 228.09 227.51 232.45 235.65 242.72 257.14 266.02 278.45 287.08 300.72 320.01 345.45 330.65 325.38 329.60 342.00 350.40 351.56 353.07 364.83 392.99 408.24 408.31 399.62 387.76 386.34 391.36 387.41 383.25 377.62 370.03 361.88 363.54 361.33 359.12 360.86 360.99 362.56 365.30 367.96 368.30 373.48 380.72 394.93 406.79 429.29 435.40 435.42 433.64 438.44 441.41 446.54 450.53 450.86 450.97
274.66 260.43 263.12 274.68 280.12 280.72 277.58 270.57 257.05 235.54 225.83 222.90 222.16 222.92 220.45 215.69 216.38 222.29 225.97 235.20 243.41 253.18 258.68 270.65 284.13 296.67 306.76 311.70 317.12 324.39 339.69 345.81 351.55 360.04 365.91 389.03 406.29 411.87 403.57 394.50 392.33 394.05 394.85 389.55 386.51 384.76 374.17 373.38 371.92 364.70 364.26 365.30 372.40 377.74 379.41 385.37 383.06 388.62 398.63 399.89 404.51 425.44 424.25 439.12 444.09 443.75 456.08 464.84 473.61 458.54
227.23 225.03 246.64 250.12 254.47 257.06 251.45 240.97 227.47 221.09 215.79 212.99 211.10 210.34 205.76 206.21 205.11 213.31 217.18 223.03 230.04 236.53 243.44 255.60 267.21 281.47 292.96 299.75 307.14 315.53 325.15 334.47 348.13 361.40 364.51 377.76 404.86 413.64 416.48 418.77 413.37 417.75 411.67 403.82 399.59 396.34 389.13 379.90 380.67 383.61 387.90 392.77 397.13 400.40 409.76 403.71 403.39 411.82 410.42 408.44 410.78 417.37 418.01 430.79 447.65 458.24 467.88 474.12 472.51 474.25
199.82 207.85 218.12 230.57 230.79 215.22 205.41 198.16 195.63 195.59 193.31 195.64 196.44 196.14 193.02 195.68 198.37 202.61 205.75 205.56 217.81 223.91 230.10 241.02 252.22 262.72 272.48 286.12 292.82 302.53 309.36 321.54 342.03 359.42 365.44 370.74 397.25 413.12 417.46 417.29 420.53 419.50 418.94 417.17 415.58 412.66 408.06 406.42 402.89 399.79 394.98 395.62 399.15 404.12 408.21 416.80 420.39 422.40 425.80 428.20 429.91 423.75 423.14 426.08 446.05 465.26 472.24 471.78 476.80 490.74
206.06 182.69 176.05 182.24 185.71 184.45 185.59 187.72 185.02 182.46 180.85 178.57 173.45 177.50 178.41 183.93 188.38 192.58 198.02 202.31 209.92 217.01 224.16 234.53 243.56 253.22 259.83 270.37 281.07 287.32 293.13 307.50 337.83 353.56 365.73 385.15 416.38 420.16 414.06 416.13 420.27 425.50 429.56 429.58 430.81 430.89 425.89 422.54 413.98 403.10 392.03 390.84 399.98 407.96 419.27 439.14 438.13 434.30 431.95 441.95 448.25 447.87 438.80 442.95 461.84 466.06 470.82 476.40 486.47 517.08
184.93 168.92 171.24 169.85 166.70 171.26 164.16 163.75 169.89 170.36 169.99 164.71 155.94 153.93 160.04 168.68 177.91 185.54 193.01 199.24 205.51 212.77 223.44 234.22 239.97 247.03 257.35 266.94 279.26 286.00 300.46 316.33 340.51 354.89 375.15 409.82 421.72 425.98 419.98 420.69 430.09 432.70 431.62 435.82 447.07 447.05 436.29 428.69 421.87 412.88 395.54 399.38 411.97 419.46 428.81 448.93 454.34 450.23 442.60 442.86 456.59 471.38 467.34 474.03 485.90 480.10 483.53 491.12 501.91 518.14
165.38 154.42 151.40 147.86 144.64 140.11 136.20 133.98 138.88 143.09 146.73 139.70 137.29 143.13 149.29 153.74 165.21 171.64 181.24 192.18 200.19 210.68 219.97 232.93 243.51 251.33 257.91 267.68 285.43 300.19 315.63 326.74 345.15 385.52 413.08 421.15 432.18 435.17 439.97 440.28 438.14 441.25 441.53 442.89 442.51 437.30 435.29 436.15 430.37 426.58 428.19 433.93 437.37 438.82 445.14 456.02 462.10 462.26 462.48 460.50 463.18 480.91 500.03 508.10 504.75 508.57 529.14 534.42 530.58 536.77
156.15 142.36 139.83 137.06 128.48 126.43 123.80 122.59 126.81 129.44 128.49 128.08 128.74 139.31 151.38 156.19 154.66 158.59 176.09 189.22 196.21 209.95 222.08 233.26 241.76 249.38 257.89 270.73 286.28 303.89 323.53 334.83 362.84 395.35 419.81 435.75 442.69 445.63 447.33 445.26 448.25 442.69 444.83 442.95 438.66 441.86 444.14 446.41 443.78 446.83 448.47 452.63 457.40 461.11 463.93 468.62 474.32 477.01 480.06 483.03 482.89 503.22 513.36 538.06 524.98 547.66 583.42 571.15 572.03 563.99
144.05 139.67 132.58 119.86 122.30 119.21 115.91 116.16 120.05 121.75 121.64 122.45 128.45 141.04 151.98 154.94 157.62 162.43 173.15 187.94 201.88 205.77 210.38 224.72 239.27 250.07 258.96 268.80 283.73 311.61 330.29 348.18 376.26 403.61 426.95 448.37 458.67 458.00 460.61 465.80 471.99 471.21 463.27 460.51 454.28 449.03 446.55 450.11 450.24 452.77 457.89 465.81 475.18 488.69 505.66 524.49 535.16 524.55 522.74 513.38 519.46 548.55 562.15 559.91 555.94 556.92 567.82 575.02 559.58 554.73
141.03 137.16 131.61 116.48 115.79 115.33 115.50 114.92 121.25 121.22 121.02 121.97 130.05 148.59 153.65 157.45 160.89 169.74 179.12 182.92 192.34 209.50 215.27 228.74 241.50 253.95 262.89 274.64 294.79 323.53 341.27 372.95 402.18 418.77 427.96 456.83 466.10 468.33 475.37 484.03 489.82 484.46 473.86 466.52 462.07 449.98 449.56 452.30 455.02 459.18 466.34 476.57 486.76 500.26 514.22 531.48 543.51 533.97 535.37 544.94 560.02 581.32 587.74 593.30 591.22 584.38 577.67 570.15 575.73 562.79
137.06 135.89 133.86 117.80 111.54 113.45 113.55 115.90 119.45 121.87 122.14 123.49 136.13 148.25 151.85 155.89 166.57 179.54 184.07 188.63 194.71 204.46 223.55 236.32 245.98 260.39 273.72 290.45 310.93 337.86 374.94 401.74 420.26 434.53 444.61 468.97 489.24 483.75 490.79 499.16 505.47 499.35 484.00 471.82 467.47 464.65 463.22 456.03 458.61 465.24 474.21 483.45 494.61 507.38 515.83 526.41 533.76 538.87 534.12 544.29 570.78 586.33 594.04 603.54 603.18 607.31 595.39 575.78 588.93 579.22
136.11 133.28 129.86 110.85 111.69 110.97 111.09 112.53 113.98 120.04 121.62 130.45 143.64 147.58 151.54 156.01 173.94 180.21 189.75 192.49 197.87 206.61 216.15 234.14 253.44 275.89 291.14 309.63 329.71 378.97 409.09 424.95 441.69 442.37 458.70 482.99 499.66 499.57 496.37 498.65 494.44 490.66 487.32 472.29 477.62 479.64 479.09 480.99 481.66 481.64 484.57 490.80 499.62 515.37 529.56 529.27 526.61 536.38 546.57 554.00 560.06 584.44 603.99 610.31 622.44 634.55 618.76 593.36 606.69 604.09
130.21 127.26 124.64 114.85 107.31 107.66 110.22 111.14 113.06 117.29 128.42 143.58 148.60 150.69 153.67 158.37 177.21 185.26 190.32 196.35 202.20 208.66 221.16 233.06 268.68 287.40 305.36 320.86 350.71 400.24 427.48 443.55 456.10 462.14 475.11 488.05 498.64 503.11 502.22 477.69 468.16 454.66 457.99 462.14 463.57 480.12 489.28 490.05 492.92 497.81 505.27 506.30 509.34 520.75 530.89 528.33 533.23 542.35 544.95 551.80 548.06 574.83 596.27 619.11 634.21 646.17 626.33 605.76 608.76 621.60
