arc/python_arcpy/Precipitation/APHRO_MA_025deg_1990.txt
ncols	360 
nrows	280 
xllcorner	60.125 
yllcorner	-14.875 
cellsize	0.25 
NODATA_value	-99.9 
[rows 0 to 30 of 280, columns 0 to 69 of 360]
560.20 519.44 503.79 493.78 482.22 473.40 471.77 451.87 435.35 445.01 448.94 440.07 398.85 412.49 414.26 422.44 425.28 446.64 421.64 393.58 391.67 395.76 392.86 389.50 385.03 381.44 377.84 374.84 367.03 367.98 372.52 377.59 379.48 384.44 387.96 386.93 390.21 374.66 354.76 330.97 322.78 320.79 314.49 305.59 304.45 306.56 303.75 299.71 321.66 336.18 344.89 349.54 357.11 389.77 373.37 352.67 341.34 323.22 312.70 313.02 306.55 310.57 323.60 332.16 336.55 334.08 330.74 330.91 333.67 334.90
500.51 464.59 473.53 474.19 466.99 462.00 427.92 402.58 404.21 410.81 423.73 424.16 376.56 371.84 373.87 387.13 384.99 379.51 363.04 351.85 363.04 383.46 395.82 409.50 381.81 367.83 376.00 365.40 365.11 372.37 383.12 393.52 402.28 408.20 409.10 404.49 393.67 380.11 363.98 342.91 328.31 318.42 311.54 304.38 304.85 309.70 314.15 312.33 307.60 309.74 322.92 334.15 340.28 333.83 326.96 328.34 322.30 316.38 310.78 305.27 298.99 306.49 311.59 316.89 317.94 317.17 317.14 312.90 311.56 311.77
483.69 475.21 471.66 458.88 435.24 423.19 401.91 400.65 397.89 396.41 397.60 391.81 384.40 359.38 361.64 370.18 369.56 364.52 353.78 344.75 362.37 376.08 385.84 396.78 382.77 379.08 374.27 371.84 378.09 380.34 388.36 402.16 416.42 445.09 429.77 406.17 385.95 369.35 355.13 339.99 326.56 312.87 303.58 294.10 300.72 308.65 318.42 326.25 308.90 302.64 306.57 314.11 316.05 313.53 314.71 316.86 304.56 304.78 311.43 309.67 305.81 306.74 308.81 307.54 309.65 309.30 302.69 298.03 298.38 297.72
477.41 440.34 441.35 421.29 405.38 401.56 405.12 403.50 400.79 397.54 387.90 385.45 365.67 352.43 358.30 360.93 369.92 370.66 369.29 371.87 376.25 385.73 388.13 386.73 385.39 381.17 374.93 369.79 373.81 378.03 386.41 396.21 402.59 409.38 406.97 401.30 388.23 362.04 344.10 332.38 319.04 308.82 304.48 299.91 291.76 287.90 293.52 293.78 290.43 288.88 288.29 291.21 283.85 282.03 285.89 297.51 295.10 299.13 305.37 312.87 301.52 293.21 291.32 290.36 290.44 294.09 281.16 277.46 277.29 283.90
440.57 416.15 415.90 417.87 416.49 413.46 412.71 414.86 418.32 411.31 380.30 372.29 368.33 360.58 357.64 360.08 358.71 362.38 364.44 373.83 393.89 422.26 401.13 389.82 381.80 366.35 365.65 369.45 385.64 409.62 409.02 414.54 398.43 395.11 394.75 395.74 386.72 375.39 365.12 352.06 328.21 313.32 302.17 298.18 284.62 279.19 278.60 278.88 275.05 272.29 271.06 270.59 273.40 276.53 278.36 283.24 286.35 287.01 287.63 285.38 285.13 284.96 281.52 280.99 283.38 286.74 279.09 269.84 267.02 270.74
428.56 424.95 427.04 428.97 427.22 426.15 426.00 425.85 425.30 413.58 387.26 374.93 369.49 368.45 378.02 368.20 364.76 369.59 373.20 376.69 388.62 401.54 399.64 391.97 385.29 370.06 364.69 370.29 404.46 408.11 408.34 417.00 420.37 407.75 398.30 391.16 380.25 376.90 368.85 356.71 339.64 317.03 303.14 298.65 277.45 268.10 264.54 263.50 257.74 246.93 253.84 260.22 263.86 267.17 265.38 270.75 273.23 272.58 272.93 270.16 270.55 271.09 267.31 266.52 265.33 262.46 262.29 257.98 256.11 256.50
434.49 433.91 437.98 444.83 442.52 435.07 432.76 429.61 410.09 395.83 384.03 374.24 370.98 371.36 375.96 382.63 384.94 384.95 382.59 384.13 386.15 389.59 388.96 390.17 389.19 388.88 385.39 405.60 419.17 415.58 413.75 433.18 450.10 427.77 402.36 398.67 407.57 416.42 396.45 376.85 360.81 344.61 330.62 309.18 285.87 277.28 268.13 258.69 256.69 253.09 250.82 251.30 251.06 252.40 252.45 251.63 257.56 259.63 262.28 255.70 251.90 250.78 250.93 249.16 244.01 241.77 250.85 251.65 253.89 256.98
438.42 442.97 458.00 454.44 441.23 427.99 416.48 418.86 397.67 385.10 374.75 378.42 377.62 369.29 372.19 364.57 359.93 357.97 366.94 364.74 372.43 387.93 393.15 396.79 393.63 388.40 385.02 400.55 431.48 432.90 426.99 432.69 445.45 443.43 422.51 401.43 411.83 422.56 404.55 389.93 386.84 381.33 350.17 325.07 302.21 289.76 272.83 259.72 257.26 256.76 250.92 247.29 245.48 240.24 237.81 240.82 243.37 248.48 246.65 241.82 238.76 239.81 243.59 250.65 252.12 256.72 261.46 266.84 264.50 264.43
433.51 429.18 430.16 435.21 426.77 408.87 388.69 377.50 355.68 346.94 345.64 351.08 357.09 359.43 353.29 350.14 350.69 350.03 345.21 346.92 351.39 368.83 368.91 393.84 397.82 397.51 394.61 404.85 442.12 455.44 449.53 466.85 482.51 474.22 443.68 419.86 419.79 414.07 401.59 395.43 399.72 396.08 369.59 337.82 321.83 309.46 291.49 275.17 267.42 261.27 259.13 256.15 250.46 240.03 235.24 236.12 243.41 249.04 243.77 236.12 238.42 243.86 248.65 259.56 255.61 262.52 262.14 278.01 288.85 298.58
404.54 401.68 399.63 396.10 397.52 387.52 367.10 337.92 333.31 330.86 330.54 341.82 351.53 357.90 359.07 358.11 359.56 363.57 360.49 358.85 361.60 367.01 365.14 377.06 392.44 407.46 412.87 425.26 433.63 464.62 463.97 467.19 484.63 473.34 453.23 428.97 420.09 415.35 406.20 404.36 401.55 390.72 379.73 357.51 327.69 318.56 310.16 296.46 286.07 282.20 277.51 271.94 267.89 264.94 261.85 267.10 266.61 261.21 256.35 252.48 255.97 260.10 261.80 258.10 255.68 256.27 254.52 268.11 284.02 308.42
404.08 403.55 391.27 376.38 358.32 330.16 323.26 324.89 321.56 320.16 327.69 338.11 347.56 351.37 360.43 364.02 366.08 371.49 372.04 366.10 366.24 367.19 368.56 370.72 383.74 393.21 394.64 396.25 404.13 419.54 424.30 438.85 442.03 445.18 437.15 432.23 415.96 409.08 399.80 396.59 401.89 392.91 374.64 361.06 341.14 337.05 337.80 332.54 315.70 306.75 302.75 286.15 277.14 283.60 287.34 284.51 279.58 277.17 272.75 277.56 280.01 276.22 270.01 257.49 260.93 272.46 279.34 302.16 289.09 282.43
396.70 387.59 376.52 355.40 327.96 316.58 318.75 318.06 316.55 314.72 321.72 339.69 353.55 358.47 370.03 371.60 370.50 361.26 351.17 361.54 364.95 367.30 372.70 375.45 373.62 375.79 370.28 370.13 377.99 392.47 394.26 402.58 406.29 408.10 401.27 413.74 414.88 402.59 395.87 389.51 387.52 376.66 369.07 361.75 344.62 342.27 338.15 345.13 337.76 322.02 316.98 313.65 298.15 297.12 302.57 299.17 295.28 294.83 294.94 294.30 288.56 294.19 293.79 292.28 282.35 274.91 283.19 288.81 281.19 274.25
376.68 346.15 335.05 330.43 325.85 326.84 326.80 327.32 330.96 334.81 354.61 360.73 373.16 367.23 365.38 354.43 349.69 337.73 335.22 339.42 341.18 348.98 355.90 367.41 369.46 361.83 362.52 371.93 388.30 407.72 379.48 367.75 368.04 385.20 373.41 371.29 381.11 389.79 388.59 400.99 398.62 386.92 377.62 372.64 363.32 358.94 347.87 352.69 351.39 343.73 341.27 342.20 341.25 336.55 327.75 321.64 316.08 313.11 313.08 320.75 320.22 330.37 320.16 306.41 280.54 275.42 275.40 272.25 266.42 261.05
348.85 341.28 330.38 331.49 340.25 343.07 346.76 348.80 349.90 358.80 353.58 351.75 357.84 359.12 356.24 350.98 345.47 334.82 330.27 338.86 352.11 366.02 371.71 378.96 384.20 373.64 369.17 364.70 363.73 355.53 348.70 352.20 359.46 363.79 364.98 365.53 364.38 379.58 375.07 376.03 419.94 417.21 397.78 386.37 377.95 366.99 355.35 357.39 355.47 354.76 355.28 352.99 357.64 342.54 337.53 333.36 332.92 334.14 334.01 332.57 329.52 326.85 325.59 315.79 303.86 282.24 271.25 265.58 257.40 248.81
338.29 331.04 321.17 321.20 326.25 342.53 328.93 330.22 337.56 345.31 355.94 363.04 364.22 356.90 343.68 328.78 319.30 316.88 308.90 327.68 351.30 361.69 372.45 371.78 343.33 323.79 327.77 360.63 354.16 357.83 355.75 359.66 364.06 365.95 373.72 376.27 377.00 378.26 383.67 386.00 404.87 415.87 415.14 406.24 389.55 370.68 363.02 365.65 361.98 362.20 363.05 362.61 367.16 365.25 350.53 345.09 347.18 347.16 347.64 347.54 346.92 343.57 341.97 335.25 324.47 311.15 292.26 275.74 256.73 242.83
316.61 310.55 299.42 302.93 315.57 314.57 310.15 322.73 322.55 328.66 337.19 365.57 340.60 305.79 284.31 274.29 268.10 262.47 268.85 291.05 301.50 320.46 346.85 377.91 349.96 356.62 329.12 341.55 315.53 337.77 361.97 360.92 360.54 372.51 374.54 376.49 375.67 382.05 387.88 391.01 394.60 404.59 394.50 406.23 408.80 411.03 399.56 390.40 384.20 370.86 367.25 372.50 373.81 372.43 364.00 346.58 345.51 347.04 351.69 354.40 354.62 350.79 345.55 339.64 337.24 331.57 304.04 286.87 272.78 265.83
299.17 275.61 253.05 249.69 256.32 261.81 265.63 270.02 274.24 276.75 282.78 286.79 278.04 267.90 261.50 253.79 245.80 242.81 247.08 251.70 260.01 270.82 285.51 309.39 352.27 341.90 328.54 319.26 309.39 308.82 325.74 332.40 343.88 356.14 350.32 359.17 359.90 371.93 380.87 383.50 382.46 389.94 394.65 406.87 412.83 414.46 409.81 388.70 368.30 348.89 355.02 360.55 374.13 375.52 371.37 361.13 358.17 362.26 363.16 362.02 357.54 357.33 360.56 345.93 336.13 325.52 318.27 310.30 293.45 279.08
254.87 244.73 244.32 238.39 233.63 236.99 243.42 251.86 255.19 257.28 258.37 257.78 253.08 248.44 241.07 234.74 217.96 211.59 220.56 231.84 242.54 252.45 270.72 332.29 372.19 345.02 309.11 308.24 306.54 304.11 293.07 286.98 305.13 308.72 299.40 301.66 311.58 317.01 330.71 335.37 349.19 382.78 387.81 386.02 388.58 401.85 418.09 404.84 389.83 380.69 379.62 374.75 372.60 366.10 360.89 382.74 386.83 385.44 378.75 371.68 378.72 381.74 383.81 370.73 347.10 327.93 313.07 290.94 277.83 272.18
236.85 251.71 248.04 232.66 223.53 219.13 223.68 229.26 239.82 239.32 236.40 232.54 231.23 230.04 226.16 217.95 204.62 200.29 199.15 204.28 218.38 227.28 244.21 277.80 298.20 285.51 287.36 305.59 302.81 294.62 293.80 286.74 291.37 296.66 296.99 296.11 298.96 303.77 307.28 311.00 314.95 321.54 342.78 382.88 385.95 389.57 394.39 404.48 406.01 407.68 409.21 400.36 386.55 375.96 364.93 384.96 395.19 392.91 391.19 394.12 392.86 397.97 401.34 388.46 367.20 337.08 308.04 291.27 278.52 269.30
221.59 223.24 221.96 216.05 208.74 201.05 200.29 209.38 219.04 224.85 222.83 217.89 219.11 220.01 214.67 205.90 198.72 194.02 188.76 189.39 191.47 199.37 215.60 226.83 238.80 246.52 255.66 285.04 291.43 270.87 263.42 258.28 267.13 278.19 282.12 283.75 283.97 289.35 296.60 300.64 307.28 312.04 313.28 321.76 373.14 397.48 411.02 406.71 406.79 408.26 423.13 408.51 395.94 374.11 362.41 368.85 386.70 394.86 390.30 387.80 395.24 401.07 405.93 379.75 357.81 338.96 320.52 317.21 307.48 271.11
208.64 207.99 207.50 203.92 197.88 186.89 185.71 193.16 196.94 205.35 200.98 193.33 192.82 196.90 194.80 188.94 184.46 181.14 180.84 185.01 187.78 195.60 203.57 204.55 206.92 223.33 235.65 252.90 258.12 250.40 246.48 245.88 251.27 262.59 265.51 269.29 271.49 269.87 278.44 290.89 298.14 300.58 302.21 306.43 330.51 386.96 369.59 411.35 401.00 394.20 394.16 407.32 395.99 372.93 364.83 361.33 355.10 354.16 369.84 374.35 378.05 377.85 367.93 354.85 337.97 331.76 316.51 303.45 285.27 267.58
210.10 205.17 200.88 197.33 189.97 184.68 179.43 181.08 183.21 182.92 182.18 178.82 178.73 182.26 182.76 181.69 183.24 180.15 182.55 183.70 185.00 189.12 193.41 192.55 189.33 209.71 239.62 259.65 244.77 245.90 241.53 247.00 250.85 253.26 255.96 260.81 263.84 263.64 269.17 279.27 278.23 282.06 296.37 311.87 355.95 391.07 424.43 437.95 376.57 370.34 380.39 388.65 382.84 366.59 364.52 361.64 351.03 345.90 345.35 347.47 352.94 356.21 354.91 335.40 313.84 298.56 292.23 282.51 262.09 248.09
205.94 199.23 193.89 188.45 183.10 176.69 171.12 170.35 172.22 172.89 175.44 172.80 172.50 173.66 174.90 175.35 176.75 179.35 182.43 182.76 182.87 184.50 185.02 193.40 206.07 224.11 238.08 232.26 239.94 235.10 232.65 236.14 241.55 242.18 248.79 258.78 261.26 254.08 251.31 252.96 257.65 260.55 308.51 319.12 358.64 385.59 392.63 389.84 393.62 393.93 383.66 369.50 354.64 364.97 358.50 352.50 342.64 332.69 328.52 333.92 334.14 337.50 323.86 301.06 294.39 288.76 279.87 270.75 251.27 234.11
197.16 192.40 188.06 183.40 177.38 171.25 167.44 165.84 165.52 165.86 164.97 163.75 165.20 166.34 165.64 169.00 174.62 177.68 178.89 179.37 181.43 184.40 191.75 197.77 206.86 225.86 234.31 250.57 262.69 240.73 229.99 225.44 227.10 230.42 236.36 245.72 246.20 232.68 224.44 222.76 228.01 245.38 264.26 300.11 357.97 378.99 374.37 372.20 363.45 369.89 375.75 350.02 333.04 331.75 337.48 346.23 343.37 339.18 338.19 338.71 339.66 340.04 323.03 307.94 298.94 284.60 257.38 241.46 227.92 221.63
188.85 182.88 179.50 175.98 172.61 168.16 165.05 161.83 159.37 157.94 159.46 160.06 159.30 158.84 159.91 161.27 166.19 172.43 177.50 176.25 181.28 185.07 193.47 201.29 206.67 216.78 230.35 271.90 271.78 235.53 224.70 212.33 203.00 215.34 226.18 227.16 218.65 214.14 214.15 217.98 221.99 236.71 259.74 289.97 339.94 370.65 375.35 358.39 329.69 304.34 309.00 331.53 331.73 314.94 327.86 328.67 326.61 338.21 342.35 341.22 341.05 336.85 310.36 293.90 273.84 263.62 244.90 235.01 227.06 225.21
181.90 175.05 171.40 169.25 167.97 161.72 154.29 149.16 149.10 150.89 152.44 151.58 152.69 153.69 155.30 155.81 156.81 161.50 167.06 172.48 178.57 184.03 190.98 199.31 205.69 217.07 230.98 273.44 288.79 238.83 224.37 212.97 213.44 214.20 219.24 222.28 221.65 212.39 208.32 212.20 216.70 218.34 220.67 233.47 257.38 295.86 291.88 339.01 290.98 273.25 282.65 303.75 307.13 302.00 309.26 307.21 312.36 308.87 305.54 305.07 307.84 312.96 283.31 265.03 258.16 252.28 242.36 240.84 231.11 214.25
172.63 164.82 158.46 153.68 150.27 144.86 138.80 133.47 133.78 138.25 142.84 145.72 147.18 148.56 150.04 150.05 151.02 152.31 156.83 165.38 177.05 182.12 187.62 195.73 203.09 210.29 218.55 226.25 227.36 222.83 215.98 209.73 206.04 204.15 209.40 218.49 224.86 223.98 219.78 213.24 213.63 216.36 222.56 223.36 230.82 273.31 288.78 284.74 258.92 256.91 256.18 268.96 278.91 286.38 294.31 299.99 300.41 270.39 259.11 253.20 254.92 267.21 249.89 221.65 225.39 216.44 204.87 210.36 188.06 184.85
155.93 150.29 145.94 141.52 138.76 133.75 128.04 123.34 121.27 125.49 130.35 138.22 141.08 141.01 140.44 141.16 142.88 145.93 151.69 154.91 160.07 173.76 182.83 189.70 195.78 206.05 210.44 213.62 213.62 211.88 209.32 204.54 200.01 196.25 196.52 207.57 207.54 219.79 223.51 216.00 218.90 220.28 226.75 232.41 249.12 278.20 269.90 242.66 243.68 258.95 256.47 244.64 246.07 247.09 245.58 243.70 243.55 238.46 236.32 235.19 236.81 228.27 219.42 212.85 208.15 202.95 196.89 187.80 179.58 183.14
142.98 136.99 132.28 130.10 127.46 125.17 120.92 119.61 119.19 120.34 122.29 125.31 132.09 132.45 132.53 133.95 136.93 141.12 146.37 151.34 155.07 163.81 175.25 181.30 185.84 192.61 203.91 206.75 204.29 204.08 207.46 201.48 194.69 192.76 190.21 184.54 186.74 199.44 215.80 219.74 221.95 225.73 231.09 237.78 248.69 277.99 287.27 254.96 245.84 236.90 237.57 239.46 233.88 225.72 220.60 219.15 220.69 224.12 223.14 221.83 219.49 213.93 207.50 204.83 202.58 200.04 194.01 187.58 174.81 176.40
129.71 125.11 121.78 119.21 116.32 113.96 112.30 112.67 113.81 115.22 116.65 115.73 117.58 122.36 126.19 127.49 128.04 132.58 139.84 145.30 150.36 159.79 166.75 176.59 180.56 183.86 187.14 192.64 191.30 191.39 191.18 188.25 185.92 184.63 178.22 179.10 181.44 194.64 203.54 211.30 217.85 224.85 228.80 232.96 241.28 249.29 254.50 251.33 245.15 237.36 233.58 236.15 228.01 216.73 208.66 207.76 207.03 207.10 211.90 215.75 208.35 201.15 197.45 194.91 192.80 183.51 176.26 173.74 170.93 173.49
123.54 119.77 114.56 109.83 105.89 104.87 104.84 106.60 108.69 110.63 110.22 110.05 112.04 113.25 117.43 120.47 123.30 128.63 133.69 138.39 145.20 152.16 157.57 171.17 175.69 175.83 178.51 180.17 181.22 181.01 180.23 178.70 176.22 171.92 172.63 171.76 172.65 180.27 191.22 199.42 204.42 212.34 222.73 228.86 233.22 239.95 243.45 242.54 238.80 233.04 227.43 222.76 216.01 198.84 191.40 190.37 196.92 196.43 196.48 195.66 192.56 187.84 185.38 175.57 160.46 156.93 154.87 155.60 162.97 168.95
