arc/python_arcpy/Precipitation/APHRO_MA_025deg_1991.txt
ncols	360 
nrows	280 
xllcorner	60.125 
yllcorner	-14.875 
cellsize	0.25 
NODATA_value	-99.9 
[rows 0 to 30 of 280, columns 140 to 209 of 360]
562.91 592.80 586.75 528.98 533.00 522.38 518.31 511.51 510.46 506.38 512.43 505.34 494.74 509.99 483.62 439.39 423.11 418.06 402.48 393.07 385.29 373.57 357.04 347.61 333.83 313.03 285.15 263.21 259.11 256.09 255.04 254.70 264.45 273.75 280.54 285.35 288.28 294.98 314.09 325.57 336.82 333.77 326.75 332.06 336.38 335.76 331.59 325.70 325.93 324.20 321.26 318.21 323.75 327.65 346.20 338.48 -99.90 -99.90 312.29 336.08 350.93 365.23 369.23 350.52 337.45 351.45 372.36 374.15 356.47 347.08
642.04 643.04 652.11 644.58 603.78 583.10 610.16 590.53 580.37 549.32 553.96 551.69 534.50 528.84 522.16 489.57 458.84 441.62 437.73 425.00 405.22 390.44 363.47 345.54 328.51 308.22 278.21 254.40 249.02 248.38 246.93 248.52 257.57 262.77 272.95 282.20 288.24 293.70 306.13 313.68 327.01 333.38 334.82 339.11 339.76 338.39 331.18 332.05 329.64 325.56 333.01 336.58 341.79 342.48 350.67 330.56 -99.90 -99.90 330.15 346.70 359.28 368.71 335.00 317.31 330.95 355.61 375.17 366.54 363.80 354.99
682.21 685.28 680.52 671.17 672.05 676.93 704.10 715.49 678.26 622.99 597.81 582.95 564.18 551.58 542.94 509.41 496.65 478.56 466.72 459.10 448.76 420.10 379.86 353.88 329.37 304.70 288.41 265.81 254.28 247.93 246.33 239.58 238.92 249.36 263.13 277.12 287.97 299.67 298.53 309.93 319.39 328.68 337.81 348.11 343.49 342.03 340.24 335.70 328.43 337.82 351.38 358.13 364.16 379.17 345.94 -99.90 -99.90 348.94 352.49 348.50 325.90 285.36 303.51 322.87 338.57 354.17 369.51 376.44 370.41 365.57
627.77 633.92 642.52 675.93 717.88 740.98 757.54 761.57 737.47 687.44 652.56 624.95 606.51 593.44 563.70 542.30 539.17 505.36 487.57 480.22 465.22 423.58 398.36 365.26 328.08 314.69 285.31 267.36 255.00 251.69 246.61 233.52 231.37 243.60 253.53 271.59 287.50 295.40 300.50 314.49 327.34 339.46 343.15 358.77 346.57 336.28 335.12 336.65 342.50 345.23 354.27 371.80 380.36 341.01 -99.90 -99.90 -99.90 349.74 370.58 368.78 317.25 306.51 323.26 343.29 357.04 369.64 361.17 373.20 360.48 349.27
589.62 573.80 610.21 630.11 664.13 622.92 656.68 709.00 699.35 686.67 669.66 648.08 625.17 612.88 591.99 579.45 573.35 539.62 509.59 491.83 448.16 411.31 392.35 376.70 352.55 330.49 287.71 266.11 266.95 265.28 258.09 252.79 248.20 254.69 263.90 271.12 285.22 301.55 306.80 316.23 325.87 329.36 346.77 340.85 342.24 342.71 345.68 339.33 338.95 331.93 353.14 370.82 357.37 -99.90 -99.90 363.96 362.06 382.99 404.63 366.97 336.19 349.34 350.85 379.66 375.88 357.10 334.61 325.18 327.78 324.77
587.93 580.06 582.09 581.89 589.85 614.40 648.84 649.91 668.09 658.82 653.21 652.45 630.52 624.26 609.48 594.74 567.51 532.48 512.95 504.22 460.71 419.17 401.83 378.34 364.08 350.07 302.04 291.77 289.18 290.73 286.32 271.17 268.34 265.94 268.98 274.72 275.28 297.89 310.29 320.87 327.36 342.34 363.13 353.94 354.09 362.28 361.26 361.96 352.64 348.31 328.47 340.37 -99.90 -99.90 367.05 384.31 384.20 410.35 418.21 373.68 381.56 381.67 394.57 394.42 372.73 346.58 325.78 310.77 311.17 313.05
605.15 604.19 582.84 570.06 540.20 569.62 585.84 598.92 570.85 585.85 614.91 630.38 650.52 653.61 622.14 596.17 552.02 525.44 508.16 509.19 506.20 447.17 401.09 386.13 372.41 348.34 313.70 313.16 315.64 318.56 311.52 298.95 289.66 286.69 293.75 293.92 294.89 308.35 325.68 333.11 356.52 368.51 359.93 352.54 360.92 380.63 378.92 381.83 375.08 353.32 342.84 -99.90 -99.90 -99.90 389.52 414.64 425.06 442.22 440.20 433.35 415.30 404.07 403.51 380.48 371.32 358.82 327.83 313.42 306.25 299.30
556.37 529.75 507.56 465.73 459.78 496.53 501.90 517.91 502.37 525.01 550.40 556.35 581.59 569.77 568.60 552.31 537.25 511.96 496.20 488.24 472.07 432.67 395.51 380.37 374.62 365.03 365.74 366.47 359.60 347.86 337.76 327.68 315.69 314.79 322.22 329.64 327.70 334.26 352.08 356.16 372.61 378.94 369.36 364.34 373.03 384.73 387.44 328.65 332.82 -99.90 -99.90 -99.90 -99.90 418.25 419.65 432.33 452.40 456.78 457.33 442.69 425.05 414.28 400.05 374.62 369.15 350.87 316.42 299.06 300.78 297.68
499.96 476.27 444.29 408.66 410.18 417.58 430.67 432.45 445.40 444.48 457.87 481.47 480.54 493.37 492.92 499.50 497.23 494.24 478.78 452.44 421.84 422.04 378.45 376.52 381.14 383.95 395.79 418.41 399.08 381.55 374.22 381.01 370.58 339.04 314.02 335.68 343.76 354.60 357.96 362.96 372.70 371.29 386.84 389.60 389.47 391.27 394.75 391.86 -99.90 -99.90 -99.90 381.21 390.82 417.50 441.13 456.00 456.78 440.57 439.47 485.93 454.96 400.04 379.66 366.11 351.30 345.27 332.46 310.64 305.15 306.28
427.25 406.96 389.58 388.88 350.14 347.83 361.11 389.53 405.21 404.61 417.31 431.96 439.59 443.97 441.29 456.41 455.34 433.60 395.22 375.11 389.83 394.00 372.92 373.24 396.20 405.65 420.76 419.75 410.67 413.88 418.66 446.24 452.57 410.79 377.24 376.02 380.80 375.93 377.21 390.57 398.98 413.46 424.29 434.17 419.91 405.76 400.00 -99.90 420.36 423.84 411.68 397.78 396.07 418.33 419.93 406.58 382.44 384.42 398.04 413.50 394.73 379.77 376.76 359.39 348.56 350.41 332.54 320.42 315.54 317.73
399.78 377.44 370.45 359.33 319.18 296.92 320.77 352.59 377.04 391.19 386.98 405.80 407.48 403.07 406.64 410.72 406.53 386.19 357.11 334.63 333.58 334.02 352.62 358.05 374.50 403.43 418.85 441.69 440.62 449.76 470.03 464.64 469.33 449.60 444.11 438.35 418.52 412.20 418.25 435.91 441.24 442.03 476.21 455.57 -99.90 413.12 404.72 408.51 435.14 431.61 423.03 404.90 417.62 397.30 380.80 360.67 357.45 363.45 360.42 346.65 353.09 355.82 356.48 347.76 340.36 336.80 336.07 329.25 325.98 323.67
370.91 374.87 373.68 340.50 316.16 312.22 311.15 315.77 316.81 329.14 339.40 337.94 350.41 365.10 362.66 371.68 375.90 362.59 345.82 328.23 317.70 307.85 333.66 370.30 397.70 418.18 429.10 464.20 479.91 492.24 503.37 515.91 505.19 496.23 507.88 499.71 522.03 493.87 510.75 524.91 510.89 453.40 481.16 -99.90 489.28 435.56 399.38 393.41 394.25 398.66 399.17 406.43 406.47 365.58 339.15 342.65 338.26 323.96 308.83 304.81 331.71 346.74 348.65 338.78 331.76 329.98 342.07 343.71 339.55 334.66
316.70 326.79 328.03 323.64 319.53 310.17 305.42 301.64 307.98 308.85 311.84 323.59 319.89 306.64 314.50 321.59 313.77 326.50 313.61 304.51 305.73 313.47 325.82 343.95 375.68 405.95 426.30 460.63 460.46 434.79 496.88 525.76 540.59 561.28 523.84 546.06 584.55 602.39 574.18 576.24 565.27 501.73 -99.90 489.02 468.41 428.39 399.14 402.97 399.70 387.17 377.92 372.88 368.11 344.63 339.51 337.28 332.86 331.58 327.11 321.39 328.40 332.21 324.68 327.62 330.48 348.69 354.40 351.87 343.26 342.04
248.31 260.07 270.59 290.34 292.71 283.00 277.95 284.61 299.01 293.17 297.52 294.57 291.13 292.06 295.94 295.61 287.52 282.61 275.40 293.08 298.08 291.88 302.73 310.84 330.02 335.03 361.10 393.14 415.78 418.30 459.41 500.43 596.72 660.93 708.52 592.13 564.12 -99.90 -99.90 673.56 783.13 652.81 555.07 521.33 471.19 429.38 371.10 349.79 345.08 336.73 339.60 343.86 348.72 344.77 339.82 329.45 328.51 324.69 325.82 331.03 328.21 323.56 326.64 335.98 341.39 348.59 353.39 359.82 354.38 361.48
233.58 241.33 253.14 260.01 257.99 251.00 243.42 247.29 249.91 242.85 250.39 254.21 251.10 262.40 272.61 275.70 260.83 233.74 224.68 261.60 285.81 265.15 271.06 288.80 316.86 342.29 399.64 449.74 482.27 485.86 495.50 537.89 678.09 777.39 853.90 862.37 812.52 753.82 691.64 742.42 747.85 618.61 502.72 460.62 417.56 379.12 320.52 307.96 308.87 314.69 324.14 341.15 341.69 354.37 358.59 341.02 335.33 330.40 328.70 326.06 328.50 333.25 337.78 340.51 345.68 348.34 351.80 358.02 357.34 356.27
225.77 227.61 239.77 246.19 247.56 236.63 233.05 231.35 236.51 239.85 244.24 235.67 260.21 261.65 271.09 268.41 243.07 210.69 202.75 237.60 257.33 252.15 259.35 280.98 304.86 322.97 338.06 423.61 460.56 460.53 492.86 530.61 600.05 667.11 686.01 717.71 696.36 701.34 671.10 675.34 558.72 475.89 433.71 386.90 343.80 288.61 240.54 261.08 281.08 294.66 306.38 321.08 343.56 350.57 350.60 341.86 343.27 347.04 353.88 361.03 358.43 360.01 351.75 356.20 358.26 357.28 350.71 340.05 342.85 346.26
214.39 220.92 229.70 228.92 231.34 227.13 229.18 226.49 226.77 231.79 234.44 230.69 244.80 259.93 271.06 249.57 224.57 207.15 225.59 240.74 246.16 243.13 260.39 281.00 294.35 297.31 314.91 354.58 391.26 403.88 416.97 438.35 498.47 525.10 522.03 526.61 527.07 574.25 555.88 533.37 479.30 410.73 351.72 317.95 297.91 270.85 263.11 272.59 285.09 305.13 316.55 329.39 331.38 341.36 347.21 346.77 356.95 363.64 368.45 370.71 366.86 363.49 370.02 365.18 363.08 353.99 346.31 343.33 344.40 347.65
215.53 211.48 220.64 218.02 211.92 219.45 231.21 232.85 227.75 229.40 224.09 230.22 234.17 238.43 248.49 245.71 226.81 234.08 242.35 231.26 224.56 233.62 258.24 274.07 275.54 279.28 291.67 310.10 360.39 407.29 400.99 384.94 420.40 428.68 431.81 468.82 472.07 469.73 433.64 394.03 352.91 311.18 302.49 295.12 283.99 285.35 290.39 286.27 289.69 305.45 328.99 329.68 338.63 350.87 367.36 376.05 383.61 375.37 374.08 376.12 372.58 370.15 372.58 373.19 377.12 374.11 370.47 355.94 343.36 338.24
187.07 197.99 204.42 211.96 212.91 215.18 221.38 225.59 228.28 225.96 222.96 226.14 224.66 226.53 230.21 227.47 226.05 227.08 224.02 216.48 192.79 227.31 250.44 254.80 272.42 286.77 304.95 313.34 374.27 416.19 427.97 426.78 431.00 433.41 404.80 387.01 384.51 387.73 376.83 365.04 340.31 330.25 312.41 306.76 303.74 321.32 317.29 307.26 315.39 330.71 353.23 361.50 379.27 377.00 380.43 389.80 391.65 400.19 392.32 401.86 406.44 397.86 386.42 382.30 383.50 374.72 374.35 372.79 358.14 344.34
176.65 179.43 192.09 207.70 212.94 215.70 217.14 218.54 222.47 223.42 220.66 221.29 224.09 222.84 220.03 220.20 219.29 217.98 218.10 217.84 218.41 235.02 250.43 268.78 277.33 284.07 311.94 363.72 365.78 361.94 399.29 427.12 456.69 460.14 447.99 418.87 370.00 364.11 360.84 359.14 344.56 330.55 315.66 316.32 318.84 327.29 323.31 318.68 319.33 339.88 358.73 372.58 370.97 379.60 392.84 400.40 413.82 417.74 424.29 441.07 459.20 420.90 396.14 398.69 389.24 386.27 380.61 371.98 357.79 342.87
170.75 170.49 173.50 192.19 205.56 215.32 215.40 212.61 215.60 217.28 217.11 221.92 218.00 216.70 216.69 214.01 220.58 222.71 224.99 230.49 238.40 245.92 254.50 260.32 268.52 302.54 353.66 381.64 372.87 358.95 321.86 359.28 384.57 417.07 451.98 435.96 399.94 373.76 356.21 344.86 332.49 327.81 340.36 341.96 333.78 337.18 334.04 334.05 344.86 347.74 352.66 360.17 375.50 399.68 414.85 418.44 406.35 418.18 421.82 429.19 432.63 420.58 401.89 403.03 396.37 388.99 373.46 367.48 358.13 322.75
165.85 169.51 169.89 174.90 190.41 204.20 208.53 201.79 204.18 202.25 207.60 213.89 215.29 215.03 213.15 212.61 210.98 225.32 227.99 233.04 238.92 250.77 262.71 274.33 300.26 336.19 356.12 370.47 393.88 350.62 314.36 324.41 344.87 413.46 433.05 426.28 384.78 345.73 343.30 354.24 355.12 354.58 342.49 341.00 343.25 338.09 334.46 336.70 352.32 356.96 362.31 380.41 389.55 408.32 424.10 421.56 418.86 426.65 418.73 428.20 413.18 408.43 409.16 405.23 397.21 384.53 378.22 383.93 359.06 310.05
179.14 177.75 169.92 183.06 192.89 204.71 201.20 198.32 195.10 198.74 202.67 203.63 207.62 210.00 211.36 213.44 213.32 225.75 230.20 238.70 248.98 253.96 260.03 273.91 290.90 317.97 336.26 350.06 348.34 334.09 340.57 332.74 346.37 340.64 381.44 399.26 376.90 375.06 388.39 371.67 349.54 346.12 334.79 339.89 343.65 338.34 341.34 343.71 350.73 355.94 374.87 392.43 397.67 411.17 418.68 431.24 426.86 419.62 420.18 412.35 412.34 404.98 398.58 390.19 376.01 374.06 369.98 365.05 335.22 303.11
153.06 161.20 166.41 183.79 192.63 196.54 194.35 194.25 195.42 197.69 199.42 199.97 204.32 208.39 210.45 213.75 214.56 224.63 231.23 234.36 243.51 250.73 257.16 273.34 301.69 326.02 344.84 354.30 343.05 327.15 364.58 353.75 352.85 398.52 411.33 421.76 399.07 372.50 364.77 341.10 326.34 310.15 324.05 327.65 335.10 328.33 326.85 330.13 331.87 336.93 352.82 375.90 388.03 391.94 396.38 402.15 400.66 396.42 399.30 390.36 393.82 384.50 376.37 368.71 360.19 360.75 359.81 343.90 331.38 305.92
139.57 147.54 159.23 186.12 197.71 197.52 195.63 190.94 187.41 190.04 192.21 189.74 192.07 200.81 208.54 209.65 213.51 221.04 226.99 227.10 233.02 243.50 256.43 270.81 286.41 321.16 328.85 327.27 327.28 334.18 343.33 358.58 388.08 397.77 388.19 392.66 382.02 362.86 340.01 329.46 326.92 325.18 325.94 323.89 323.14 312.42 307.91 316.38 330.98 343.72 349.49 356.55 365.18 365.31 378.53 386.46 389.30 386.30 380.77 377.18 363.63 363.57 353.51 351.64 350.17 348.66 337.50 330.61 314.64 296.38
137.10 141.58 150.63 180.05 196.58 202.96 193.44 188.19 187.24 186.93 187.57 187.92 186.93 192.89 202.02 205.56 209.99 215.74 225.35 230.72 238.34 247.24 260.55 268.45 275.32 296.87 318.76 319.04 327.08 324.98 324.23 347.08 350.07 351.04 351.84 372.45 345.07 342.66 338.50 334.51 327.87 329.64 322.43 316.84 313.26 304.94 304.97 307.53 319.19 338.04 337.98 347.29 352.60 347.41 346.99 351.78 358.25 362.11 356.13 347.11 338.44 333.70 325.90 329.30 331.82 331.59 327.37 314.85 303.82 292.77
125.60 137.01 149.26 165.03 177.71 187.21 190.70 191.56 187.75 187.29 186.65 188.43 189.35 189.28 195.71 205.03 212.64 218.03 225.03 237.15 249.89 253.37 255.77 266.01 274.32 286.64 320.60 324.94 340.43 328.97 322.10 343.21 355.26 356.11 364.36 352.73 340.92 335.15 332.58 330.63 330.82 339.33 329.58 316.73 304.33 294.26 292.12 294.75 309.13 330.55 338.07 335.41 335.90 331.87 327.12 327.80 332.27 331.84 322.90 323.64 321.03 313.53 316.51 319.42 322.46 321.84 317.54 305.56 287.31 275.48
132.05 136.86 148.21 156.94 170.81 182.44 185.80 187.23 188.35 187.01 182.83 184.68 188.05 190.84 191.45 197.07 199.81 211.58 221.05 246.06 246.79 248.88 254.94 267.86 276.61 298.85 302.59 304.32 333.50 318.76 307.63 315.52 329.90 321.30 315.63 307.86 294.69 301.59 315.10 322.74 322.38 328.48 322.53 299.70 281.43 287.63 283.64 291.52 300.90 314.91 315.52 316.45 313.90 310.52 305.41 308.81 308.15 305.30 301.31 295.56 297.12 303.63 311.38 316.03 314.32 312.15 305.69 291.82 260.18 251.70
116.25 133.45 147.06 149.31 156.23 164.48 165.07 167.21 177.59 184.59 186.27 183.64 185.38 182.75 182.42 191.26 198.86 198.26 217.62 229.22 236.85 239.33 250.27 268.74 279.13 281.83 283.07 279.75 290.92 286.53 277.29 285.87 280.30 271.83 276.19 279.49 281.91 279.21 284.42 292.21 289.00 294.53 273.68 265.88 268.37 260.55 251.21 270.03 267.11 289.62 291.20 290.79 290.40 286.54 288.76 290.77 291.61 290.03 284.31 281.23 282.02 281.36 292.19 301.87 298.12 282.83 271.03 257.25 251.97 243.66
101.35 111.46 129.21 139.97 149.95 152.95 152.87 153.96 155.20 162.14 174.12 166.26 179.10 182.26 183.05 190.84 193.34 203.65 212.91 223.52 224.86 234.59 252.62 264.23 273.82 280.74 285.81 278.58 269.96 262.15 262.95 273.02 267.10 258.95 272.15 278.42 281.70 285.00 295.93 289.61 278.10 291.16 275.88 261.94 252.56 250.11 246.16 250.08 248.00 244.42 247.33 250.12 254.01 254.99 268.35 271.26 264.32 266.65 258.98 247.60 248.00 253.25 257.06 257.92 254.66 249.67 247.13 245.50 245.59 237.39
101.15 110.07 117.47 127.95 139.60 151.18 151.65 152.48 153.84 153.33 150.23 151.42 151.69 162.32 161.84 174.42 181.72 195.30 201.20 214.34 222.48 237.23 245.86 253.68 264.11 279.08 284.39 275.76 265.02 262.21 256.33 255.22 256.57 260.51 261.78 266.78 277.98 300.51 307.53 285.09 266.78 266.99 261.39 252.76 248.93 244.72 242.54 235.31 224.62 213.80 211.07 213.31 219.02 223.46 226.05 233.14 233.28 229.44 228.85 225.59 225.98 223.47 224.09 230.69 233.39 235.16 236.90 235.69 236.31 230.34
