arc/python_arcpy/Precipitation/APHRO_MA_025deg_1997.txt
ncols	360 
nrows	280 
xllcorner	60.125 
yllcorner	-14.875 
cellsize	0.25 
NODATA_value	-99.9 
[rows 62 to 92 of 280, columns 140 to 209 of 360]
39.84 39.86 45.53 49.53 62.47 78.76 118.57 101.97 110.34 137.28 142.60 133.56 138.75 117.16 96.71 75.98 59.98 58.81 58.79 62.68 62.18 64.52 69.91 79.62 86.26 91.62 90.31 99.54 106.20 101.07 102.10 102.65 105.35 107.89 108.53 109.44 110.47 107.32 106.51 108.09 111.84 118.63 127.81 130.31 128.17 126.21 122.40 120.91 125.27 128.26 133.24 142.82 159.51 181.36 203.52 220.39 240.16 262.15 280.52 291.31 296.45 310.46 326.23 308.38 287.19 322.13 341.47 352.23 357.68 342.32
54.56 56.04 58.99 57.09 71.98 93.38 129.48 127.87 137.62 163.49 171.15 164.68 181.89 185.94 202.43 202.33 165.89 117.91 117.87 113.18 78.88 78.38 100.50 127.84 118.40 110.00 99.96 118.15 119.52 115.40 109.51 109.06 109.41 111.65 111.72 113.45 116.46 114.23 110.66 123.72 130.81 141.17 145.34 144.82 141.56 128.72 123.20 121.90 126.44 130.88 138.69 146.89 162.95 183.96 210.66 223.87 244.99 259.65 272.89 282.19 295.68 300.95 317.19 312.12 308.01 337.02 356.79 362.45 355.04 347.71
49.48 58.11 60.89 64.51 72.26 96.56 122.47 138.46 151.41 165.54 180.66 207.18 202.60 205.80 230.78 243.36 253.09 233.63 180.18 169.73 133.78 110.52 111.30 141.20 147.18 142.98 131.71 128.11 120.11 113.79 113.89 112.18 111.78 116.73 120.04 121.29 124.00 122.92 115.63 131.79 141.71 152.20 171.07 176.24 142.94 127.82 119.34 122.84 130.75 140.44 150.23 159.33 172.72 192.86 206.84 220.43 243.97 257.47 265.34 273.14 285.99 300.36 313.42 315.61 328.81 345.65 370.01 416.34 384.58 363.47
53.67 56.41 62.24 66.51 108.06 120.81 127.26 144.32 160.46 182.82 202.64 222.95 228.47 238.70 245.76 258.49 262.59 273.58 280.00 258.46 228.48 184.83 154.54 159.44 164.96 171.19 175.86 178.13 147.39 124.41 119.19 115.47 113.80 124.57 128.04 130.96 129.76 126.15 124.18 133.03 145.25 151.85 159.99 167.23 142.14 134.50 129.41 131.68 139.21 153.32 161.64 169.11 183.60 199.37 213.70 229.33 246.55 252.35 257.56 278.42 298.27 306.99 321.70 329.43 342.32 342.96 357.61 365.26 349.88 350.22
54.07 57.33 60.14 81.86 111.11 119.04 134.50 147.11 158.90 173.23 188.93 231.83 237.03 237.02 254.26 269.22 278.92 294.72 319.02 311.10 319.69 317.45 268.83 211.99 204.36 223.69 199.27 188.43 175.73 149.32 127.37 126.77 127.97 132.43 133.99 134.26 134.83 135.60 138.62 149.34 153.63 154.42 153.56 151.97 144.54 140.78 140.42 148.18 155.69 166.20 171.11 185.08 198.19 209.61 222.18 242.23 256.16 258.86 261.24 284.58 299.19 315.17 323.33 327.39 335.38 345.99 337.14 318.85 328.81 316.66
52.28 60.40 65.09 69.55 89.94 122.10 137.62 147.54 157.81 172.42 190.04 219.02 242.17 240.09 261.73 271.51 284.57 292.86 311.56 327.69 346.21 354.48 350.73 322.71 302.78 282.00 266.80 234.72 205.88 161.99 139.13 138.26 139.29 140.22 138.20 138.33 137.89 140.47 153.88 152.28 154.64 155.21 151.57 146.15 143.73 148.79 156.21 159.72 164.84 174.74 188.49 202.71 215.36 224.02 235.65 248.79 261.61 271.52 276.21 280.56 299.68 310.76 316.24 325.06 327.13 340.68 335.86 309.35 313.43 302.45
54.25 59.63 68.12 69.46 71.25 85.92 113.85 136.08 154.01 170.95 202.31 221.85 231.39 231.74 251.82 263.77 276.14 292.12 307.25 320.27 334.73 349.60 358.71 358.85 362.55 356.78 329.67 305.28 273.21 235.86 183.91 170.13 166.36 162.13 153.28 152.56 150.92 158.18 158.74 158.38 156.27 155.84 155.74 149.60 153.73 160.50 167.07 174.06 190.03 196.86 215.01 229.73 240.51 254.35 264.50 274.85 286.84 292.91 287.90 295.85 307.52 316.43 316.68 322.50 325.61 336.37 339.46 316.70 291.98 282.87
55.02 58.52 61.70 67.72 70.72 77.12 93.16 110.63 148.57 181.89 185.16 202.25 225.83 217.90 228.55 258.88 267.05 278.52 298.77 314.63 333.19 346.87 360.77 373.32 381.63 399.97 397.61 378.32 369.95 326.32 272.01 221.87 209.70 200.43 185.64 173.19 166.99 166.08 168.28 165.36 156.13 155.21 160.10 160.70 167.32 170.21 182.20 198.59 219.69 234.12 253.69 255.98 263.41 275.37 282.54 290.16 293.17 294.50 301.51 307.34 312.53 312.23 309.92 314.93 322.61 321.49 322.99 309.75 290.59 273.27
54.87 57.44 60.66 64.13 70.87 77.33 82.85 88.90 109.06 160.67 161.94 158.99 183.31 198.40 220.81 233.95 246.56 265.52 286.53 305.93 322.36 335.01 347.13 379.19 399.07 410.87 434.51 418.32 409.65 388.50 341.80 303.45 289.11 249.56 227.71 210.95 176.91 172.11 167.94 164.58 169.28 172.43 164.70 170.53 186.56 202.07 211.83 231.51 245.73 255.03 275.73 284.35 289.46 294.29 297.73 302.49 300.02 301.27 309.27 308.13 309.20 306.12 307.10 308.48 308.06 308.76 307.84 283.51 272.61 276.98
54.09 56.38 58.73 63.30 69.91 73.99 79.81 85.16 93.40 110.77 124.73 136.93 160.70 177.17 207.81 216.60 248.25 254.66 274.83 291.85 309.24 324.29 337.95 357.62 391.25 407.80 418.21 417.38 408.89 396.33 394.96 368.24 344.27 306.54 259.19 226.82 190.02 176.86 178.95 174.34 184.94 187.10 182.32 184.67 212.16 230.77 240.25 251.28 261.73 269.83 284.90 298.16 311.82 327.66 316.57 310.09 312.60 314.21 314.44 312.13 308.62 305.90 308.16 306.14 308.26 300.88 290.46 279.69 278.05 291.55
53.14 55.33 58.29 63.51 66.73 71.34 76.40 80.60 86.45 103.19 124.30 148.83 145.85 146.67 165.86 175.28 210.43 258.87 270.75 283.81 -99.90 315.99 331.40 347.69 374.60 387.83 395.72 397.59 406.93 405.73 370.65 362.13 320.00 294.72 259.82 234.29 204.36 185.67 183.57 185.41 197.78 204.90 212.22 218.64 232.04 243.58 258.08 267.69 275.72 288.21 296.28 308.21 330.07 334.40 328.61 328.03 328.20 327.70 327.64 321.63 313.00 309.19 307.90 308.79 303.87 295.31 286.04 293.08 304.72 301.70
53.76 57.39 60.31 62.40 62.99 66.74 72.25 77.41 83.17 97.68 115.45 134.77 155.46 170.60 191.95 206.54 218.24 245.66 275.25 298.45 301.90 310.59 317.82 333.46 359.10 367.14 374.91 379.08 378.09 384.03 378.10 337.72 314.46 279.96 255.42 233.04 218.81 193.46 186.32 196.14 230.51 241.50 256.75 254.92 250.18 261.46 274.35 283.89 285.79 295.44 310.61 319.78 326.10 330.17 332.95 333.32 335.56 346.69 345.44 329.26 317.56 309.41 305.56 302.84 301.34 297.98 286.10 298.03 304.48 300.33
55.62 58.78 62.18 62.76 61.99 62.24 69.10 75.68 83.25 103.77 123.82 155.83 163.49 191.10 228.31 257.29 265.46 261.66 277.28 288.86 299.55 304.44 314.85 324.69 350.37 368.65 369.32 369.29 370.01 361.63 363.01 348.49 314.63 285.37 268.54 248.52 231.41 219.59 221.92 229.63 244.15 254.60 277.78 272.02 270.43 284.13 297.04 296.54 300.57 306.18 315.57 322.67 329.14 338.18 346.50 352.83 355.47 359.59 350.63 335.21 322.68 308.30 305.81 300.72 299.06 296.92 285.02 298.07 298.02 299.59
70.94 72.25 73.02 73.24 76.73 77.02 81.10 100.18 114.76 117.50 137.95 168.44 195.36 221.82 262.11 291.56 306.98 308.88 308.08 302.65 303.72 307.33 309.57 317.78 324.91 326.58 343.94 343.31 361.22 380.38 389.17 351.84 321.24 298.88 278.17 253.61 247.22 248.75 240.97 240.61 250.58 264.18 279.56 289.49 300.13 308.05 308.90 308.29 312.94 320.34 331.26 337.28 345.66 354.05 358.99 361.86 365.40 365.32 357.47 345.93 332.22 318.07 315.98 317.37 313.40 296.12 286.28 289.47 301.26 301.17
89.32 102.97 105.56 112.41 111.85 110.40 123.48 165.74 173.36 170.98 183.54 203.84 219.51 264.03 282.03 303.73 319.19 332.59 335.95 326.53 323.47 324.97 325.27 335.07 340.32 333.06 350.60 364.67 355.47 349.50 369.92 349.70 332.72 316.14 305.00 290.66 257.24 251.81 255.42 260.76 268.69 279.42 282.91 295.64 317.66 319.54 318.70 321.12 328.94 337.60 344.63 346.24 350.83 361.45 366.61 368.69 368.98 375.79 367.77 350.13 338.40 322.29 313.28 317.44 307.03 292.13 302.38 303.60 315.25 310.77
135.11 136.80 146.42 147.64 157.90 164.13 192.73 193.50 198.05 210.44 227.56 246.14 264.20 285.46 299.93 322.15 338.21 357.18 356.39 343.31 345.33 349.73 350.35 358.08 371.97 376.52 384.64 370.76 365.98 407.79 416.80 386.86 361.72 342.50 322.14 312.94 302.57 273.51 276.41 285.00 290.23 295.39 296.63 303.82 322.57 329.48 328.27 336.13 339.95 343.73 354.43 355.45 360.20 369.36 377.06 374.70 374.54 376.78 374.53 371.04 349.31 324.44 304.71 300.49 290.13 284.61 294.88 316.34 322.11 323.46
175.98 180.13 184.61 186.81 192.66 209.54 227.79 230.49 232.90 230.57 254.38 265.09 303.97 310.62 322.27 337.00 353.21 367.78 382.98 373.35 365.44 385.76 394.28 387.25 395.11 407.44 408.36 393.74 412.23 422.12 433.04 416.95 395.17 371.61 347.51 326.71 323.91 317.96 312.01 328.17 332.20 322.55 314.87 316.59 336.07 348.64 346.76 347.62 351.12 356.96 365.92 371.56 371.44 374.12 384.86 386.11 389.88 379.39 368.30 362.11 352.21 328.92 314.92 307.78 294.93 297.23 307.00 321.55 333.29 334.51
198.93 201.78 211.64 209.36 228.54 242.41 250.76 257.91 253.23 264.60 284.86 300.25 307.75 319.36 329.61 349.68 367.64 375.84 384.41 395.61 397.91 404.48 418.13 417.97 422.44 424.80 435.61 441.30 446.97 438.52 458.95 463.59 461.38 422.37 376.22 346.04 342.51 334.19 328.98 335.64 337.65 335.51 335.30 336.06 343.48 361.23 361.81 360.12 363.13 370.23 377.09 387.94 377.33 380.23 390.01 385.77 394.88 377.24 363.98 354.66 348.03 333.09 320.98 304.56 297.78 316.37 314.88 307.51 307.81 311.12
229.79 234.98 233.27 248.13 272.11 281.74 284.81 293.51 298.18 314.33 316.77 317.75 310.15 332.59 350.73 373.41 388.12 400.08 421.10 426.61 426.05 433.80 448.95 446.66 455.94 460.85 469.66 477.94 468.11 467.48 471.44 466.69 454.81 433.23 389.01 377.27 375.99 356.58 347.55 349.70 346.42 345.40 343.45 352.22 360.92 374.53 375.08 361.97 374.47 382.28 386.02 389.93 381.83 377.12 375.61 360.65 362.96 353.32 355.80 356.29 350.29 347.36 337.64 325.05 327.61 332.74 329.66 336.06 320.38 300.47
261.05 277.51 276.91 287.34 299.02 313.36 317.71 326.45 335.82 348.48 340.50 339.99 344.43 351.73 365.23 380.56 403.83 423.03 444.68 449.61 464.60 478.28 464.86 471.02 486.25 486.86 494.49 501.42 501.88 487.38 483.64 466.48 445.28 423.24 403.40 382.73 378.67 371.02 366.51 366.30 365.09 363.48 357.52 357.95 375.83 390.64 395.57 385.93 382.73 391.08 398.35 393.60 378.20 368.51 355.35 342.45 344.19 350.75 360.88 380.82 380.54 364.89 349.82 341.66 359.35 366.22 352.78 350.54 351.49 347.63
293.14 298.44 303.63 314.73 325.82 332.30 337.59 339.66 355.04 362.19 362.58 364.63 370.04 378.09 387.22 402.10 413.08 437.85 458.26 479.87 507.59 513.05 507.78 509.32 510.02 526.98 539.10 536.34 517.96 508.03 497.35 491.46 479.37 464.56 435.28 399.80 378.63 386.22 392.88 378.03 376.12 379.85 383.27 387.58 405.49 409.38 406.11 407.34 406.41 397.51 392.18 385.53 366.83 355.83 350.35 344.15 350.51 374.89 410.00 482.94 474.02 454.44 418.31 400.05 412.93 397.85 386.30 408.50 409.74 416.94
328.71 330.23 325.46 330.89 345.44 353.39 353.01 364.11 372.98 377.31 384.16 385.85 388.40 401.21 414.87 424.49 435.11 454.71 479.60 511.45 524.51 533.46 545.56 550.35 566.18 578.42 561.78 561.40 552.85 537.87 512.99 494.59 471.67 473.91 466.65 421.75 411.44 392.61 402.84 397.69 386.56 395.16 408.59 422.16 428.62 435.03 444.32 457.32 464.93 459.33 443.79 436.80 393.68 376.71 368.59 368.38 376.50 404.02 465.33 461.86 460.89 459.75 466.33 464.74 454.00 477.00 491.99 468.54 480.66 491.28
349.98 349.12 346.18 353.30 362.68 371.00 381.93 391.29 399.97 400.82 398.60 401.50 403.13 420.63 441.94 448.16 465.23 490.63 518.59 528.14 539.44 561.95 570.56 586.92 593.34 609.03 594.14 576.17 554.92 550.07 531.02 512.59 508.15 477.78 462.94 440.46 426.46 416.59 399.76 396.34 397.74 425.52 454.97 461.32 452.39 454.41 475.50 492.01 498.86 528.01 554.97 550.53 518.22 523.87 505.75 504.19 510.32 496.05 491.32 460.78 476.55 504.30 505.11 505.14 523.88 560.78 553.21 528.41 537.38 535.00
372.51 373.14 373.28 376.71 381.99 388.36 392.43 402.31 416.54 419.85 421.24 424.94 429.85 448.83 471.83 481.28 501.57 513.87 537.06 544.00 555.29 573.59 600.68 611.43 620.70 626.96 619.73 598.01 570.61 552.52 544.36 529.85 522.99 516.00 509.25 482.78 470.04 420.27 402.12 419.04 420.29 432.42 473.46 496.36 493.13 501.97 517.18 531.26 536.05 545.51 582.76 607.87 620.01 597.90 539.80 519.95 507.06 500.39 501.50 504.57 508.33 500.39 517.36 559.81 554.90 576.03 599.54 582.01 564.88 558.99
391.88 395.19 396.80 394.94 394.87 399.43 405.30 410.15 419.10 428.04 435.09 444.10 449.08 468.49 480.20 496.60 515.78 525.24 539.08 554.52 568.38 586.82 617.51 631.59 641.55 641.54 632.35 604.12 580.32 559.26 546.29 531.76 537.84 541.87 523.68 493.44 467.42 448.87 416.06 404.52 438.53 469.92 477.34 508.28 527.48 531.84 549.65 559.68 561.25 563.13 574.14 609.44 617.01 635.66 609.52 531.63 523.33 512.77 504.13 509.03 512.25 521.98 537.30 547.42 556.22 580.47 599.64 613.94 621.13 597.28
418.01 422.78 416.12 409.94 405.21 405.93 408.83 417.04 426.44 437.62 457.44 465.48 468.61 483.62 492.27 506.18 520.54 531.88 546.35 561.10 576.71 589.31 626.28 647.44 650.59 638.56 629.76 613.83 595.51 584.35 559.18 554.72 554.84 561.45 553.27 536.20 492.54 458.93 462.80 450.17 480.34 504.34 522.38 534.37 545.97 556.20 562.56 568.67 562.31 549.48 572.74 589.47 606.56 609.46 620.50 591.01 550.12 555.27 503.16 505.54 505.91 510.68 541.58 548.20 552.96 580.87 599.55 601.95 604.97 593.78
442.64 450.93 431.48 419.48 413.57 413.44 414.99 419.38 427.21 440.19 458.97 472.07 483.66 494.73 504.12 517.75 535.06 543.00 548.36 564.30 578.63 601.52 634.84 646.01 636.89 625.58 616.04 607.86 603.00 599.56 583.82 578.08 568.53 573.20 571.79 591.44 556.87 537.06 504.81 514.85 532.30 547.04 560.37 571.59 583.63 595.58 608.15 598.96 595.77 615.73 623.31 669.23 661.29 637.85 617.14 600.88 565.67 525.55 509.54 504.51 504.67 496.51 515.26 531.52 562.48 588.86 585.69 588.96 595.22 598.36
444.34 448.86 436.79 430.63 420.29 415.13 414.12 426.18 438.22 446.43 451.09 472.77 490.55 506.96 512.96 529.09 544.03 556.12 560.10 568.08 591.60 607.27 607.39 610.06 616.60 610.82 606.19 606.44 593.10 583.68 592.62 591.06 583.44 593.37 599.43 616.93 596.86 616.25 623.30 590.83 577.14 576.81 593.41 606.45 625.57 632.52 654.65 671.52 690.35 715.32 744.77 738.66 719.94 679.98 661.98 618.76 559.74 526.14 543.63 527.23 529.83 516.84 522.25 529.03 559.48 577.55 577.87 588.60 607.91 628.62
453.08 458.52 451.95 442.63 431.07 414.45 405.27 418.02 424.79 442.23 466.16 480.31 492.64 510.60 518.77 526.46 536.34 556.00 566.54 580.09 594.30 619.64 600.83 585.01 587.66 601.20 597.08 594.85 593.42 587.17 600.81 595.01 579.76 590.00 596.96 631.60 632.29 665.21 686.95 648.20 620.08 616.10 617.88 627.30 631.09 647.57 667.31 682.20 706.36 731.36 751.20 782.41 781.78 752.40 714.59 676.76 624.84 576.37 549.45 518.67 522.63 524.69 541.88 562.59 577.80 573.74 562.76 595.91 637.62 671.62
456.04 451.72 444.92 446.10 438.11 413.06 407.79 416.10 418.50 433.39 460.21 481.17 497.18 512.28 532.08 537.57 543.91 559.08 570.63 572.87 578.83 586.41 582.64 583.22 587.65 584.89 575.98 586.11 591.41 608.65 589.32 573.62 570.51 611.09 622.85 636.63 663.54 690.25 690.60 669.61 639.03 618.48 621.31 626.90 631.65 661.52 680.04 698.92 724.02 754.21 795.99 851.18 868.45 805.11 791.04 750.23 702.44 686.03 619.06 570.90 535.69 540.57 547.12 563.52 595.21 590.84 598.05 612.63 656.08 695.09
467.80 461.01 457.07 452.56 451.87 449.84 445.22 444.24 451.03 457.65 460.68 472.75 485.42 520.93 532.94 549.48 563.76 565.81 563.68 570.03 561.98 567.46 560.76 562.22 564.81 573.11 561.03 569.12 586.98 589.13 569.31 592.74 602.10 606.23 644.26 672.09 702.65 693.10 674.55 649.11 614.80 611.42 608.29 616.93 641.20 673.66 697.26 711.28 724.94 750.92 809.35 856.89 862.01 840.91 807.66 807.53 810.00 764.01 697.35 675.49 640.26 669.40 646.08 610.24 614.95 641.49 654.31 649.95 683.30 718.66
