arc/python_arcpy/Precipitation/APHRO_MA_025deg_2001.txt
ncols	360 
nrows	280 
xllcorner	60.125 
yllcorner	-14.875 
cellsize	0.25 
NODATA_value	-99.9 
[rows 31 to 61 of 280, columns 0 to 69 of 360]
128.71 124.25 123.06 124.35 123.76 116.72 113.53 112.86 110.55 108.42 105.14 102.34 101.97 105.33 105.20 102.43 96.70 95.94 94.76 96.66 100.50 104.14 108.40 110.44 112.64 114.57 114.49 115.17 123.56 126.26 129.59 133.58 136.31 142.93 148.79 153.51 158.33 163.24 169.47 175.15 180.85 187.27 194.35 196.39 193.14 196.16 194.40 191.56 192.21 179.95 168.24 167.89 160.63 153.23 147.81 140.28 129.87 122.35 115.24 102.52 96.81 100.01 102.69 103.74 104.68 104.16 104.02 102.69 94.99 81.39
115.64 114.05 111.04 105.82 105.27 102.56 101.58 100.10 97.31 96.41 93.50 90.41 90.85 90.00 90.23 88.65 87.64 87.59 87.52 87.91 88.19 89.87 97.53 102.82 105.05 102.91 103.39 104.53 110.87 116.99 121.07 123.62 130.71 135.23 142.27 147.88 152.56 157.82 162.62 167.14 171.91 176.86 181.57 181.63 180.95 180.82 182.26 181.19 168.60 160.71 154.37 148.80 143.73 132.57 125.95 117.03 113.26 105.64 94.18 68.75 65.39 85.42 96.42 100.62 102.55 105.58 105.27 105.09 101.39 97.41
107.48 105.81 99.31 92.45 90.45 88.45 89.84 90.27 90.18 91.40 89.28 88.84 88.60 87.08 81.09 80.08 82.98 84.23 84.97 85.63 86.91 89.63 90.14 89.57 90.60 93.59 95.31 98.04 101.93 110.95 116.40 116.14 118.57 126.07 136.44 141.96 146.54 150.51 154.33 158.01 161.26 165.07 168.29 169.28 168.78 171.96 172.05 165.99 157.48 149.97 147.60 142.82 131.34 120.57 115.37 111.73 107.09 101.29 94.46 -99.90 83.87 89.86 96.49 100.48 104.85 111.15 112.96 113.98 115.37 117.92
96.93 93.51 89.63 85.59 84.07 84.26 86.63 85.77 86.67 87.33 84.13 84.81 85.53 80.56 75.96 77.78 79.71 81.00 82.60 82.70 83.82 89.02 89.28 88.13 89.64 91.63 92.29 93.49 96.20 102.70 112.08 114.39 116.70 121.83 126.69 134.79 143.14 146.90 150.41 153.65 156.03 157.61 159.25 159.89 160.97 159.85 159.87 157.41 152.99 141.68 139.50 135.21 122.80 117.40 115.18 111.06 106.80 103.10 -99.90 100.09 100.79 100.06 100.27 103.74 109.88 116.94 119.10 124.65 127.01 132.92
85.89 81.78 80.88 80.89 79.94 80.99 82.62 80.60 80.86 77.45 75.92 77.14 75.60 72.82 73.75 76.48 78.30 80.17 80.89 81.33 81.38 83.35 85.44 86.86 88.62 90.53 91.91 93.58 95.14 99.68 108.12 111.16 113.72 119.88 127.01 129.84 133.54 137.63 142.08 150.22 154.10 155.91 155.74 155.79 155.37 154.98 155.86 153.50 150.66 142.34 126.85 118.33 119.11 119.52 118.61 112.06 -99.90 106.37 104.78 105.26 105.86 107.10 111.24 107.24 112.97 119.25 124.22 133.00 140.90 143.77
79.19 78.55 77.71 77.22 76.32 75.50 75.22 73.38 69.07 70.62 72.75 72.54 70.72 71.30 73.19 76.17 78.00 79.54 80.36 79.90 80.90 81.72 82.69 84.46 86.95 89.96 91.80 92.96 95.38 97.44 101.28 105.49 107.99 114.67 122.73 128.19 131.43 136.07 139.83 144.04 149.37 152.95 148.94 148.59 150.38 147.98 148.90 147.33 142.19 136.21 123.94 120.07 116.50 115.91 115.02 -99.90 109.52 108.07 107.37 107.82 106.42 107.57 110.47 113.68 117.41 122.51 135.80 145.79 151.03 157.72
75.76 75.34 73.26 68.69 68.94 68.61 65.66 62.59 62.24 66.80 69.60 70.44 70.10 70.98 73.31 77.37 81.42 80.30 79.60 79.07 78.85 80.38 82.53 83.61 85.26 87.13 90.29 93.81 95.93 98.33 100.61 102.25 104.71 110.57 115.81 123.63 127.60 135.72 137.86 140.70 143.35 144.70 145.35 145.74 146.05 141.36 139.08 136.83 135.78 130.81 126.60 124.87 122.46 116.02 113.30 -99.90 108.25 106.49 105.21 104.78 107.48 110.77 115.02 122.71 130.97 138.92 149.67 154.44 164.34 174.55
-99.90 67.83 64.75 61.91 61.59 61.48 61.51 61.95 65.18 68.30 69.91 69.57 70.55 71.49 73.58 76.85 79.90 78.05 76.69 76.50 76.14 76.88 80.94 82.73 84.00 85.52 89.39 93.00 97.35 99.55 100.89 102.69 105.95 113.57 116.28 121.36 122.96 124.89 126.88 132.47 137.55 140.26 146.41 146.81 141.54 136.20 130.38 131.13 133.11 135.14 130.63 126.85 124.51 124.08 120.88 118.23 113.81 113.18 111.80 112.77 113.56 120.93 125.85 131.73 143.73 152.87 157.72 160.83 167.37 175.43
-99.90 64.59 63.81 62.56 61.37 62.47 64.11 66.59 66.53 67.41 68.99 70.18 71.40 72.30 72.53 73.28 75.41 75.40 75.03 74.33 73.42 72.27 75.73 79.21 81.79 84.65 89.09 92.46 96.80 98.64 100.06 102.09 107.99 114.81 116.54 120.96 123.00 125.53 128.12 132.14 134.19 138.19 139.56 139.48 138.31 135.11 135.02 133.52 132.35 133.76 133.45 130.59 128.22 125.87 123.69 120.57 117.82 117.18 118.26 119.36 121.09 125.22 131.61 136.25 147.27 155.38 162.49 165.21 172.85 177.51
-99.90 64.12 61.66 59.79 58.85 62.86 66.02 69.12 67.88 68.86 70.58 71.60 73.60 73.21 72.34 72.22 73.73 73.34 73.66 72.76 70.22 66.07 67.99 74.32 78.22 83.98 88.10 93.35 96.17 98.35 100.79 103.50 112.01 116.27 116.40 119.49 122.27 127.56 131.91 136.11 137.85 139.41 140.00 140.32 140.62 138.47 136.47 135.46 132.75 133.86 134.40 132.46 133.27 132.19 128.89 126.67 123.24 122.25 123.59 124.41 125.68 128.53 136.39 140.22 149.21 156.96 162.13 167.64 171.32 174.26
-99.90 65.88 59.93 51.93 56.47 63.23 67.91 70.74 71.55 71.75 73.33 74.89 75.65 75.00 73.63 72.42 73.31 73.32 73.65 72.94 72.49 71.08 71.86 75.06 78.06 83.35 89.65 94.86 96.39 97.85 99.66 106.25 113.09 116.59 118.11 123.83 127.17 131.93 134.77 136.73 139.26 140.00 141.05 141.87 143.59 142.67 140.72 140.66 138.83 136.46 138.06 139.36 137.62 134.56 131.88 128.57 126.60 126.08 126.37 127.06 130.06 137.17 145.50 152.33 155.11 154.70 161.86 168.30 169.74 185.41
74.11 71.91 68.36 65.58 66.72 70.22 71.21 73.22 74.93 75.40 77.35 79.04 78.37 77.13 74.31 73.03 73.35 74.17 74.66 75.34 75.19 74.80 75.63 77.03 78.87 82.02 87.17 91.12 94.37 98.34 100.49 108.73 116.29 121.47 131.79 141.21 145.59 143.99 148.53 150.16 149.05 148.82 145.40 144.39 144.77 146.76 149.29 148.42 146.98 145.51 146.39 149.61 147.00 139.44 133.96 134.33 138.63 139.80 143.08 143.40 143.02 147.13 153.60 157.40 156.89 159.32 154.61 159.66 186.37 207.09
78.75 78.91 79.54 78.42 75.96 76.08 75.75 76.05 77.79 79.50 81.35 87.48 82.77 77.76 74.05 72.40 73.07 74.91 76.80 76.43 76.34 76.42 77.35 78.34 81.13 83.22 84.13 87.69 92.37 97.83 103.41 127.72 141.28 133.65 143.87 153.29 164.40 157.02 157.32 160.10 159.87 159.23 158.33 157.32 155.75 161.54 156.62 158.27 157.16 157.42 166.13 169.93 162.67 154.02 148.51 156.15 172.22 182.44 174.62 169.00 160.74 164.59 175.20 178.22 170.85 171.76 172.90 180.66 200.17 195.54
85.03 85.61 85.66 85.29 83.92 80.66 79.18 77.87 78.85 80.16 81.53 83.10 80.17 74.87 72.85 73.87 74.85 76.66 76.29 76.12 76.30 76.58 79.20 81.58 83.95 85.88 87.40 89.95 92.11 98.71 111.92 152.31 182.62 225.32 243.59 238.13 210.92 214.53 208.86 187.42 170.07 165.46 162.68 158.56 165.11 172.58 173.70 175.32 175.31 180.25 192.87 201.88 205.58 209.55 200.20 205.39 252.70 279.32 258.66 245.24 208.18 194.47 198.97 197.54 193.85 199.72 227.03 281.45 292.32 264.78
92.33 90.10 88.58 89.06 88.98 84.97 82.31 80.16 79.44 79.11 80.74 78.98 77.36 76.12 74.56 75.41 76.43 76.85 76.33 75.59 75.28 76.39 79.58 81.22 83.56 86.72 88.33 91.38 96.54 103.34 109.35 154.30 185.45 235.61 283.44 328.93 293.37 269.31 274.48 215.40 188.81 183.50 180.72 171.00 177.60 180.31 183.16 189.27 205.08 226.00 241.55 252.06 248.47 258.46 268.05 289.69 306.60 314.22 313.21 316.19 296.23 241.19 231.21 209.90 231.71 326.36 385.99 428.79 469.40 405.28
96.55 94.33 92.12 92.18 91.93 87.54 83.60 81.17 81.11 81.82 79.27 78.70 76.33 75.29 75.02 75.45 77.16 76.82 76.19 75.57 75.38 77.31 79.79 81.09 81.64 85.77 89.01 93.45 99.26 103.12 123.31 149.99 167.85 217.19 257.15 289.82 311.50 313.51 303.72 277.49 247.80 204.69 199.22 205.93 218.53 228.61 224.36 249.34 264.42 261.30 264.03 267.28 279.30 308.01 313.42 313.13 326.53 345.67 345.20 361.43 356.03 340.06 321.54 295.03 352.81 403.53 501.44 581.65 630.25 594.75
103.55 102.18 99.30 98.31 95.19 89.20 86.97 86.79 85.28 82.84 77.92 76.57 75.45 74.55 74.93 74.58 76.46 77.09 75.01 74.00 76.19 77.01 78.50 81.16 82.26 83.99 89.89 96.93 99.46 101.85 121.71 145.55 162.36 213.72 247.68 270.29 292.24 318.18 316.99 345.39 356.13 321.78 292.10 277.43 268.36 263.84 253.42 265.86 267.50 277.25 290.53 297.22 334.02 343.71 350.04 347.30 351.08 357.18 366.68 379.95 368.10 366.92 330.87 293.18 373.16 443.17 538.05 626.23 720.64 772.26
106.87 108.20 109.96 110.09 101.98 99.25 98.35 95.41 93.50 90.98 85.41 81.69 79.64 77.22 76.40 74.06 73.89 73.23 73.04 72.90 74.16 76.75 78.24 78.79 82.76 87.61 90.50 96.86 96.16 99.93 107.51 120.75 137.84 171.55 224.06 254.66 279.84 306.22 348.08 402.63 432.17 439.03 418.59 377.45 363.30 304.31 277.39 282.73 289.41 311.39 299.62 344.34 371.69 382.55 395.51 397.58 386.10 379.51 389.37 401.94 419.90 410.73 369.57 300.00 360.72 474.96 619.44 722.50 743.27 735.30
107.59 109.07 109.59 104.78 100.83 97.60 95.81 95.39 93.67 90.96 88.70 87.58 83.71 77.46 75.37 75.28 75.53 76.09 76.13 75.81 76.50 79.07 81.62 84.54 85.95 87.47 90.14 96.11 103.90 106.34 114.95 127.67 139.81 166.87 210.14 247.03 272.43 326.48 384.61 439.59 472.35 501.11 493.03 461.91 427.70 367.42 277.42 247.18 248.25 284.67 328.55 363.08 387.83 426.53 432.26 453.21 451.71 460.57 453.43 420.12 404.57 377.26 345.42 272.74 270.44 285.85 343.74 349.25 336.34 383.37
107.60 107.88 105.01 103.57 100.58 97.21 95.63 94.02 92.23 87.93 86.21 84.91 79.11 77.79 77.43 76.95 77.50 77.43 77.74 78.22 78.06 79.96 82.20 84.75 86.91 90.20 91.26 95.17 106.23 112.10 123.08 131.45 148.60 174.13 226.86 252.65 288.33 339.26 411.20 467.98 530.50 547.68 600.36 625.45 533.62 454.55 387.67 313.92 252.08 284.13 330.76 372.15 403.70 436.30 459.41 453.19 423.36 437.47 433.62 426.71 388.79 328.07 286.01 234.84 173.47 187.54 216.62 -99.90 -99.90 -99.90
106.51 105.69 105.54 103.90 99.31 96.65 94.27 91.71 88.97 84.27 81.87 80.47 77.73 76.77 76.35 75.96 77.63 77.64 77.53 78.64 79.93 83.39 85.01 85.55 87.99 93.46 97.23 98.83 106.86 111.74 120.83 133.93 153.87 193.98 252.53 276.56 313.90 381.66 444.14 500.61 570.99 587.02 631.91 661.12 571.55 479.76 429.18 434.41 400.53 339.92 358.02 348.69 393.84 387.05 383.48 358.72 353.61 362.70 317.00 305.53 311.13 257.04 238.88 277.39 311.99 266.75 239.69 249.52 257.83 279.68
106.65 108.81 108.83 104.14 99.74 96.20 93.04 89.92 86.06 79.78 75.00 77.27 78.85 78.73 76.18 75.71 77.19 76.72 76.39 78.76 81.42 83.74 84.79 87.43 89.57 93.73 96.59 104.82 108.27 118.71 136.30 151.31 172.98 227.18 261.19 296.27 342.57 401.61 452.57 545.57 613.47 578.26 545.55 466.85 418.61 397.96 445.98 372.69 378.42 373.52 282.07 253.91 291.58 337.42 325.25 370.61 352.30 263.50 249.01 287.58 310.32 307.14 297.23 325.09 334.51 327.28 333.32 331.55 327.28 337.51
109.32 113.99 116.40 105.54 98.55 93.69 91.06 88.71 84.87 79.36 76.46 78.55 80.35 78.43 77.58 77.96 78.48 78.70 79.41 81.88 84.48 85.30 88.25 95.90 99.60 104.91 105.12 116.03 120.57 138.92 153.22 171.19 181.92 222.67 264.66 306.51 339.10 392.72 483.87 586.20 672.92 630.32 508.23 408.77 320.73 346.94 373.52 339.78 336.70 345.76 321.39 379.66 385.87 439.35 425.77 392.32 350.04 345.84 326.05 286.21 277.21 292.54 285.58 274.62 314.51 314.06 313.91 319.45 326.29 328.16
107.88 109.18 108.14 101.51 95.43 89.50 87.84 87.12 84.52 83.38 82.80 82.87 82.16 80.13 80.67 82.03 82.15 82.36 83.34 85.54 87.95 91.10 97.35 104.25 116.37 124.77 128.31 137.25 140.76 147.05 166.90 176.80 196.50 231.17 266.36 292.35 326.42 362.32 447.46 590.05 682.47 668.18 535.79 397.48 245.73 206.14 225.31 246.76 286.66 339.32 404.83 471.01 425.94 469.45 487.41 459.27 390.96 330.26 283.13 255.27 256.39 261.71 258.24 263.75 269.67 300.08 312.48 323.32 318.83 319.27
102.38 101.68 100.48 97.44 92.79 85.75 87.21 87.36 86.79 86.21 86.34 85.65 83.36 83.99 85.41 86.10 84.71 85.42 87.35 90.29 92.63 100.05 115.73 119.53 124.29 135.86 158.02 158.16 164.43 177.43 199.44 211.35 220.73 239.70 273.20 287.88 306.34 330.52 408.41 553.73 600.93 588.38 528.39 446.44 334.19 262.37 187.11 182.96 198.53 309.36 353.52 392.22 418.28 444.60 495.39 517.77 419.08 349.12 296.96 256.88 248.54 257.20 245.08 258.96 285.53 307.72 311.33 313.58 312.03 315.02
100.47 98.72 98.00 95.88 93.21 91.43 91.23 90.92 90.27 88.22 87.85 85.02 84.93 85.96 88.28 88.03 88.37 86.88 88.63 92.29 100.81 115.88 120.99 127.02 136.32 170.71 185.41 181.48 191.98 197.91 205.35 214.18 220.84 241.01 274.20 284.25 293.90 319.45 364.15 432.22 519.28 530.16 403.83 373.79 427.92 277.46 162.99 155.13 167.01 213.57 286.36 304.75 344.87 400.72 434.72 484.65 422.27 357.45 310.00 273.56 258.06 260.73 287.25 304.12 303.77 302.83 304.71 300.88 285.46 278.44
97.03 96.82 96.78 96.19 95.19 95.32 94.91 93.13 92.64 91.56 89.29 86.98 87.76 90.03 91.87 93.27 92.28 88.47 90.44 100.87 123.08 129.21 146.27 166.60 174.78 187.17 203.20 195.31 193.40 202.89 213.15 222.73 225.82 236.22 245.50 255.63 272.37 281.18 354.38 409.55 353.91 229.85 190.73 176.29 195.41 192.55 164.01 160.71 156.54 179.64 228.21 258.51 301.07 331.70 389.95 414.58 385.34 324.79 294.02 272.00 266.34 305.61 303.03 301.02 301.22 303.85 304.42 300.80 290.77 266.05
95.16 94.70 93.51 93.15 95.44 99.27 97.42 95.49 94.49 93.12 91.91 90.63 91.62 94.01 98.35 98.85 98.10 98.11 98.39 117.32 130.76 145.65 176.54 195.19 193.96 201.59 216.24 216.06 215.63 213.79 212.37 221.19 231.06 234.82 245.82 251.76 246.94 235.49 206.60 170.53 157.89 158.67 159.90 158.43 161.33 166.29 174.93 172.46 177.70 200.42 223.00 262.32 286.88 295.49 356.51 405.01 372.29 288.63 284.94 276.51 284.85 308.11 311.73 298.64 287.62 274.92 238.42 202.93 184.77 168.80
95.20 93.32 92.70 94.30 95.87 100.32 98.06 96.33 95.44 93.30 93.21 94.19 95.65 101.07 104.00 103.92 103.81 104.49 105.46 123.55 135.29 153.07 177.00 192.08 195.93 201.26 200.53 205.54 209.82 223.09 221.72 230.90 237.35 243.24 238.88 243.70 226.10 191.72 175.98 167.86 176.08 177.62 166.76 174.14 209.59 270.33 257.80 253.73 244.79 254.10 250.18 248.31 262.84 270.30 298.16 379.47 353.49 290.43 257.74 270.38 259.40 221.41 202.15 200.75 181.04 176.33 164.13 156.91 153.47 149.66
104.37 99.83 92.85 94.95 96.82 99.66 98.39 98.05 92.85 92.72 95.42 98.76 104.71 107.67 108.73 109.37 110.08 110.88 109.58 120.69 134.50 143.44 182.96 196.51 194.60 194.40 192.68 195.40 216.77 224.24 226.60 248.18 253.06 238.91 222.22 208.89 220.81 228.45 239.64 208.12 220.33 213.36 220.87 261.40 295.69 460.33 474.14 461.04 329.83 370.64 352.71 299.14 301.82 288.35 301.37 282.69 272.13 259.88 255.42 233.64 223.70 213.23 195.61 181.46 171.53 162.96 153.22 150.59 145.41 142.78
102.91 99.72 93.60 96.58 97.05 101.17 101.74 98.39 96.38 98.41 99.86 103.69 106.80 108.30 110.61 113.16 112.32 112.03 113.49 126.96 132.83 137.86 166.01 183.36 190.43 206.75 217.06 212.14 220.23 232.56 260.11 289.70 280.45 236.71 216.41 217.21 209.96 221.55 222.25 217.44 240.57 288.88 395.76 369.31 466.77 575.44 531.28 423.41 362.60 303.57 297.14 262.70 256.12 281.65 282.28 253.01 240.51 221.48 216.20 211.06 219.07 213.37 186.03 173.49 151.35 143.90 135.46 128.82 123.47 121.74
