arc/python_arcpy/Precipitation/APHRO_MA_025deg_1992.txt
ncols	360 
nrows	280 
xllcorner	60.125 
yllcorner	-14.875 
cellsize	0.25 
NODATA_value	-99.9 
[rows 31 to 61 of 280, columns 70 to 139 of 360]
148.12 157.26 163.65 171.82 180.59 185.41 192.20 193.13 192.18 196.16 203.42 227.72 241.50 247.75 272.05 306.76 311.20 323.13 346.44 377.12 367.83 357.01 363.66 369.92 370.08 347.55 331.81 298.64 299.14 300.59 339.12 344.16 342.85 303.05 264.68 241.18 214.79 214.39 214.28 211.57 211.69 217.21 220.30 223.35 226.27 216.99 214.52 215.15 210.68 198.07 196.04 197.80 207.77 174.47 159.51 183.95 140.52 121.71 114.85 106.96 117.42 106.23 101.86 90.56 88.20 88.94 92.54 94.77 96.21 100.81
149.56 154.95 158.59 162.47 168.29 177.96 191.00 188.15 181.60 192.80 204.45 221.68 235.76 245.93 263.71 268.62 266.98 265.85 256.08 270.34 289.59 302.43 311.10 327.94 344.56 340.68 310.70 302.27 321.50 301.97 275.01 251.81 243.49 234.25 225.78 212.23 207.21 212.53 213.64 213.47 215.12 217.77 220.00 223.10 224.27 206.33 212.93 227.72 229.30 211.13 201.92 196.99 194.74 214.88 169.43 160.51 153.95 125.31 119.57 107.48 107.46 102.06 94.81 87.63 88.33 86.33 87.55 94.83 95.02 94.31
150.83 157.24 160.39 162.80 166.40 170.51 182.61 208.31 211.11 214.93 217.21 224.04 231.73 245.63 243.60 230.88 235.95 236.98 238.88 242.03 263.18 281.59 266.38 260.84 268.11 276.57 306.17 335.38 310.21 291.67 273.99 247.52 222.41 205.54 199.87 202.16 205.00 210.96 212.66 216.61 217.94 218.48 220.31 222.24 210.27 194.53 200.03 203.59 209.41 208.98 206.18 218.57 188.77 173.38 159.34 130.77 131.52 117.01 111.97 110.06 105.88 88.91 87.78 88.18 112.46 87.01 91.59 89.77 89.68 92.15
151.04 159.62 164.24 167.74 171.42 176.98 195.06 220.39 239.20 251.79 243.46 233.15 229.02 233.93 227.82 220.37 212.88 215.70 214.59 219.81 227.47 235.95 241.70 243.67 243.60 265.18 317.07 307.85 284.77 258.75 237.08 213.89 200.78 199.45 200.50 197.55 200.86 205.49 205.52 210.49 215.03 218.50 220.62 219.72 194.89 191.17 194.74 196.84 200.49 201.97 190.64 183.15 169.86 153.39 137.25 117.61 115.91 107.80 107.37 105.99 107.75 103.43 100.65 84.67 82.32 73.24 70.24 79.68 89.38 88.62
155.37 164.89 169.56 173.60 178.16 187.81 220.13 263.87 273.78 293.52 314.33 323.11 320.76 307.38 234.97 221.15 216.94 207.35 204.15 204.72 210.27 226.73 239.12 262.98 265.10 265.31 265.82 254.18 248.39 218.62 205.67 195.06 188.14 188.82 190.63 191.03 188.22 192.75 196.25 198.07 206.08 210.46 214.28 201.81 185.95 188.84 193.04 193.81 192.92 190.86 184.58 173.55 161.68 144.72 124.17 94.01 80.22 97.29 97.37 104.09 99.06 98.52 96.10 86.28 77.05 69.71 70.11 76.94 77.53 83.30
161.06 170.56 177.52 183.66 195.00 230.58 274.86 347.61 359.10 367.47 386.37 407.41 420.10 407.77 355.70 289.09 217.01 196.39 188.66 186.98 195.81 249.05 297.89 280.89 320.76 282.29 240.93 225.19 209.72 200.25 198.62 187.71 183.72 180.15 177.76 176.69 174.64 180.84 184.98 191.92 198.17 202.44 205.03 201.62 191.51 188.93 191.24 191.29 188.48 187.87 185.60 175.26 165.90 149.53 130.37 112.25 104.14 104.10 107.36 99.52 99.37 97.36 95.42 87.46 83.26 79.37 75.62 85.10 82.53 81.59
167.23 180.64 189.79 202.64 264.59 304.20 332.39 407.72 409.19 421.37 433.30 465.58 520.02 484.47 430.37 381.28 292.70 166.61 146.11 159.98 187.24 241.35 265.90 259.72 250.70 229.25 208.60 194.21 182.84 179.02 175.12 177.99 175.69 174.91 173.58 171.75 171.19 175.90 181.00 187.45 192.76 195.28 198.39 197.70 184.76 187.32 191.51 192.99 192.37 188.05 183.35 178.57 171.63 158.71 144.27 130.77 118.45 113.66 112.92 106.90 103.40 99.71 95.99 90.58 86.20 75.25 80.36 82.00 83.51 91.35
183.01 195.61 216.94 303.71 348.92 397.22 415.37 439.49 449.43 485.31 516.37 560.48 633.60 536.83 442.98 385.16 303.72 208.31 147.72 141.70 151.00 186.53 210.67 209.82 193.94 183.43 176.18 170.57 168.04 167.59 163.67 156.93 160.58 168.70 170.44 169.73 169.16 168.96 171.96 176.62 184.84 186.30 198.07 201.88 197.06 185.09 181.87 181.48 181.30 180.94 180.88 195.37 201.80 163.16 149.07 130.35 114.69 112.61 115.65 109.41 96.06 92.57 87.52 86.48 86.24 77.23 83.74 88.26 92.87 95.54
192.00 215.63 322.88 384.27 435.90 531.21 601.27 602.76 675.06 700.96 698.10 645.94 525.17 443.67 359.42 277.43 240.78 197.36 176.86 142.44 133.99 141.69 149.20 157.15 158.58 159.20 159.74 157.22 154.37 154.24 151.75 150.56 152.73 159.51 163.64 165.82 166.34 166.82 166.26 165.92 173.63 181.21 193.02 197.36 200.97 181.03 174.52 173.67 176.64 178.87 175.27 176.05 179.21 171.01 138.85 124.75 122.50 110.58 103.13 90.78 83.31 81.30 82.35 82.93 77.44 81.63 85.11 89.24 91.19 91.36
226.17 293.41 349.87 436.26 517.19 743.09 888.84 854.13 783.62 741.16 676.33 630.87 466.56 388.99 312.91 266.75 210.23 164.64 149.99 141.03 133.19 134.31 139.07 142.44 141.41 143.60 144.76 145.64 142.96 145.38 146.38 150.20 154.11 156.85 155.58 160.06 162.31 162.28 162.04 162.64 165.20 172.52 183.21 190.90 193.59 194.85 172.84 165.66 161.11 161.65 171.96 165.65 161.96 145.80 125.81 112.54 115.31 102.32 85.21 84.06 75.06 72.32 74.73 73.30 71.30 74.07 86.46 87.14 82.11 84.04
273.94 328.97 389.39 490.86 551.40 684.62 755.24 772.75 708.02 633.12 660.08 548.00 465.37 390.84 327.55 328.00 258.36 198.33 162.75 140.02 135.74 132.02 134.14 137.12 136.82 137.82 139.20 136.77 136.34 141.84 145.57 150.72 155.65 159.09 160.40 158.14 157.73 155.13 152.90 155.97 159.64 165.42 172.61 180.55 182.07 179.85 170.82 157.13 159.44 164.56 163.37 161.96 154.13 139.75 124.37 108.37 111.46 96.66 93.29 74.24 76.71 73.44 72.06 70.19 72.39 73.58 75.23 82.11 78.20 69.45
289.50 338.76 372.35 451.88 527.71 597.83 610.60 601.29 527.13 375.81 340.51 344.76 306.28 280.86 332.40 311.85 284.26 266.18 204.90 160.51 143.92 141.64 182.03 227.80 172.91 141.90 139.53 135.28 136.38 143.66 149.62 154.65 157.65 168.22 174.88 165.45 159.68 154.14 151.60 151.50 152.56 160.87 167.15 174.65 173.71 175.14 174.31 172.89 176.49 171.74 163.43 150.04 145.67 134.78 121.29 111.23 103.00 102.06 96.55 87.15 93.20 95.70 83.05 77.63 74.88 73.19 80.57 81.12 82.72 81.37
269.89 297.90 347.59 379.95 378.47 401.19 406.99 373.01 312.84 242.70 215.53 220.26 222.88 222.21 242.03 248.15 266.87 298.50 287.91 277.12 270.41 252.86 291.68 305.26 274.29 260.59 243.94 202.28 188.41 169.73 158.12 153.37 151.58 158.47 161.26 157.07 153.22 145.88 142.51 140.05 141.21 152.55 159.43 170.95 174.62 174.80 174.84 188.09 197.90 175.29 156.22 150.91 145.78 136.49 119.36 110.28 109.71 110.47 114.35 113.03 106.79 113.35 111.28 88.63 85.66 81.08 82.57 87.15 88.81 92.88
302.57 288.35 277.05 280.50 308.92 311.94 308.37 299.57 280.90 247.96 230.59 225.79 223.59 212.21 193.85 185.92 193.84 219.55 238.63 231.36 239.62 240.00 255.35 279.03 295.39 296.43 291.78 287.57 261.83 258.35 254.35 218.13 203.83 179.43 172.51 153.45 139.55 132.66 125.78 118.31 118.79 127.84 154.95 181.52 190.91 175.44 170.61 181.92 184.48 168.63 156.25 148.61 137.10 125.56 120.61 113.43 110.59 114.49 120.93 124.14 143.03 148.86 162.22 137.62 111.49 98.66 94.13 95.66 99.40 102.02
385.99 341.42 280.34 272.56 301.36 337.50 347.98 323.76 308.97 292.81 280.88 286.27 306.57 315.27 306.09 283.14 240.51 205.18 198.30 217.47 211.38 216.69 232.65 218.89 245.27 258.22 276.30 281.12 288.13 290.03 298.82 285.46 267.09 266.51 244.07 205.87 181.96 134.32 118.79 112.72 108.29 107.42 112.57 113.96 128.26 145.51 156.88 156.58 154.96 155.49 149.03 141.09 126.88 117.50 111.73 92.98 77.17 85.45 105.77 109.60 136.25 183.50 205.95 177.81 139.58 125.47 113.39 113.70 114.47 113.38
599.71 485.85 422.18 394.16 398.03 391.43 389.26 406.33 419.61 417.74 422.25 427.86 428.75 445.20 457.08 432.42 386.14 330.31 270.05 223.95 192.69 187.36 210.20 200.12 213.82 219.83 249.15 265.30 275.78 287.65 288.58 285.29 270.57 263.80 248.16 226.43 201.55 180.25 172.37 153.56 120.00 100.20 93.75 89.61 90.06 89.87 92.48 102.74 115.20 110.60 108.32 113.17 109.63 98.60 88.57 72.48 50.35 56.45 68.49 83.07 102.52 123.47 139.98 131.74 133.15 126.50 128.27 135.54 140.00 132.72
781.30 632.73 521.19 510.57 513.06 488.27 462.43 465.21 481.01 464.84 471.84 465.21 454.59 462.56 476.40 427.12 355.32 303.00 307.27 279.43 261.24 263.59 272.21 265.40 262.96 271.59 280.73 269.44 263.12 255.56 255.95 257.34 259.38 260.82 253.85 237.09 227.71 213.72 193.30 169.80 128.69 97.33 89.62 82.92 75.52 67.50 58.36 62.47 72.50 86.06 95.26 95.91 86.57 75.69 70.21 63.88 57.17 55.37 58.86 65.68 69.19 71.54 68.90 65.86 66.56 76.88 102.84 142.85 149.14 130.73
679.79 570.71 505.73 517.36 525.56 560.74 498.95 458.74 453.98 441.24 427.95 412.43 395.44 400.46 403.65 390.06 364.27 319.95 311.44 313.16 289.72 288.51 289.08 251.73 236.63 236.41 256.86 252.15 253.18 260.06 252.24 246.72 247.08 257.42 259.30 245.51 234.19 209.64 186.78 158.46 104.41 85.71 82.46 75.85 67.19 57.67 43.23 50.12 64.64 77.84 97.70 99.65 81.21 72.62 67.01 62.80 57.34 53.85 54.95 58.88 60.21 60.31 59.04 53.96 56.41 59.93 67.35 84.44 100.86 105.01
381.84 369.01 394.72 430.98 492.97 516.75 466.17 423.74 414.37 424.78 421.61 406.38 405.21 394.67 392.27 362.87 328.50 299.62 303.06 289.83 271.98 271.45 257.45 249.56 242.18 231.54 227.24 225.41 224.29 233.94 243.83 245.69 245.73 243.91 236.82 245.24 230.39 195.35 188.63 151.85 123.07 97.10 87.67 83.68 76.31 68.69 61.23 61.33 65.56 72.02 77.46 78.08 76.45 73.76 70.32 65.90 60.03 56.73 56.63 57.20 57.13 58.00 57.14 52.80 51.74 54.50 57.53 64.32 73.99 80.71
-99.90 301.37 329.01 345.82 350.21 350.46 352.90 358.86 358.43 350.44 379.62 389.82 387.56 399.10 331.89 305.40 294.07 278.79 266.09 213.47 180.09 194.11 198.89 204.36 217.83 195.91 205.69 214.55 211.22 210.26 215.38 198.28 149.30 128.98 124.92 129.16 126.71 115.56 114.55 99.67 93.93 90.48 89.10 88.22 87.74 85.87 77.88 72.41 68.21 68.08 71.18 72.03 74.11 74.25 74.71 72.87 64.32 60.34 61.48 59.28 56.72 57.11 55.68 52.94 49.00 49.17 52.76 58.69 64.16 69.07
253.28 248.86 241.75 238.21 241.97 255.35 278.33 285.77 289.91 295.43 308.83 325.42 339.00 318.07 284.64 252.51 200.76 189.63 156.73 131.85 116.26 115.16 113.12 130.80 133.35 111.43 102.99 107.64 110.56 117.63 133.21 159.18 159.52 118.73 105.84 112.58 119.26 104.40 98.29 93.71 93.42 89.64 87.97 85.30 85.50 86.77 84.92 78.37 72.71 71.76 71.11 71.46 71.48 75.21 74.34 71.54 65.54 61.17 61.22 58.96 57.41 58.31 53.84 49.18 50.54 51.65 53.86 58.67 61.22 65.81
232.11 210.37 177.85 175.47 193.56 218.91 247.90 247.51 254.15 256.53 240.32 234.60 246.85 216.95 174.22 145.29 127.80 136.45 126.18 116.59 111.89 107.20 100.61 97.36 96.15 91.97 83.00 78.84 83.79 84.58 81.67 82.31 84.57 88.71 87.47 95.25 100.04 96.81 93.35 92.27 92.13 88.12 86.43 85.50 84.60 84.59 85.85 79.65 73.64 71.99 68.29 66.33 68.07 74.48 75.56 68.45 67.31 62.99 62.43 61.62 59.07 54.78 49.33 49.57 49.35 50.69 55.47 58.29 60.57 67.86
218.71 202.73 182.17 177.29 189.38 201.03 211.68 198.32 163.81 171.45 147.21 125.94 119.57 114.70 114.65 116.11 117.88 124.35 118.94 112.23 107.36 103.01 94.84 92.12 91.00 87.03 81.09 76.77 79.14 83.48 83.14 82.04 82.56 80.45 78.69 84.50 88.22 88.78 89.24 86.19 89.54 85.66 83.56 83.21 82.35 83.19 85.48 78.48 73.53 70.24 67.16 63.81 61.42 67.36 69.04 67.70 63.31 58.54 58.73 59.79 56.66 51.22 52.76 53.23 51.68 54.85 57.95 58.94 58.35 62.48
210.11 197.90 184.78 185.62 195.99 189.47 153.88 124.17 111.29 105.73 101.79 101.19 104.18 105.69 107.97 107.23 106.39 108.45 108.34 105.27 102.31 98.29 93.71 90.93 91.59 88.95 86.75 84.82 85.12 86.81 85.08 81.86 81.50 81.98 82.58 81.18 81.05 79.88 79.16 78.67 80.46 80.18 81.43 78.31 77.82 75.62 77.59 74.88 70.69 69.00 64.82 62.26 60.36 62.02 60.99 62.38 62.63 60.20 58.34 60.59 57.35 51.91 50.97 51.66 52.40 55.93 56.60 55.80 54.46 58.22
204.95 192.58 190.54 206.59 191.56 164.21 144.12 121.41 105.42 99.67 91.63 90.62 96.87 100.96 101.98 102.90 99.18 101.21 101.00 100.36 98.84 95.45 91.97 90.88 92.37 93.41 92.56 91.24 88.58 88.40 85.30 82.07 80.81 81.94 82.78 77.77 75.66 75.10 72.69 70.78 67.66 68.25 69.35 67.19 71.41 69.63 70.70 69.93 67.94 64.61 59.17 57.42 56.27 55.35 54.98 56.52 53.05 55.48 56.63 54.34 47.65 50.30 50.25 49.55 51.49 57.78 55.81 57.63 56.35 59.19
184.82 186.89 199.14 217.82 196.78 165.72 147.86 123.92 104.53 98.25 93.80 92.70 94.09 95.16 96.63 98.55 95.96 97.59 97.08 97.48 96.42 93.01 91.38 91.60 91.63 95.08 94.97 93.08 90.78 89.43 86.45 80.95 81.35 80.50 77.29 73.86 72.02 71.17 69.21 66.28 63.67 59.65 59.81 66.01 68.48 67.36 68.02 69.09 67.91 67.12 57.85 55.45 51.93 52.46 53.23 51.13 52.48 53.69 52.60 49.42 45.51 47.49 47.68 47.46 50.94 57.26 55.95 55.12 53.65 55.14
185.43 168.90 160.92 152.41 138.10 120.61 108.77 105.97 101.32 97.67 95.08 93.53 93.20 91.02 89.92 93.64 94.63 95.03 95.78 93.81 92.09 85.88 82.92 83.68 87.51 89.99 91.41 91.11 87.94 81.95 75.52 73.78 73.13 73.22 69.85 67.63 67.31 65.88 64.84 61.72 54.02 52.81 53.56 60.57 64.87 64.40 64.32 65.24 65.93 64.13 59.76 52.11 52.06 53.50 54.15 51.80 52.03 50.69 50.81 44.85 41.50 44.08 44.29 45.69 49.30 53.00 51.20 50.76 49.40 50.55
126.49 122.14 111.14 111.74 106.40 107.17 103.76 102.30 99.46 97.44 96.05 94.35 93.17 90.80 89.26 91.87 91.94 92.75 87.85 85.56 84.90 81.76 79.10 77.42 75.97 77.63 78.04 75.85 73.58 71.68 68.72 67.81 68.49 68.13 66.28 65.48 64.72 63.05 61.23 58.54 53.60 52.32 53.95 53.93 58.67 63.34 63.65 64.04 64.45 61.58 59.30 52.79 52.49 52.08 53.89 51.06 51.85 52.86 52.32 49.22 41.73 43.09 43.36 45.08 48.56 51.03 48.89 47.55 46.06 47.22
108.56 102.11 101.07 102.55 104.29 101.25 99.53 99.12 99.16 98.31 96.87 95.13 94.39 93.91 93.89 92.10 90.76 85.80 83.36 82.83 79.12 75.06 72.35 71.46 70.36 74.65 74.37 71.36 69.36 62.80 59.56 60.46 64.10 65.39 64.26 63.53 62.46 61.22 59.93 58.43 56.80 55.34 54.15 50.73 51.91 57.74 62.15 61.82 60.22 59.07 56.96 52.05 50.85 51.67 53.09 50.10 49.18 50.02 48.65 45.90 42.25 43.23 43.68 44.59 47.74 48.32 48.05 46.07 42.72 46.13
107.37 104.70 97.89 99.37 101.03 98.53 98.27 95.31 95.65 97.52 97.49 96.93 95.37 93.59 89.38 86.64 85.66 81.76 81.28 81.00 77.99 73.76 72.47 70.30 69.37 70.67 66.46 62.41 61.29 56.17 55.91 55.64 55.31 57.41 57.22 58.30 59.94 60.26 59.21 58.38 57.90 56.95 55.49 48.13 49.30 48.30 52.71 58.61 60.21 59.51 55.84 50.24 50.51 51.87 52.87 50.21 44.77 40.28 41.97 44.89 44.69 42.30 42.58 43.34 44.73 46.70 46.97 47.21 49.62 51.83
102.06 104.70 100.31 96.43 95.87 95.33 95.87 97.16 94.59 93.30 94.86 93.37 93.63 91.99 87.05 85.45 84.17 83.08 80.44 78.46 73.07 71.84 70.99 70.10 68.98 67.90 66.17 58.22 53.84 54.04 53.79 53.53 53.25 53.81 52.40 49.97 49.86 52.20 54.63 57.76 57.12 56.36 55.67 47.46 48.04 48.47 47.52 48.87 56.23 58.22 53.02 51.04 50.87 52.04 47.26 41.30 37.14 37.55 40.84 42.54 46.49 45.45 42.59 44.42 46.25 48.17 46.53 49.20 53.11 61.55
