arc/python_arcpy/Precipitation/APHRO_MA_025deg_1995.txt
ncols	360 
nrows	280 
xllcorner	60.125 
yllcorner	-14.875 
cellsize	0.25 
NODATA_value	-99.9 
[rows 0 to 30 of 280, columns 280 to 349 of 360]
590.35 601.66 603.83 613.10 605.23 614.93 613.33 611.80 601.49 600.87 596.28 594.08 585.26 573.89 571.70 573.60 578.63 578.47 581.60 592.51 593.22 589.52 -99.90 -99.90 -99.90 -99.90 564.11 561.74 569.64 567.59 567.97 557.58 572.29 -99.90 -99.90 -99.90 -99.90 -99.90 -99.90 -99.90 -99.90 -99.90 -99.90 -99.90 -99.90 -99.90 -99.90 -99.90 -99.90 -99.90 -99.90 -99.90 -99.90 -99.90 -99.90 -99.90 -99.90 -99.90 -99.90 -99.90 -99.90 -99.90 -99.90 -99.90 -99.90 -99.90 -99.90 -99.90 -99.90 -99.90
585.15 605.83 619.91 624.01 628.12 627.24 611.43 597.95 588.50 583.65 589.09 603.00 610.42 598.71 604.53 596.89 588.88 580.13 586.43 586.93 608.63 635.18 598.35 566.68 554.96 553.93 553.57 562.56 -99.90 -99.90 554.73 563.41 574.23 -99.90 -99.90 -99.90 -99.90 -99.90 -99.90 -99.90 -99.90 -99.90 -99.90 -99.90 -99.90 -99.90 -99.90 -99.90 -99.90 -99.90 -99.90 -99.90 -99.90 -99.90 -99.90 -99.90 -99.90 -99.90 -99.90 -99.90 -99.90 -99.90 -99.90 -99.90 -99.90 -99.90 -99.90 -99.90 -99.90 -99.90
576.30 590.71 609.61 614.20 612.10 611.64 616.13 627.85 626.27 605.89 593.66 581.37 577.01 578.85 586.99 584.62 588.39 592.36 594.72 599.63 607.22 604.16 590.33 567.72 556.38 551.27 542.24 543.57 -99.90 545.74 534.05 540.25 -99.90 -99.90 560.65 560.08 -99.90 -99.90 557.41 560.65 -99.90 -99.90 -99.90 -99.90 -99.90 -99.90 -99.90 -99.90 -99.90 712.53 746.16 749.63 -99.90 -99.90 -99.90 -99.90 -99.90 -99.90 -99.90 -99.90 -99.90 -99.90 -99.90 -99.90 -99.90 -99.90 -99.90 -99.90 -99.90 -99.90
600.03 604.65 611.55 607.32 605.36 610.94 613.87 615.47 611.64 592.90 577.16 573.23 579.80 579.56 586.89 603.23 611.23 617.09 611.81 617.41 610.14 602.70 585.76 574.89 568.64 560.79 548.67 525.00 523.16 522.78 538.07 -99.90 -99.90 -99.90 547.96 545.32 542.31 557.26 562.96 565.39 579.74 -99.90 -99.90 -99.90 -99.90 -99.90 -99.90 -99.90 -99.90 706.33 733.56 749.87 -99.90 -99.90 -99.90 -99.90 -99.90 -99.90 -99.90 -99.90 -99.90 -99.90 -99.90 -99.90 -99.90 -99.90 -99.90 -99.90 -99.90 -99.90
624.36 623.26 627.35 626.62 637.41 651.50 649.80 640.89 615.12 607.42 592.48 584.51 597.06 606.42 611.51 622.87 632.96 635.88 645.98 637.68 617.12 604.36 588.58 576.34 557.44 550.35 522.71 506.29 513.68 546.40 531.18 532.37 -99.90 544.11 545.77 554.37 557.07 557.40 557.50 578.34 579.48 595.36 -99.90 -99.90 -99.90 -99.90 -99.90 -99.90 -99.90 -99.90 698.68 707.72 -99.90 -99.90 -99.90 -99.90 -99.90 -99.90 -99.90 -99.90 -99.90 -99.90 -99.90 -99.90 -99.90 -99.90 -99.90 -99.90 -99.90 -99.90
579.08 606.37 620.62 628.40 645.00 664.13 667.54 656.27 645.29 630.71 609.66 597.65 601.15 617.78 628.51 628.58 643.39 655.68 652.04 618.88 586.01 575.29 577.21 572.69 551.55 542.56 508.95 502.08 504.96 513.40 507.85 515.30 527.17 537.69 533.52 541.27 549.31 546.56 548.65 551.97 562.56 567.85 578.90 598.41 -99.90 -99.90 -99.90 -99.90 682.28 678.49 661.98 701.55 727.49 -99.90 -99.90 -99.90 -99.90 -99.90 -99.90 -99.90 -99.90 -99.90 -99.90 -99.90 -99.90 -99.90 -99.90 -99.90 -99.90 -99.90
541.00 583.78 600.01 604.72 618.22 637.91 646.70 648.26 636.65 637.15 641.47 642.02 645.05 638.55 639.22 636.65 639.85 643.56 642.94 626.32 593.48 567.03 560.46 555.00 540.11 520.29 502.14 491.77 485.38 495.46 502.34 495.56 523.75 535.13 509.50 512.16 525.14 526.01 526.76 542.94 582.01 614.21 642.82 632.80 605.27 602.39 625.78 621.82 637.98 671.04 701.41 717.67 724.61 -99.90 -99.90 -99.90 -99.90 -99.90 -99.90 -99.90 -99.90 -99.90 -99.90 -99.90 -99.90 -99.90 -99.90 -99.90 -99.90 -99.90
511.14 568.12 590.92 613.22 639.33 657.48 668.06 679.40 672.85 673.14 680.00 692.78 676.34 648.11 634.99 619.44 620.71 641.04 640.34 626.31 600.99 568.97 553.81 542.84 524.47 505.73 503.29 494.51 483.76 483.02 487.50 499.44 492.73 486.15 492.47 511.72 514.37 520.52 528.15 547.93 565.33 625.88 676.05 685.43 645.38 620.96 -99.90 608.94 627.51 691.14 715.77 722.03 726.20 724.37 -99.90 -99.90 -99.90 -99.90 -99.90 -99.90 -99.90 -99.90 -99.90 -99.90 -99.90 -99.90 -99.90 -99.90 -99.90 -99.90
531.79 571.60 594.96 616.11 643.48 674.86 709.45 704.39 682.32 680.16 668.64 672.24 671.44 651.51 641.99 640.57 633.87 642.28 650.63 622.00 619.90 608.95 587.44 549.72 527.31 496.25 482.38 474.34 475.67 466.61 464.35 479.78 476.53 480.21 490.64 505.46 530.42 527.45 534.51 550.69 577.07 626.67 670.81 667.52 642.07 -99.90 -99.90 637.69 656.87 705.73 712.34 720.28 735.54 738.50 -99.90 -99.90 -99.90 -99.90 -99.90 -99.90 -99.90 -99.90 -99.90 -99.90 -99.90 -99.90 -99.90 -99.90 -99.90 -99.90
556.21 581.93 602.30 622.36 656.34 666.74 687.61 684.97 680.97 683.13 688.97 677.76 681.23 670.01 662.42 646.46 642.35 637.96 652.65 640.25 630.83 605.95 583.35 556.76 524.60 495.81 479.09 482.01 474.96 449.37 452.44 476.78 486.28 481.54 504.15 541.51 552.08 550.96 574.29 587.96 586.05 609.97 643.31 670.23 673.61 696.75 -99.90 656.11 687.51 711.40 716.42 732.66 750.06 742.88 -99.90 -99.90 -99.90 -99.90 -99.90 -99.90 -99.90 -99.90 -99.90 -99.90 -99.90 -99.90 -99.90 -99.90 -99.90 -99.90
569.76 584.79 608.35 621.90 628.13 635.69 656.30 658.28 666.14 690.27 711.82 690.02 650.72 643.79 640.23 626.42 633.98 649.49 635.47 634.43 621.95 606.74 592.67 577.71 533.32 497.85 465.87 476.98 480.56 493.78 515.69 509.76 500.81 489.13 501.61 535.67 572.80 577.02 582.79 598.89 599.43 572.12 614.79 650.79 682.75 730.23 722.74 702.57 702.46 704.47 738.09 755.76 757.56 745.94 -99.90 -99.90 -99.90 -99.90 -99.90 -99.90 -99.90 -99.90 -99.90 -99.90 -99.90 -99.90 -99.90 -99.90 -99.90 -99.90
592.67 601.12 619.33 626.97 631.85 645.80 672.79 681.89 665.81 665.66 674.44 675.98 656.62 645.77 620.71 616.31 625.92 643.41 636.40 638.48 625.23 613.62 597.84 569.73 536.39 516.30 499.37 495.73 500.04 502.07 512.57 518.55 518.74 535.12 559.37 594.43 609.37 572.99 572.67 577.62 588.75 585.57 638.77 678.20 684.76 705.88 717.41 709.14 730.10 760.38 771.53 772.58 771.84 -99.90 -99.90 -99.90 -99.90 -99.90 -99.90 -99.90 -99.90 -99.90 -99.90 -99.90 -99.90 -99.90 -99.90 -99.90 -99.90 -99.90
620.37 632.27 647.96 652.42 654.75 676.22 680.23 675.46 667.01 640.43 659.83 655.64 637.21 623.00 615.29 627.76 652.03 641.57 639.26 641.84 631.98 618.10 610.61 575.87 549.97 528.37 514.94 506.11 501.15 502.63 505.45 526.72 555.79 545.17 561.59 571.86 565.69 561.57 567.66 581.06 598.78 624.71 667.54 682.40 683.02 691.24 703.97 729.51 762.80 775.64 778.07 787.26 789.55 785.10 -99.90 -99.90 -99.90 -99.90 -99.90 -99.90 -99.90 -99.90 -99.90 -99.90 -99.90 -99.90 -99.90 -99.90 -99.90 -99.90
642.20 652.51 654.65 652.54 664.51 680.95 695.12 684.37 671.76 644.51 634.33 626.68 614.13 610.22 619.64 633.28 626.62 634.99 642.90 660.07 642.79 622.88 606.79 584.32 565.03 537.60 523.87 518.60 507.79 506.19 513.18 534.35 565.11 569.80 578.49 567.58 562.31 565.26 572.48 587.00 613.77 661.73 695.92 701.70 695.07 -99.90 764.21 754.22 761.42 763.71 777.60 788.31 796.23 790.33 -99.90 -99.90 -99.90 -99.90 -99.90 -99.90 -99.90 -99.90 -99.90 -99.90 -99.90 -99.90 -99.90 -99.90 -99.90 -99.90
658.34 674.17 656.06 652.39 663.64 667.66 676.06 669.53 658.70 639.66 606.55 601.87 606.95 615.04 624.63 640.78 656.30 671.98 639.54 625.89 632.33 616.04 598.73 578.32 561.53 542.78 532.35 525.43 511.40 511.31 516.71 563.69 563.37 555.03 574.63 577.99 563.81 573.78 606.77 633.69 637.76 682.39 705.40 713.70 -99.90 -99.90 -99.90 -99.90 762.02 772.87 782.67 799.30 788.50 787.16 -99.90 -99.90 -99.90 -99.90 -99.90 -99.90 -99.90 -99.90 -99.90 -99.90 -99.90 -99.90 -99.90 -99.90 -99.90 -99.90
635.43 639.63 646.24 664.41 675.83 658.46 672.16 670.61 657.44 642.87 613.96 609.87 609.32 618.73 638.92 660.87 656.67 646.38 611.74 627.28 626.56 615.67 613.70 590.77 560.90 548.56 536.54 521.22 509.68 503.70 510.84 513.80 529.25 521.40 544.95 583.25 615.81 637.41 645.25 669.83 682.75 664.23 689.50 -99.90 -99.90 -99.90 -99.90 -99.90 748.82 748.72 770.06 794.02 800.43 793.39 761.65 -99.90 -99.90 -99.90 -99.90 -99.90 -99.90 -99.90 -99.90 -99.90 -99.90 -99.90 -99.90 -99.90 -99.90 -99.90
612.25 614.28 632.26 665.95 666.64 658.03 651.42 659.29 658.73 636.02 627.75 629.35 637.86 650.55 649.30 631.55 614.30 609.42 627.60 631.69 644.84 622.27 610.03 583.12 574.23 578.68 548.54 521.52 513.85 506.60 501.92 497.08 492.99 542.52 585.79 619.70 639.35 669.24 669.27 687.48 691.22 682.69 674.95 -99.90 -99.90 -99.90 -99.90 -99.90 702.55 743.00 745.61 795.76 835.08 815.82 793.63 -99.90 -99.90 -99.90 -99.90 -99.90 -99.90 -99.90 -99.90 -99.90 -99.90 -99.90 -99.90 -99.90 -99.90 -99.90
595.60 598.36 624.80 644.61 650.21 644.58 636.59 637.67 650.08 647.30 644.53 648.73 634.62 640.31 631.07 623.11 641.50 669.11 686.95 662.38 635.08 596.18 576.76 576.71 587.43 589.23 548.95 506.27 489.01 505.78 510.64 517.24 550.49 583.68 580.31 605.53 618.44 634.67 661.22 674.02 675.39 651.88 -99.90 -99.90 -99.90 -99.90 -99.90 -99.90 685.10 723.17 728.56 761.74 828.07 840.30 817.92 -99.90 -99.90 -99.90 -99.90 -99.90 -99.90 -99.90 -99.90 -99.90 -99.90 -99.90 -99.90 -99.90 -99.90 -99.90
566.09 573.40 582.53 603.89 625.45 626.47 625.42 636.94 647.39 646.13 643.48 633.00 612.94 615.77 621.88 661.12 677.30 672.74 650.07 636.86 615.03 601.76 593.64 588.44 588.59 558.20 529.97 513.54 506.47 510.44 525.72 543.77 569.19 564.37 584.75 629.27 637.11 642.04 654.22 654.47 653.85 652.04 639.95 -99.90 -99.90 -99.90 -99.90 -99.90 666.94 707.18 709.64 715.83 780.70 806.63 796.41 834.34 -99.90 -99.90 -99.90 -99.90 -99.90 -99.90 -99.90 -99.90 -99.90 -99.90 -99.90 -99.90 -99.90 -99.90
552.79 562.74 566.50 572.66 595.28 611.95 627.86 625.52 614.53 625.92 639.27 633.28 615.85 613.60 613.62 632.49 644.45 622.04 586.00 594.46 597.56 583.78 576.34 571.27 557.48 536.13 525.76 519.41 519.45 522.49 533.42 547.19 589.54 586.09 584.75 615.29 623.13 629.05 617.36 616.16 633.12 637.25 625.58 -99.90 -99.90 -99.90 -99.90 -99.90 642.66 700.51 730.01 719.72 752.61 785.72 781.78 779.41 -99.90 -99.90 -99.90 -99.90 -99.90 -99.90 -99.90 -99.90 -99.90 -99.90 -99.90 -99.90 -99.90 -99.90
547.60 572.44 568.59 574.14 596.94 612.49 634.59 646.51 640.95 643.74 649.88 646.63 637.50 620.12 625.75 631.24 622.90 597.83 582.97 598.32 574.57 553.44 545.47 538.14 532.97 525.30 522.65 520.95 521.49 533.28 549.91 576.45 599.65 601.19 607.49 611.41 629.53 631.76 634.58 612.62 607.01 606.34 625.28 -99.90 -99.90 -99.90 -99.90 -99.90 651.25 689.97 710.30 699.95 717.42 757.21 781.61 767.23 738.73 -99.90 -99.90 -99.90 -99.90 -99.90 -99.90 -99.90 -99.90 -99.90 -99.90 -99.90 -99.90 -99.90
544.75 563.99 578.55 599.00 608.77 618.87 636.81 655.19 679.88 677.51 667.07 668.99 639.59 628.99 628.90 623.94 638.46 623.19 639.93 614.14 579.89 559.86 557.24 543.84 527.64 525.23 517.35 524.99 539.30 574.98 602.52 622.16 642.65 634.08 639.19 635.98 638.49 649.55 642.57 623.63 587.44 614.73 616.56 -99.90 -99.90 -99.90 -99.90 -99.90 687.98 720.93 732.60 709.42 719.94 729.68 733.66 736.06 730.31 -99.90 -99.90 -99.90 -99.90 -99.90 -99.90 -99.90 -99.90 -99.90 -99.90 -99.90 -99.90 -99.90
531.75 561.27 589.06 616.32 626.05 649.84 670.64 697.59 699.01 719.31 688.65 665.20 658.83 631.43 614.58 629.85 612.74 613.27 618.03 606.90 583.88 567.44 569.03 557.89 545.99 535.93 528.47 555.96 584.57 612.22 630.41 673.53 704.50 698.63 676.31 654.77 643.76 629.55 628.11 631.73 627.53 626.39 -99.90 -99.90 -99.90 -99.90 -99.90 -99.90 682.05 717.34 792.10 736.93 741.36 733.38 727.79 718.72 711.59 751.37 -99.90 -99.90 -99.90 -99.90 -99.90 -99.90 -99.90 -99.90 -99.90 -99.90 -99.90 -99.90
556.07 573.74 593.93 616.59 671.13 685.77 679.22 680.54 672.51 694.91 683.15 651.87 624.97 611.37 606.77 599.20 592.29 590.69 596.20 599.73 580.52 576.84 582.56 565.71 557.42 560.27 581.12 607.31 638.38 669.90 703.66 722.49 698.09 687.59 692.40 658.45 635.33 625.14 650.74 650.71 646.75 663.35 -99.90 -99.90 -99.90 -99.90 -99.90 -99.90 675.52 750.81 792.96 770.81 783.50 -99.90 -99.90 -99.90 728.44 719.87 -99.90 -99.90 -99.90 -99.90 -99.90 -99.90 -99.90 -99.90 -99.90 -99.90 -99.90 -99.90
566.25 569.45 578.60 612.58 652.30 654.09 662.13 660.45 646.10 660.95 647.03 605.54 583.01 583.16 585.62 584.18 580.26 582.14 583.58 584.34 573.99 577.73 577.87 570.31 574.86 595.25 631.50 664.88 715.89 731.99 751.80 750.75 721.88 707.82 698.79 675.44 649.53 658.17 666.41 638.10 634.17 644.85 -99.90 -99.90 -99.90 -99.90 -99.90 722.96 727.10 755.15 777.03 762.34 -99.90 -99.90 -99.90 -99.90 -99.90 722.59 707.45 -99.90 -99.90 -99.90 -99.90 -99.90 -99.90 -99.90 -99.90 -99.90 -99.90 -99.90
570.16 552.85 564.21 585.13 611.20 622.98 618.07 608.43 603.79 605.67 602.68 572.54 559.23 559.51 552.28 544.16 562.62 568.37 578.54 590.22 598.53 597.99 608.18 615.91 629.98 652.04 688.06 730.25 767.11 774.93 749.07 729.78 713.48 695.50 672.61 611.54 597.46 627.28 625.01 622.69 624.38 -99.90 -99.90 -99.90 -99.90 -99.90 -99.90 745.73 754.20 778.52 766.46 799.29 -99.90 -99.90 -99.90 -99.90 -99.90 -99.90 703.14 -99.90 -99.90 -99.90 -99.90 -99.90 -99.90 -99.90 -99.90 -99.90 -99.90 -99.90
552.06 555.73 554.48 555.88 585.28 602.02 586.76 581.76 580.13 577.39 570.07 563.90 557.24 555.46 547.70 542.80 548.54 558.03 572.61 600.13 617.99 622.48 639.69 650.06 681.71 708.09 741.22 770.95 779.84 784.18 776.12 734.31 721.07 696.57 696.02 641.28 624.22 620.37 613.88 617.09 624.69 -99.90 -99.90 -99.90 -99.90 -99.90 -99.90 -99.90 770.85 798.04 792.19 -99.90 -99.90 -99.90 -99.90 -99.90 -99.90 -99.90 -99.90 -99.90 -99.90 -99.90 -99.90 -99.90 -99.90 -99.90 -99.90 -99.90 -99.90 -99.90
553.77 562.51 554.91 559.01 563.40 561.54 542.89 545.29 556.98 557.81 554.21 536.36 543.51 544.45 534.35 537.06 547.65 560.43 583.14 613.93 622.27 632.73 663.68 697.19 712.82 751.03 793.90 804.80 792.39 771.34 734.96 717.70 685.82 696.81 703.36 660.56 624.55 602.46 604.00 606.09 -99.90 -99.90 -99.90 -99.90 -99.90 -99.90 -99.90 -99.90 788.46 802.64 812.03 -99.90 -99.90 -99.90 -99.90 -99.90 -99.90 -99.90 -99.90 -99.90 -99.90 -99.90 -99.90 -99.90 -99.90 -99.90 -99.90 -99.90 -99.90 -99.90
560.65 556.67 554.04 542.72 536.37 530.34 522.23 511.53 519.39 523.17 513.83 519.33 523.06 526.21 528.96 537.71 553.57 575.43 590.03 613.97 625.94 639.71 684.26 740.20 790.30 827.42 827.34 815.12 781.25 771.55 748.80 706.19 682.87 672.74 666.00 654.47 624.89 604.80 609.30 -99.90 -99.90 -99.90 -99.90 -99.90 -99.90 -99.90 -99.90 -99.90 798.38 823.06 838.11 -99.90 -99.90 -99.90 -99.90 -99.90 -99.90 -99.90 -99.90 -99.90 -99.90 -99.90 -99.90 -99.90 -99.90 -99.90 -99.90 -99.90 -99.90 -99.90
568.64 563.60 548.24 533.59 523.14 515.78 509.39 502.98 489.89 499.52 501.60 506.58 507.54 523.48 530.10 539.99 553.98 576.27 597.49 625.20 637.34 669.34 699.42 754.74 805.62 828.96 824.80 819.72 800.76 758.82 747.41 733.73 685.00 630.60 642.31 626.93 604.98 -99.90 -99.90 -99.90 -99.90 -99.90 -99.90 -99.90 -99.90 -99.90 -99.90 823.74 840.39 871.19 872.93 -99.90 -99.90 -99.90 -99.90 -99.90 -99.90 -99.90 -99.90 -99.90 -99.90 -99.90 -99.90 -99.90 -99.90 -99.90 -99.90 -99.90 -99.90 -99.90
564.35 571.30 540.84 527.20 520.08 514.02 502.19 486.93 475.56 477.62 495.81 496.78 504.37 515.11 528.63 542.11 554.45 581.73 615.15 635.57 651.48 685.15 699.43 740.76 761.74 806.14 816.73 812.33 795.57 763.32 754.88 729.48 673.30 630.88 620.84 615.23 627.64 -99.90 -99.90 -99.90 -99.90 -99.90 -99.90 -99.90 -99.90 -99.90 -99.90 820.98 834.89 888.80 934.51 973.69 -99.90 -99.90 -99.90 -99.90 -99.90 -99.90 -99.90 -99.90 -99.90 -99.90 -99.90 -99.90 -99.90 -99.90 -99.90 -99.90 -99.90 -99.90
