arc/python_arcpy/Precipitation/APHRO_MA_025deg_2000.txt
ncols	360 
nrows	280 
xllcorner	60.125 
yllcorner	-14.875 
cellsize	0.25 
NODATA_value	-99.9 
[rows 93 to 123 of 280, columns 0 to 69 of 360]
80.09 63.57 51.94 40.40 24.42 19.43 18.87 18.65 18.40 18.44 18.68 18.76 18.77 18.53 18.22 17.79 17.44 24.11 37.25 48.51 54.38 61.85 70.51 76.08 90.46 102.85 105.29 136.52 165.09 163.69 147.29 117.53 112.60 110.20 115.52 124.44 140.49 146.06 158.05 177.43 172.89 175.04 177.63 181.62 177.06 171.52 174.97 181.28 191.91 195.42 201.68 207.55 226.49 261.76 288.22 325.89 379.28 447.68 439.22 464.88 447.87 469.55 513.12 591.99 706.94 812.15 923.15 1154.20 1089.75 1034.32
67.05 55.07 44.69 30.49 21.57 20.37 19.10 18.46 18.51 18.36 18.04 17.77 17.41 17.27 17.22 17.05 17.30 27.45 38.64 47.58 53.22 58.92 67.86 80.74 96.97 105.06 107.17 132.90 158.98 162.13 151.95 125.26 110.11 106.99 119.02 116.26 123.14 131.28 146.49 156.71 160.27 153.57 153.85 154.93 155.20 153.20 152.67 160.17 167.82 174.04 177.93 186.86 206.39 221.58 258.61 294.55 334.10 360.48 372.53 379.23 391.36 439.53 471.77 533.82 659.57 771.21 817.69 1000.19 970.39 947.52
55.82 50.19 40.33 28.20 22.45 21.77 18.36 18.24 17.74 17.48 17.51 17.56 17.96 18.27 18.41 18.72 17.59 29.70 42.32 47.04 55.40 60.48 74.73 85.81 96.86 102.25 113.77 136.04 157.57 162.35 157.63 137.99 109.51 114.73 113.18 117.14 121.31 126.16 134.68 137.84 143.25 139.66 140.06 141.52 142.02 141.40 139.45 141.73 147.81 159.79 171.31 189.11 194.45 208.82 226.95 263.56 279.98 286.60 319.22 329.67 343.65 376.93 431.79 528.86 640.63 727.80 850.04 1018.84 1071.64 1028.56
52.60 47.58 35.90 29.97 23.71 22.57 18.87 19.18 19.15 19.14 18.96 18.76 18.68 18.60 18.51 17.83 18.57 31.97 40.15 44.44 51.56 65.71 78.33 87.76 96.15 106.46 123.57 128.90 135.88 153.39 158.60 160.23 117.11 105.73 107.49 112.61 119.93 124.72 128.17 132.41 137.09 130.73 128.28 128.05 130.61 129.68 128.90 128.70 135.78 142.20 154.61 182.00 186.27 191.37 203.98 211.68 220.28 234.29 270.21 285.04 288.71 325.00 408.48 512.19 589.48 650.73 747.10 1005.83 1086.89 1003.02
51.46 43.19 32.85 29.46 25.95 24.97 23.98 21.11 20.39 20.09 19.95 19.94 19.60 19.30 17.12 15.79 17.11 33.70 37.91 48.15 56.48 69.31 78.65 86.69 98.50 117.77 125.62 129.31 126.42 128.00 146.63 152.78 121.08 105.39 104.31 111.77 117.70 121.38 121.16 120.73 124.97 121.62 115.67 114.09 117.09 119.53 118.43 119.57 126.86 134.13 141.73 165.99 175.34 176.74 179.17 182.51 183.83 193.51 214.97 234.77 244.89 280.59 352.28 400.11 424.48 555.83 670.62 815.21 1076.62 1325.82
53.48 47.27 35.39 29.03 26.78 25.59 24.50 22.78 21.19 20.33 20.14 19.80 18.51 16.09 14.33 14.46 19.60 35.82 37.68 45.57 59.10 68.83 81.04 88.18 101.19 115.43 129.45 143.91 137.61 123.73 118.48 119.76 107.66 99.24 97.72 101.20 106.65 115.18 121.04 124.11 123.20 113.16 106.30 103.17 101.31 101.17 105.21 113.73 116.22 127.85 134.22 149.92 158.87 166.43 169.27 170.51 170.44 174.87 194.37 196.29 187.65 216.68 282.40 333.38 365.12 503.02 673.06 780.77 875.59 1166.13
51.28 48.98 45.21 35.41 29.34 26.39 23.78 22.98 22.36 21.21 18.98 17.61 16.33 14.55 13.94 14.10 22.45 34.42 35.69 42.08 51.50 63.01 73.10 82.64 97.53 112.88 126.52 149.15 139.59 117.95 92.54 92.09 90.31 93.05 88.85 89.90 95.60 107.81 120.49 128.10 114.85 101.21 94.90 89.44 86.85 85.42 95.42 100.61 105.80 112.00 124.64 137.60 148.08 153.30 160.17 162.80 154.45 158.49 163.92 162.12 161.55 180.41 208.63 259.61 278.31 403.17 527.88 623.00 690.39 894.13
54.10 52.87 50.40 43.93 36.49 32.88 29.61 25.17 21.93 19.59 18.95 17.66 15.69 15.36 14.38 13.54 24.14 32.31 37.02 43.24 45.95 50.86 61.94 73.32 95.65 106.93 114.66 122.58 119.45 90.11 74.48 70.94 75.74 81.02 83.24 90.26 96.25 103.17 122.71 122.69 98.96 91.12 89.73 86.20 82.68 83.41 88.44 94.62 98.28 102.50 108.97 123.09 133.01 141.97 149.04 149.58 134.69 130.30 138.42 145.37 150.94 157.82 159.40 176.86 220.86 309.32 389.22 482.72 585.76 682.00
56.65 59.99 55.33 43.14 37.50 34.47 31.37 27.60 22.61 21.57 20.72 19.08 17.08 16.48 16.28 15.94 22.85 33.15 39.37 41.87 44.10 47.96 52.38 65.56 87.02 97.21 108.62 113.31 101.90 69.23 61.50 59.64 60.85 69.77 77.05 79.73 84.82 88.93 94.92 97.31 81.73 78.69 82.18 84.38 81.63 81.61 84.08 88.97 91.46 93.81 100.14 107.13 115.59 118.77 121.48 120.92 120.61 121.30 126.40 126.96 127.56 124.67 127.07 135.23 200.42 238.53 296.04 424.53 544.14 594.32
57.27 73.41 64.56 41.93 32.37 31.84 31.99 25.87 22.90 21.40 19.51 18.95 17.23 16.00 15.37 15.17 17.47 28.29 34.37 38.68 42.10 46.74 51.84 57.79 83.61 94.20 98.28 98.80 88.38 66.92 53.63 49.52 48.57 52.05 63.03 66.88 71.17 72.27 72.70 70.78 67.45 71.34 70.71 70.26 69.63 70.97 74.57 78.92 83.69 85.99 93.35 102.64 106.86 106.23 104.34 104.69 109.90 117.15 117.61 115.22 112.89 110.01 122.75 153.66 200.47 264.59 319.93 400.82 511.45 558.35
55.39 58.86 57.54 44.16 32.19 29.30 30.57 26.55 23.35 19.33 17.50 15.82 14.56 14.44 13.65 13.06 11.47 16.96 27.65 34.57 41.66 45.46 49.31 59.54 81.98 91.45 95.34 95.63 83.53 54.25 40.92 37.84 36.36 43.02 46.47 48.94 52.16 54.44 58.58 54.11 54.82 57.05 58.14 57.47 56.16 59.59 64.89 70.42 76.01 82.56 89.29 91.58 95.39 100.31 102.51 105.15 109.41 116.91 116.99 115.38 113.48 118.02 127.66 154.28 238.47 339.12 401.80 456.96 482.39 535.75
55.78 59.12 66.72 48.20 36.96 31.27 33.43 28.75 22.77 18.19 14.42 11.81 12.97 13.58 13.42 12.08 11.62 11.49 20.19 33.04 41.67 47.77 49.71 60.20 77.15 90.68 93.62 83.03 61.18 44.43 37.78 36.58 35.38 32.93 31.79 35.33 37.63 38.11 40.80 40.58 43.61 44.57 39.50 43.55 50.65 56.22 61.03 66.80 71.36 78.17 82.53 85.70 90.81 96.52 103.21 110.99 116.71 119.67 118.88 120.12 124.05 130.27 149.26 214.90 317.34 391.56 449.96 465.60 468.65 553.52
46.84 52.92 61.11 69.65 63.39 39.63 35.33 30.39 21.72 18.46 15.11 13.04 12.95 13.29 13.24 13.38 12.91 15.10 20.92 30.37 37.51 41.94 48.02 58.27 74.41 83.46 85.45 76.03 61.81 43.70 36.99 29.80 28.09 27.95 24.27 23.62 25.12 28.79 31.77 31.16 30.65 32.35 27.23 35.64 45.73 53.56 60.54 65.48 71.20 75.69 79.86 85.84 92.02 99.35 106.42 118.64 125.54 127.35 132.69 141.32 145.67 153.50 178.31 229.51 346.52 389.81 431.61 435.91 506.82 585.84
46.90 58.79 69.19 61.48 58.76 37.45 31.12 29.21 21.36 18.92 16.01 14.71 14.50 14.21 14.45 14.10 14.25 15.46 21.02 25.40 31.42 38.94 47.82 58.40 66.40 74.49 71.34 74.36 62.70 42.48 31.37 26.59 24.40 27.18 28.06 21.20 22.38 22.41 24.06 25.06 25.80 26.57 34.35 37.11 42.24 53.95 60.51 67.33 71.90 75.22 80.93 88.25 100.56 104.89 105.74 114.21 133.88 137.86 151.59 175.15 175.65 198.86 207.15 249.04 303.98 337.21 376.65 416.58 461.32 484.28
52.36 59.18 56.97 45.40 40.19 28.47 23.74 22.14 19.67 16.53 16.34 17.12 17.56 16.51 15.29 15.29 14.87 14.90 21.73 23.92 27.07 35.31 45.21 51.45 57.51 62.75 74.66 77.20 61.66 43.67 28.26 22.87 20.92 20.61 19.46 17.83 19.51 22.13 23.57 25.35 27.23 28.78 35.78 39.68 42.47 53.97 61.15 65.63 72.03 78.19 82.07 89.85 102.22 113.20 124.80 127.71 141.59 157.76 177.54 211.02 226.68 237.69 266.41 299.67 304.33 298.54 337.96 371.50 367.97 406.58
38.49 42.41 43.50 37.77 34.81 27.03 21.34 19.12 18.67 19.19 20.78 20.59 21.48 21.49 19.31 17.33 16.54 16.00 22.40 27.51 31.86 36.83 41.27 46.23 53.61 65.74 93.39 76.85 61.75 46.79 29.95 22.43 19.56 18.78 18.33 17.79 20.94 22.75 24.07 26.66 31.01 32.93 36.82 39.43 45.92 52.82 57.89 62.02 67.97 73.03 80.83 88.13 97.14 109.92 132.17 148.71 161.96 189.74 215.93 242.14 254.90 272.18 304.79 318.29 338.86 348.95 371.10 378.68 361.37 421.64
32.93 31.29 31.29 34.27 36.51 26.63 20.57 20.52 20.91 20.62 24.02 24.68 24.40 23.59 21.98 21.01 19.29 19.41 24.87 29.99 34.53 39.14 39.68 42.94 48.09 59.30 75.66 70.48 60.74 41.12 30.70 26.08 22.69 21.09 21.73 21.54 22.58 23.48 24.69 26.96 27.85 31.68 37.27 43.52 50.64 54.28 59.27 64.01 67.42 69.69 76.51 89.62 103.25 120.93 146.17 165.24 182.02 206.99 225.39 241.81 256.86 290.43 298.61 310.29 318.90 365.94 402.10 364.11 366.73 402.77
33.15 30.11 29.03 28.43 27.57 24.66 21.95 24.50 25.17 25.70 28.42 26.52 24.28 22.26 22.42 22.78 22.38 20.70 25.34 33.43 36.15 38.06 37.66 40.09 43.71 51.69 58.98 56.84 50.16 32.60 24.22 19.96 16.28 17.88 18.77 20.64 22.50 24.51 26.17 29.71 34.50 36.66 41.83 54.21 56.80 59.33 63.17 64.45 62.90 62.62 79.32 99.71 113.65 135.45 157.75 175.06 189.05 212.03 219.34 235.77 260.99 269.28 289.35 308.66 335.06 385.78 391.04 337.51 379.63 379.59
32.92 30.00 26.57 23.82 22.78 23.27 26.90 31.83 31.96 29.84 32.66 29.75 22.79 21.07 22.72 23.45 23.50 22.85 24.08 33.29 34.05 35.77 34.86 35.53 41.42 47.74 49.59 48.96 44.72 27.21 22.54 18.44 15.56 15.52 15.35 15.45 23.62 29.00 33.78 35.83 38.55 41.56 49.99 65.88 67.81 67.81 66.69 65.42 58.87 52.07 85.99 110.48 124.62 142.89 168.34 185.14 196.40 211.32 227.13 237.99 257.39 280.00 311.81 329.62 330.15 360.15 376.00 331.88 344.00 348.05
30.44 27.23 24.60 20.04 18.94 21.96 25.98 32.35 32.35 30.49 27.31 24.89 21.94 21.58 22.50 23.36 23.59 23.30 23.67 33.20 33.15 32.39 32.38 36.58 41.05 42.34 42.89 39.81 38.70 23.86 21.55 18.27 13.87 17.23 18.30 18.44 24.23 31.44 36.05 37.98 41.58 43.57 56.54 81.93 78.72 74.06 71.51 67.56 73.25 83.51 104.25 125.02 142.66 158.69 182.80 195.94 200.98 210.29 234.15 248.10 271.38 294.23 332.16 365.30 321.55 327.94 341.72 304.14 313.94 335.59
29.35 29.63 25.57 20.15 18.38 20.11 25.84 29.08 29.77 29.80 24.83 21.63 19.55 21.44 22.28 22.82 23.06 23.22 23.20 31.03 32.12 30.98 30.95 36.25 36.81 34.51 37.41 40.24 37.42 28.76 22.86 23.93 22.38 23.89 24.88 26.70 31.14 35.50 38.27 40.57 44.25 45.71 58.44 74.25 75.60 77.83 79.31 81.04 89.58 105.60 124.50 149.23 170.70 183.97 204.56 210.45 206.28 210.66 260.90 272.84 275.00 280.08 321.05 383.04 361.37 362.26 345.53 330.87 335.07 353.76
34.99 33.24 26.10 21.44 18.73 18.41 22.77 25.26 24.79 27.81 26.13 23.59 21.57 21.64 22.22 22.58 23.02 23.20 23.30 27.61 29.62 30.70 29.57 30.68 31.27 30.61 38.97 39.19 36.19 26.88 23.30 23.54 27.10 29.59 30.17 32.53 36.57 39.63 42.15 46.08 49.45 49.29 64.69 71.89 77.52 83.91 87.17 91.27 100.83 119.15 142.58 194.61 234.05 210.67 212.75 221.28 220.73 225.35 259.60 257.74 285.48 289.44 334.27 385.74 396.66 384.78 378.99 393.85 391.99 390.68
37.12 35.18 27.64 26.04 22.82 21.06 22.32 24.86 21.69 25.01 26.04 24.64 22.89 21.77 22.39 22.59 22.99 23.15 23.33 25.30 27.06 29.53 28.00 28.21 30.06 29.87 35.49 37.88 34.19 25.56 25.85 27.14 30.88 35.65 35.47 37.09 40.31 46.26 49.14 52.49 54.55 55.10 64.09 75.51 85.04 88.71 94.86 103.67 112.75 127.79 153.23 203.85 238.72 231.27 220.27 229.43 253.90 257.04 247.57 263.30 310.22 339.06 366.65 398.56 419.92 425.96 411.87 419.39 417.02 417.08
30.92 33.14 32.62 29.96 28.63 27.13 21.83 19.51 17.37 18.07 20.74 20.92 20.52 20.42 21.09 22.72 23.09 23.04 23.08 23.62 26.71 28.30 27.01 28.53 29.30 28.81 33.13 37.52 31.92 29.36 30.89 33.19 36.62 38.17 39.46 41.78 46.48 52.62 55.23 58.22 58.58 65.77 67.81 85.62 90.81 92.87 102.51 111.47 121.11 137.80 164.54 203.44 232.07 241.28 235.60 255.70 274.29 276.19 286.64 310.77 317.26 370.72 398.77 418.23 436.72 450.74 446.03 448.22 443.71 423.99
23.72 33.40 36.25 31.72 30.27 30.57 24.17 20.27 17.16 15.97 18.27 19.64 19.35 18.24 18.28 19.88 22.21 22.82 23.40 23.32 26.24 27.88 27.17 27.91 27.60 28.52 35.49 38.09 32.85 33.81 34.33 38.13 40.29 41.41 44.07 48.48 53.62 60.04 64.85 68.60 67.50 73.50 80.54 89.77 95.18 101.91 111.16 120.73 138.20 169.51 185.92 216.80 239.32 254.32 257.84 279.28 294.57 310.08 334.04 359.28 359.40 436.61 472.99 476.64 471.95 465.69 502.70 508.20 497.70 475.48
25.59 29.42 38.78 32.23 28.63 26.01 22.06 20.28 19.61 16.38 17.18 19.44 18.80 19.91 19.28 18.37 19.24 19.89 23.55 24.11 26.19 27.34 27.36 31.74 35.22 33.73 33.66 35.70 34.30 38.17 41.18 42.42 43.39 47.58 50.04 54.21 59.05 63.47 68.74 74.62 75.43 86.64 92.85 98.99 105.32 116.42 126.84 139.19 162.04 186.55 217.79 227.97 254.92 283.97 312.51 317.10 313.49 338.87 373.06 397.10 408.88 468.26 505.05 538.73 529.11 517.13 540.43 562.08 557.27 565.30
-99.90 -99.90 -99.90 29.26 26.48 23.56 19.41 14.45 19.25 19.73 -99.90 18.62 19.12 19.39 -99.90 -99.90 -99.90 -99.90 20.81 -99.90 -99.90 -99.90 -99.90 -99.90 -99.90 -99.90 38.84 36.87 39.69 42.64 44.26 45.07 47.50 52.61 56.87 60.62 65.09 70.71 76.52 83.77 93.28 100.77 106.19 114.92 123.65 135.45 153.63 180.00 192.16 211.55 238.05 258.85 277.33 313.30 356.86 336.31 349.19 381.26 382.97 389.89 424.20 488.85 542.17 569.48 564.92 595.51 630.65 652.30 668.47 639.36
-99.90 -99.90 -99.90 -99.90 -99.90 -99.90 -99.90 -99.90 -99.90 -99.90 -99.90 -99.90 -99.90 -99.90 -99.90 -99.90 -99.90 -99.90 -99.90 -99.90 -99.90 -99.90 -99.90 -99.90 -99.90 -99.90 37.97 39.20 42.61 46.51 48.66 50.88 53.65 58.09 63.73 68.50 74.59 82.56 87.92 100.28 108.57 119.92 129.23 137.34 142.69 169.83 194.61 216.63 236.98 271.29 295.89 334.61 341.88 375.36 366.55 348.69 367.64 386.02 407.00 419.98 443.01 501.40 562.55 548.79 554.25 619.65 683.83 705.92 731.44 742.48
-99.90 -99.90 -99.90 -99.90 -99.90 -99.90 -99.90 -99.90 -99.90 -99.90 -99.90 -99.90 -99.90 -99.90 -99.90 -99.90 -99.90 -99.90 -99.90 -99.90 -99.90 -99.90 -99.90 -99.90 -99.90 -99.90 -99.90 -99.90 48.14 51.05 53.29 58.30 69.90 77.79 84.39 87.97 97.29 99.52 108.63 116.26 125.25 141.08 147.98 157.76 170.70 192.96 217.43 247.44 281.42 317.17 383.09 431.73 424.41 437.97 418.71 423.95 413.22 409.91 420.79 442.01 474.50 503.25 515.79 517.42 572.94 605.70 663.04 727.10 781.71 800.66
-99.90 -99.90 -99.90 -99.90 -99.90 -99.90 -99.90 -99.90 -99.90 -99.90 -99.90 -99.90 -99.90 -99.90 -99.90 -99.90 -99.90 -99.90 -99.90 -99.90 -99.90 -99.90 -99.90 -99.90 -99.90 -99.90 -99.90 -99.90 -99.90 66.90 76.28 88.83 95.69 101.49 108.28 112.79 121.73 132.69 137.80 145.21 143.70 155.71 171.92 184.53 207.60 224.12 245.78 278.14 322.61 361.68 405.63 452.41 447.91 427.24 394.13 358.76 380.93 421.50 444.42 458.53 465.72 470.80 472.45 494.71 573.15 600.79 625.50 747.97 782.11 790.74
-99.90 -99.90 -99.90 -99.90 -99.90 -99.90 -99.90 -99.90 -99.90 -99.90 -99.90 -99.90 -99.90 -99.90 -99.90 -99.90 -99.90 -99.90 -99.90 -99.90 -99.90 -99.90 -99.90 -99.90 -99.90 -99.90 -99.90 -99.90 -99.90 88.66 98.98 104.84 117.17 129.51 134.86 138.95 144.46 152.84 166.61 170.01 173.64 179.62 183.03 199.46 233.48 251.22 273.08 291.17 349.08 376.82 416.91 477.97 468.59 427.11 364.89 309.14 336.94 382.00 419.55 439.17 435.28 432.25 445.29 495.79 537.86 559.73 613.73 747.30 777.62 789.56
