arc/python_arcpy/Precipitation/APHRO_MA_025deg_1994.txt
ncols	360 
nrows	280 
xllcorner	60.125 
yllcorner	-14.875 
cellsize	0.25 
NODATA_value	-99.9 
[rows 31 to 61 of 280, columns 210 to 279 of 360]
263.10 259.70 254.45 245.88 216.61 203.20 198.87 197.96 203.23 214.29 218.34 195.31 132.65 154.77 178.10 193.78 203.85 209.29 213.14 222.64 225.88 227.28 236.20 252.18 274.54 293.02 321.00 362.76 401.95 489.10 509.66 488.17 474.44 454.17 450.64 459.91 455.82 452.76 445.65 434.71 428.05 412.10 409.85 412.48 415.47 420.94 419.99 425.49 437.59 464.12 473.10 479.23 498.83 540.84 545.63 544.23 552.86 563.94 579.74 617.02 646.55 685.75 738.89 772.11 786.37 780.25 775.05 775.62 806.12 810.70
260.39 263.82 269.63 265.66 245.75 232.98 227.26 228.88 232.14 240.41 259.81 258.89 205.21 189.25 193.48 201.80 210.37 216.90 220.36 224.73 228.99 250.50 272.15 280.53 288.33 300.83 327.68 362.37 399.51 446.88 462.34 459.20 465.54 465.56 462.52 468.41 459.94 439.46 449.90 443.14 435.34 420.50 413.10 411.06 415.56 417.02 417.73 420.76 442.45 452.54 460.65 470.17 484.60 507.71 528.96 543.83 567.33 598.19 613.08 635.52 680.66 726.94 784.58 788.87 804.42 805.35 823.97 812.25 807.73 794.00
258.76 265.30 282.62 288.21 254.75 240.86 240.44 238.82 236.30 236.26 239.13 234.20 217.87 208.85 206.05 210.43 217.69 225.64 231.42 232.66 237.19 260.43 273.68 281.27 293.49 302.78 321.55 352.54 386.95 424.36 430.11 441.02 449.93 456.96 459.53 465.24 464.23 454.86 448.06 444.49 432.76 424.63 425.28 425.70 423.53 423.53 421.41 418.27 425.57 435.50 440.09 452.07 468.75 494.79 517.01 538.08 577.08 635.89 662.43 671.77 701.10 718.44 771.96 804.69 817.85 827.96 830.09 841.35 799.04 789.02
250.99 257.34 262.65 261.99 250.67 244.72 240.53 237.25 237.85 237.18 235.29 235.54 227.45 217.84 214.74 212.78 222.16 229.59 233.80 238.09 242.63 254.17 279.13 284.01 291.64 313.16 340.78 358.80 372.36 397.90 414.42 423.61 433.54 446.59 452.58 456.20 453.97 457.09 455.13 446.94 430.47 427.27 436.91 457.83 441.65 425.10 417.01 414.03 414.08 424.04 420.88 425.80 447.84 468.75 503.93 538.46 572.03 609.75 637.18 678.98 699.64 717.32 777.76 793.62 818.25 846.85 833.45 826.26 828.54 793.57
250.92 252.53 256.44 254.15 250.90 248.06 245.13 241.74 240.99 242.50 245.99 245.68 236.00 232.99 226.01 215.66 215.26 221.06 234.57 251.80 264.06 280.66 287.86 289.83 307.10 328.44 343.41 359.04 370.43 385.26 395.05 420.12 426.31 436.74 454.31 451.34 450.98 466.85 475.11 444.95 433.03 428.91 425.47 425.45 424.71 419.72 414.31 408.21 407.72 419.09 428.74 440.35 452.09 463.81 483.87 525.44 559.43 593.90 621.76 659.14 699.72 722.24 772.14 789.29 813.99 832.18 820.92 814.66 808.09 784.86
241.26 250.14 250.77 247.49 247.33 247.41 250.22 249.65 248.32 250.39 256.00 261.49 246.10 235.59 229.43 229.68 233.41 230.08 238.24 259.85 275.64 281.71 281.42 302.60 312.18 328.19 343.75 355.80 369.39 392.54 403.03 409.24 437.07 447.36 434.94 443.24 442.34 444.26 444.36 429.99 422.15 413.75 411.47 410.40 410.47 405.20 403.30 405.99 409.80 418.16 428.55 441.32 456.44 479.69 500.99 516.15 553.83 593.05 616.84 654.71 693.03 722.93 776.68 801.83 815.18 810.93 801.67 804.87 789.03 773.84
200.45 224.65 238.33 240.09 239.99 242.13 242.06 251.09 254.13 255.12 248.52 246.90 241.32 239.52 238.66 237.85 246.61 252.97 249.71 242.59 241.29 268.36 289.94 298.45 306.61 318.59 337.68 360.87 376.32 404.43 402.97 406.07 408.49 416.48 424.28 422.33 421.05 424.11 425.29 416.67 404.36 397.45 406.46 407.06 405.27 402.81 399.99 407.63 422.19 430.13 438.48 447.64 459.65 480.70 503.15 521.18 542.88 581.06 629.80 687.97 737.19 779.86 813.69 813.86 805.71 802.35 827.62 832.67 777.18 759.89
181.59 200.55 218.73 223.12 228.30 241.22 250.46 254.62 259.06 254.56 246.03 238.23 238.46 237.11 235.43 240.33 247.44 255.00 256.82 256.38 265.39 282.08 304.79 315.11 321.44 327.37 354.13 371.58 388.56 406.79 405.09 402.30 402.67 397.60 390.81 400.22 400.10 408.55 411.31 407.96 407.84 411.82 414.20 416.11 414.78 414.83 414.66 417.05 429.88 439.04 447.49 453.48 464.06 482.34 510.83 531.63 555.45 592.15 639.96 696.61 775.80 837.82 837.48 805.66 801.17 800.35 836.56 794.94 766.50 746.68
166.70 179.56 187.58 212.06 216.41 230.76 241.17 241.43 235.18 238.04 240.68 243.05 242.00 238.82 239.94 246.24 251.74 254.63 255.02 268.94 280.57 282.06 293.47 305.26 327.14 339.19 349.70 358.03 373.14 383.98 386.96 387.37 387.97 386.26 380.59 383.10 387.60 393.01 406.61 413.98 413.91 415.06 417.20 419.41 421.21 425.09 426.44 438.77 444.45 448.71 454.75 465.42 482.17 492.59 519.81 541.39 568.86 607.08 660.50 697.28 763.21 848.34 849.81 791.09 771.46 781.46 803.64 772.06 736.27 726.62
154.97 171.18 175.35 187.09 198.70 209.98 222.77 226.79 226.97 230.47 233.03 235.72 234.36 231.29 233.57 240.75 245.94 256.98 263.88 269.75 277.29 284.20 291.30 301.27 310.12 320.06 335.30 340.00 339.76 348.41 358.69 379.49 375.01 373.33 371.15 371.30 380.78 397.39 402.53 406.59 416.97 417.95 422.07 429.77 433.53 442.33 457.33 464.01 469.53 474.25 487.63 494.27 506.37 524.32 552.67 569.85 589.99 618.26 655.09 701.50 738.12 782.07 800.57 786.41 776.75 771.92 761.98 735.91 699.11 683.68
143.27 150.16 162.64 176.57 184.64 189.63 199.95 209.30 218.19 223.17 224.03 219.77 222.15 226.65 230.76 234.09 243.21 254.30 265.74 272.66 280.61 289.70 298.58 307.75 313.43 323.25 331.59 347.53 346.86 346.24 354.12 359.93 364.15 363.58 366.83 375.08 385.87 394.43 402.29 410.63 420.73 431.30 444.95 451.34 461.88 484.95 498.18 503.61 504.43 502.60 516.16 522.54 532.87 547.66 566.24 593.29 631.22 656.82 689.47 719.86 745.74 770.21 788.77 803.15 781.69 740.36 699.24 681.78 669.01 672.84
137.23 145.81 152.34 161.78 174.91 175.15 182.55 191.60 203.32 215.40 218.55 221.26 224.73 226.79 231.51 236.73 252.34 262.44 269.26 274.90 284.80 294.37 307.75 318.96 321.03 328.03 339.76 353.68 361.39 359.86 356.03 358.52 358.91 363.06 369.54 375.17 386.50 397.44 405.18 414.14 426.52 438.27 458.82 475.03 511.66 552.78 556.70 534.65 529.85 538.54 546.38 556.76 574.18 596.89 620.65 643.29 679.58 707.18 726.86 753.24 767.01 769.28 795.55 797.09 761.03 719.09 676.91 661.96 659.00 692.71
135.75 140.29 145.41 151.12 156.99 170.24 179.87 185.81 194.62 215.75 223.25 222.97 224.66 229.05 237.22 251.87 266.30 270.23 277.76 284.75 294.99 303.07 311.19 316.28 327.11 339.04 348.19 363.16 372.06 365.36 365.82 360.42 359.53 368.51 376.03 384.18 392.84 402.22 412.99 424.26 435.42 447.17 469.65 503.40 531.34 569.62 576.85 559.40 562.29 575.43 591.13 597.89 618.07 650.84 673.95 683.04 727.99 749.44 760.29 766.18 777.98 787.54 816.38 788.19 739.72 682.62 646.99 647.49 661.96 679.53
130.17 135.57 139.73 143.42 154.62 171.38 179.86 182.91 195.75 213.03 224.36 224.89 227.43 233.41 243.73 259.39 266.69 276.22 281.07 291.14 300.22 301.95 306.67 314.40 324.51 336.54 355.15 369.16 369.53 367.68 367.91 366.08 363.24 374.92 374.79 383.07 396.13 418.95 436.33 449.04 457.95 480.65 513.45 529.26 543.68 558.31 570.56 576.14 589.81 604.56 635.18 664.69 691.04 702.77 709.49 748.53 759.34 768.51 787.28 775.18 775.58 781.80 755.95 724.83 701.33 667.59 661.98 658.32 661.97 666.44
126.99 131.71 137.10 142.95 160.31 167.59 176.22 192.96 203.64 212.00 216.22 222.51 230.33 239.52 251.58 264.77 276.97 284.64 290.66 303.96 311.75 302.39 298.17 312.99 324.95 341.39 356.41 358.81 363.17 363.28 366.89 368.81 382.17 382.24 370.09 379.79 409.27 432.76 460.66 487.88 495.70 520.93 532.63 550.87 568.79 580.55 602.51 620.24 635.93 656.63 692.00 709.73 725.37 743.64 763.03 770.34 777.44 780.56 802.34 784.69 776.54 764.57 731.27 703.26 707.94 708.86 707.71 669.48 651.47 668.76
129.93 134.35 138.81 144.70 160.31 168.06 187.63 196.66 206.14 212.31 219.06 228.07 236.77 255.39 272.61 280.71 293.73 300.65 306.21 321.15 319.35 323.66 325.91 327.46 334.24 337.50 344.87 349.79 357.76 364.21 367.86 388.72 397.88 398.59 406.79 427.91 452.88 473.67 497.46 529.36 545.67 560.06 570.82 594.39 612.18 620.78 648.11 677.46 682.60 685.75 708.76 733.26 748.87 778.30 809.20 816.62 826.43 814.95 797.56 786.94 791.50 774.08 717.38 697.92 712.64 716.81 722.44 690.69 667.40 679.00
134.18 137.90 141.90 151.04 163.31 170.01 189.10 202.51 212.37 218.86 225.75 236.03 248.44 270.61 279.84 295.71 308.94 315.66 322.05 328.94 338.95 345.42 348.66 350.78 353.71 341.67 340.70 358.94 369.06 376.31 394.46 425.92 434.43 437.43 452.55 492.98 516.70 535.77 553.41 565.33 582.13 599.37 612.45 627.33 656.76 668.34 714.13 735.15 731.37 721.75 747.46 766.36 766.78 787.20 808.76 828.30 854.98 849.72 819.53 809.52 794.73 785.55 757.41 726.31 715.14 719.07 737.18 712.23 684.75 690.86
140.01 143.96 150.49 163.84 170.09 177.89 198.77 217.06 224.65 234.65 254.10 266.25 284.08 287.28 296.97 309.43 324.09 330.16 344.78 365.86 377.16 376.20 385.95 398.08 391.41 381.45 381.79 398.66 402.99 419.65 446.80 461.13 474.15 493.69 527.68 553.54 567.23 579.06 590.50 605.57 620.43 627.29 651.30 645.61 675.47 728.61 756.00 759.13 757.22 753.88 771.49 777.65 779.27 772.38 782.92 801.42 845.78 864.86 822.70 804.47 806.17 809.67 810.30 784.31 762.19 763.64 741.08 722.82 717.46 715.43
151.48 156.99 162.31 173.50 188.81 208.85 225.37 231.72 241.52 258.08 272.02 281.67 299.50 308.52 319.40 328.42 342.40 363.54 379.05 394.23 402.27 414.98 423.63 421.22 416.06 416.56 418.58 422.82 433.39 467.13 481.50 502.96 523.95 541.22 583.24 606.93 619.55 623.18 624.05 637.83 647.20 671.75 695.19 698.09 741.81 803.23 848.95 811.61 777.04 775.99 787.73 787.85 779.97 765.87 772.48 768.33 798.59 805.24 799.83 813.55 834.06 827.97 829.94 826.72 853.11 804.32 769.20 758.83 753.49 754.03
171.68 166.27 184.70 206.29 218.02 232.01 242.68 259.33 274.05 280.66 291.05 304.07 326.03 336.54 341.39 352.18 370.71 397.58 408.86 421.79 422.31 430.94 441.42 442.71 444.53 455.37 460.88 456.66 493.41 513.78 532.69 559.20 585.53 603.34 632.04 651.46 664.92 675.58 670.44 679.20 684.91 715.59 739.97 743.35 761.83 829.28 871.88 843.09 796.37 800.64 791.71 785.52 768.05 760.95 758.04 758.07 767.68 771.92 791.50 800.15 823.53 848.67 856.14 851.95 855.09 833.11 809.02 785.85 747.82 768.08
202.30 216.70 229.24 243.17 250.26 262.14 272.02 284.20 291.16 303.06 330.85 343.62 358.27 367.23 380.27 392.10 423.10 429.87 441.46 458.32 460.57 470.01 471.20 478.02 475.73 485.76 497.63 514.75 541.61 558.57 593.27 613.56 630.10 646.13 675.99 697.00 727.46 742.48 735.89 727.61 755.83 787.65 783.65 793.27 799.51 833.78 845.26 827.18 813.01 824.91 803.04 786.16 750.84 741.06 740.58 757.51 751.54 763.00 783.48 787.63 825.66 907.32 1027.96 908.93 853.81 807.57 805.01 842.65 753.90 729.11
259.55 260.20 267.16 273.00 279.78 284.93 295.92 304.01 311.32 337.42 358.99 370.90 382.87 395.09 415.11 440.81 453.78 469.79 476.42 486.08 500.54 502.20 508.24 516.74 519.23 526.58 523.22 531.68 556.34 588.38 610.64 649.59 655.10 669.09 705.62 735.21 766.55 796.36 792.83 780.98 799.75 826.43 815.27 824.23 809.89 837.08 857.67 818.38 809.49 831.32 816.91 797.23 763.32 752.03 746.16 734.25 738.93 720.64 761.20 777.59 796.56 896.62 1037.46 946.99 856.97 815.83 856.47 830.39 681.72 640.88
283.94 284.49 288.13 292.73 297.78 303.18 307.72 316.48 338.57 356.23 367.14 388.67 402.31 418.53 440.67 466.01 480.27 501.21 515.09 523.41 528.83 533.99 547.59 551.60 561.20 545.88 546.92 564.71 589.54 618.48 648.30 676.82 697.43 710.34 728.20 757.46 816.99 838.51 879.80 837.65 818.98 808.37 827.33 790.54 794.73 836.46 848.22 835.57 814.71 816.96 812.87 792.41 759.71 768.07 767.99 754.26 730.36 724.73 728.30 756.36 776.35 829.61 798.55 808.48 828.47 823.40 882.41 721.79 610.65 -99.90
315.50 314.36 311.61 311.59 313.15 311.18 319.64 335.41 365.05 380.07 392.05 408.44 415.33 438.07 458.95 475.47 511.19 532.68 544.65 554.83 555.16 561.55 564.51 595.13 589.21 585.87 598.34 615.17 622.23 638.68 667.99 705.93 728.73 750.60 765.31 773.50 826.54 857.74 867.30 861.19 849.81 841.13 841.98 844.64 851.62 852.27 847.59 841.40 831.49 839.92 809.12 759.75 766.43 779.90 803.77 773.39 749.89 752.06 725.38 724.61 713.31 713.65 675.94 712.12 801.37 774.43 724.37 653.28 610.28 642.46
347.70 345.92 344.10 335.11 327.79 324.54 333.95 365.22 403.64 414.42 404.89 418.37 423.70 446.63 467.39 503.07 528.44 548.99 558.89 567.29 582.83 580.56 589.13 619.35 629.08 640.17 639.58 654.61 664.56 667.55 684.89 703.20 736.57 757.86 810.47 823.05 833.59 853.67 879.52 866.09 851.52 876.23 877.86 868.32 870.31 867.57 867.68 869.20 865.42 867.92 846.38 796.80 819.62 820.38 832.90 803.00 784.94 770.44 762.56 728.91 709.99 762.38 697.91 701.54 774.94 703.82 647.05 621.91 640.33 -99.90
356.89 360.01 355.23 347.21 346.50 339.11 338.99 361.36 393.10 406.20 405.60 425.32 442.35 468.10 514.33 552.22 562.94 579.88 597.11 603.51 606.42 605.09 613.55 629.15 634.66 667.02 684.93 694.71 696.02 701.16 696.56 709.22 719.26 752.05 802.77 827.54 831.57 844.73 862.73 862.06 856.22 873.83 890.27 863.02 884.50 903.62 891.92 928.64 960.01 948.67 928.96 901.86 887.15 876.00 854.49 849.76 811.37 811.76 779.06 749.31 740.96 731.26 684.65 668.43 685.03 654.55 620.02 597.28 634.18 -99.90
374.70 367.96 355.28 346.84 354.47 353.92 352.22 367.04 383.54 404.33 411.05 427.11 465.21 510.39 560.35 597.20 625.34 657.08 652.18 654.52 652.53 660.02 656.80 679.64 685.47 704.91 711.31 726.83 725.53 719.44 713.50 716.07 725.56 759.53 -99.90 -99.90 -99.90 -99.90 867.77 856.94 856.67 852.98 862.97 884.18 902.80 927.93 942.64 986.50 1006.26 988.61 980.40 959.61 937.81 937.42 939.96 910.18 867.55 837.53 804.34 775.50 766.32 743.95 670.88 638.90 621.15 607.19 599.10 585.97 -99.90 -99.90
387.66 380.42 365.70 352.91 349.15 338.07 351.50 373.45 387.57 409.32 436.62 442.65 478.88 547.22 626.22 663.02 702.14 758.82 713.84 693.32 709.50 722.05 715.84 712.98 726.12 761.06 744.66 735.97 732.28 734.73 730.93 749.10 738.92 750.92 -99.90 -99.90 -99.90 -99.90 837.15 842.31 855.10 875.56 871.90 894.05 906.27 931.71 982.34 1014.70 1029.19 1018.85 1038.14 1043.56 1016.08 997.59 987.93 962.36 931.73 893.19 864.72 800.98 723.05 689.21 617.86 601.82 590.54 605.28 609.01 -99.90 -99.90 -99.90
398.34 392.72 377.07 356.80 355.97 354.62 364.83 376.09 389.32 419.24 452.58 482.36 538.35 617.01 750.03 711.55 690.93 701.76 711.90 700.22 697.70 740.68 728.56 704.49 702.49 721.15 714.86 706.89 691.95 709.57 727.77 723.13 -99.90 -99.90 -99.90 -99.90 -99.90 800.15 816.70 830.43 834.83 863.70 860.75 874.25 884.31 937.26 979.27 1070.72 1070.58 1088.31 1127.12 1118.72 1066.81 1022.83 1004.37 992.11 954.40 900.49 877.62 777.56 720.53 666.91 612.16 602.14 614.01 -99.90 -99.90 -99.90 -99.90 -99.90
398.80 404.33 387.86 377.11 378.52 389.88 386.29 382.22 387.87 445.03 504.33 552.20 590.81 698.49 778.97 716.60 678.45 650.16 642.97 650.02 643.91 645.84 654.95 659.06 671.90 689.06 689.44 662.59 668.91 685.17 -99.90 -99.90 -99.90 -99.90 -99.90 766.66 774.79 786.14 805.62 809.17 814.25 823.02 829.90 846.41 858.43 894.69 925.28 993.12 1016.07 1066.74 1130.15 1113.17 1049.92 1019.38 1011.41 987.79 957.09 911.36 886.40 788.87 754.20 736.38 707.10 -99.90 -99.90 -99.90 -99.90 -99.90 -99.90 -99.90
417.46 401.89 391.57 393.61 408.42 428.89 421.63 424.28 467.59 491.25 556.35 631.95 721.45 793.68 780.80 738.27 693.94 600.62 575.07 602.21 599.57 587.68 579.55 620.91 662.66 684.89 686.21 680.11 -99.90 -99.90 -99.90 -99.90 -99.90 -99.90 730.46 745.73 751.19 782.79 798.27 783.34 777.29 797.53 800.43 824.43 -99.90 -99.90 -99.90 -99.90 977.05 1039.96 1065.24 1040.65 979.74 992.54 1024.53 1016.03 1002.14 959.20 905.30 849.93 837.50 -99.90 -99.90 -99.90 -99.90 -99.90 -99.90 -99.90 -99.90 -99.90
