arc/python_arcpy/Precipitation/APHRO_MA_025deg_1997.txt
ncols	360 
nrows	280 
xllcorner	60.125 
yllcorner	-14.875 
cellsize	0.25 
NODATA_value	-99.9 
[rows 0 to 30 of 280, columns 0 to 69 of 360]
529.57 496.65 486.30 478.96 467.03 455.13 448.07 429.22 402.22 397.28 397.12 395.41 364.96 370.62 357.74 353.78 350.36 357.66 340.41 317.10 311.12 309.30 303.14 295.60 292.24 290.34 288.63 281.44 268.04 267.22 264.16 257.71 255.84 257.31 258.26 256.79 263.25 267.03 265.26 268.09 276.39 286.93 285.00 280.05 277.34 277.89 275.64 276.18 286.46 292.72 296.07 302.29 307.21 322.74 316.59 299.42 285.98 270.16 257.87 254.48 248.02 242.80 246.56 251.42 253.31 245.69 238.67 238.45 241.09 247.17
486.60 463.30 467.10 462.80 455.07 450.01 416.67 383.07 368.90 369.38 376.10 374.95 334.30 325.38 323.09 320.44 316.65 306.36 293.77 286.60 283.19 282.06 279.37 280.97 271.78 265.26 266.73 259.05 255.14 254.71 252.88 251.96 252.06 251.68 251.55 252.09 253.88 256.28 258.52 259.05 262.54 265.87 265.94 265.48 265.61 268.34 268.89 269.60 272.12 280.91 289.15 291.16 291.40 287.97 280.73 271.32 262.40 256.79 251.44 246.42 241.14 232.83 231.33 232.25 231.97 229.16 224.15 222.20 223.54 224.94
464.12 453.21 448.42 432.15 412.53 406.09 380.47 370.35 363.78 358.06 355.24 350.79 336.34 317.35 312.89 305.30 292.81 287.19 280.04 271.99 268.61 266.52 262.94 261.41 260.25 257.34 252.94 245.48 243.05 246.40 248.19 246.26 245.91 244.66 243.89 242.30 241.00 242.72 245.51 249.79 252.27 253.37 250.06 245.31 252.07 258.10 262.10 264.60 264.57 268.69 275.58 278.63 281.43 275.42 270.57 263.11 255.90 251.46 247.24 240.61 233.74 225.51 226.29 226.14 224.47 223.00 219.06 215.69 213.55 213.30
431.97 397.65 398.66 382.69 377.07 379.85 386.11 370.98 359.23 349.17 339.51 338.91 322.21 311.27 302.76 293.32 285.46 281.21 274.33 264.92 262.38 261.43 259.68 259.08 258.54 254.85 250.44 245.25 244.23 245.02 243.61 240.92 238.15 238.10 232.60 231.99 233.84 231.73 228.64 229.18 235.61 240.62 240.63 242.39 245.99 248.14 252.14 253.70 254.75 257.25 263.22 267.56 266.96 261.57 259.16 255.83 247.85 242.47 235.86 226.04 221.93 220.52 219.46 218.43 216.45 214.44 210.86 204.82 202.82 203.89
378.24 363.02 362.39 363.80 359.90 360.78 357.23 352.13 341.36 339.62 314.72 311.85 309.48 301.48 291.53 281.08 271.18 267.02 262.45 258.84 256.62 259.20 258.26 258.20 259.69 261.44 253.66 248.52 258.31 270.93 260.40 258.61 242.96 234.89 227.52 223.88 222.01 221.15 217.13 213.89 215.54 217.74 218.89 221.06 223.89 234.28 241.35 241.94 240.34 242.06 245.29 248.71 248.19 246.81 246.13 242.48 235.50 232.30 225.69 215.99 212.30 211.57 209.87 208.97 209.24 212.58 211.12 203.37 199.85 198.81
360.81 358.85 357.25 350.47 346.95 343.35 336.60 330.43 324.62 320.50 300.38 297.10 293.83 288.31 280.59 270.21 266.35 262.26 259.60 255.23 253.12 253.68 254.70 253.56 253.44 255.23 250.48 250.35 265.64 265.38 262.73 262.24 257.90 241.13 227.15 216.33 214.39 211.97 208.03 206.03 206.62 205.93 205.94 207.05 208.14 209.83 220.05 225.56 226.17 228.32 233.44 235.86 236.50 233.77 229.42 227.06 222.49 218.10 214.62 212.38 209.50 204.12 202.20 201.87 202.26 200.46 200.06 198.37 196.77 195.44
353.91 351.96 347.18 339.88 336.52 331.07 326.87 320.89 304.88 294.96 293.01 291.21 288.43 279.79 268.42 264.42 263.65 260.08 257.02 253.65 248.75 245.49 244.98 244.48 244.79 244.17 244.18 258.48 266.03 263.92 264.78 281.13 294.55 260.43 230.60 217.40 212.47 205.24 204.57 202.38 198.28 195.02 194.22 193.36 195.74 199.93 202.70 208.10 211.24 214.45 219.20 223.16 219.72 217.14 216.84 216.92 218.01 214.25 210.63 207.30 201.91 199.46 196.80 193.71 189.42 186.26 188.87 190.34 193.46 196.62
345.26 343.14 339.47 334.26 327.91 319.23 312.50 309.02 288.22 281.93 282.16 288.90 288.25 272.32 265.47 257.53 250.36 246.29 247.23 241.72 240.32 240.37 238.97 240.33 239.07 238.54 239.26 252.47 273.64 273.17 271.72 274.85 279.33 268.11 245.35 217.46 212.56 205.86 200.61 197.39 193.45 192.65 185.59 183.54 182.93 182.76 185.56 190.22 194.73 202.69 208.40 208.02 206.64 207.40 211.29 213.57 215.09 207.08 198.81 193.21 191.44 191.34 187.48 182.23 178.73 180.77 181.58 182.94 184.76 189.29
339.16 328.38 318.95 321.36 310.56 298.14 288.98 283.90 271.56 265.51 261.13 263.18 269.37 261.55 251.83 247.00 242.36 238.63 234.38 231.34 226.08 226.06 226.00 233.23 234.45 236.10 238.66 246.22 267.63 277.28 272.82 287.23 296.16 283.69 258.25 229.32 221.23 211.69 203.67 197.47 204.66 201.45 191.33 179.73 174.72 174.47 175.29 176.36 175.83 184.90 196.70 199.71 202.85 204.14 199.64 194.95 190.50 188.65 185.75 183.51 179.40 175.67 174.16 172.31 164.03 165.82 164.77 172.68 176.82 181.81
315.64 308.22 298.62 290.82 287.51 283.94 277.61 264.83 260.56 255.44 253.98 254.85 254.11 251.14 247.18 242.52 239.37 235.02 229.06 225.85 219.15 218.13 218.72 222.36 226.79 233.28 231.89 238.03 243.53 261.41 263.66 265.41 281.29 270.82 260.51 234.05 220.64 211.93 202.31 196.41 191.03 182.66 184.62 176.13 171.10 170.87 173.11 173.17 175.75 183.35 185.72 190.84 191.30 187.87 183.09 181.23 177.83 177.31 177.19 172.07 166.90 163.48 157.88 154.76 150.10 147.14 145.32 150.71 156.93 172.51
317.74 306.29 296.43 284.08 270.33 257.17 258.96 259.21 258.65 257.83 257.85 258.02 255.43 251.56 247.47 241.71 236.63 233.21 226.10 220.55 216.19 211.41 211.98 214.50 214.26 215.32 216.52 219.59 227.19 236.93 240.23 244.31 245.64 247.13 242.46 236.07 218.88 207.28 200.45 193.31 186.73 181.35 176.63 171.61 170.67 175.30 182.65 186.59 184.07 185.29 187.35 183.82 183.02 178.63 174.52 169.32 166.98 168.72 166.98 163.20 158.18 148.80 144.77 142.31 139.68 140.58 141.79 149.76 146.51 151.11
315.22 305.03 294.21 281.19 264.53 258.79 256.81 257.08 257.70 258.38 257.62 254.55 253.39 253.68 255.54 247.21 239.33 222.40 211.54 215.10 211.70 211.42 210.37 206.12 199.34 201.69 201.59 208.82 218.10 226.13 226.50 226.95 227.45 227.29 222.81 220.57 215.56 203.06 198.12 195.09 190.53 182.59 175.60 171.16 169.91 175.72 176.55 195.76 197.84 183.32 183.82 181.80 184.40 176.83 171.56 168.13 166.02 164.94 162.22 156.13 139.55 136.30 138.92 140.64 139.59 135.87 138.61 143.06 143.62 144.54
305.38 287.85 283.23 273.12 266.99 263.94 263.55 261.65 257.31 256.79 254.38 247.30 249.23 242.66 238.96 226.51 218.17 206.27 200.04 196.50 195.18 196.69 194.11 189.55 186.09 185.44 195.81 206.86 226.33 239.72 217.38 208.82 206.87 211.15 203.94 200.13 204.48 201.22 196.18 198.44 194.82 185.68 183.09 177.84 177.34 186.67 182.31 194.73 197.64 191.46 199.36 210.45 214.23 190.61 174.02 168.59 163.66 160.03 156.28 151.30 137.71 124.40 129.00 133.51 129.96 132.08 135.99 141.09 143.36 146.57
292.07 287.65 282.16 272.21 267.69 263.89 261.90 261.36 257.42 255.52 241.69 232.27 230.72 228.34 225.02 218.64 205.40 194.34 195.64 192.61 190.83 190.52 191.63 189.79 190.16 190.43 195.82 199.78 199.40 190.50 196.72 197.58 198.45 200.58 207.09 205.66 203.01 201.50 194.53 191.48 205.64 202.44 198.67 194.83 188.45 192.58 190.68 198.16 196.20 203.74 214.42 228.75 241.44 191.69 173.90 166.14 160.90 156.28 153.20 149.03 139.55 126.16 128.87 130.42 133.81 132.69 134.01 138.84 146.26 152.79
287.26 286.37 271.24 262.25 258.33 256.25 238.66 233.44 234.08 236.52 237.96 238.27 235.74 228.69 220.73 208.95 198.91 194.16 193.11 190.61 194.44 191.65 194.62 191.65 182.08 181.40 185.70 195.93 194.78 195.47 193.24 192.92 194.84 206.55 208.97 205.99 203.85 191.97 192.38 194.22 200.67 202.53 201.91 200.73 195.56 192.02 197.90 204.58 201.26 207.35 213.37 220.24 222.85 205.63 176.95 161.15 152.46 149.31 148.71 149.83 147.80 144.07 140.41 141.27 140.27 140.75 142.85 141.69 146.17 149.87
276.35 269.75 256.98 249.09 237.87 230.74 225.70 226.60 220.23 219.30 219.67 244.73 228.10 208.63 195.59 191.62 190.72 189.97 191.45 194.11 191.09 189.12 190.79 195.16 183.70 181.12 184.61 191.96 187.91 194.84 199.72 197.25 203.84 211.59 206.53 205.62 197.86 188.50 190.18 196.68 200.63 201.60 200.26 206.84 204.14 210.41 219.10 219.12 214.01 214.85 217.66 216.86 214.27 203.45 182.97 150.25 139.13 144.05 146.26 149.65 150.09 149.25 147.53 147.43 147.39 147.26 146.21 144.99 146.60 148.28
267.99 235.93 219.54 213.29 208.97 203.71 199.78 200.03 201.90 203.01 202.06 205.55 202.95 196.66 196.33 194.21 192.16 191.69 191.60 191.02 188.15 186.15 187.28 191.14 197.76 193.34 191.72 190.20 191.52 193.36 201.88 209.80 210.98 205.14 198.14 201.39 193.70 196.88 203.56 208.63 207.67 206.02 208.53 214.22 216.61 218.77 228.32 227.50 216.93 211.99 215.36 210.58 210.42 202.73 185.55 162.75 154.54 153.82 149.94 149.65 150.54 152.69 154.00 151.76 152.23 150.93 150.86 149.64 144.67 143.48
230.40 218.91 213.21 207.70 202.00 200.65 198.73 197.74 197.48 197.02 196.70 197.26 195.74 192.42 191.06 193.37 194.63 192.52 191.83 195.89 195.66 194.91 199.59 220.08 227.56 212.73 198.14 198.41 198.44 197.96 191.53 187.46 189.74 182.45 182.19 184.17 184.49 188.62 204.39 228.54 233.51 222.49 214.22 211.68 215.34 220.38 245.55 241.89 230.69 222.32 220.17 216.13 214.84 207.37 188.85 188.00 183.04 177.26 167.59 159.40 164.43 167.21 163.55 158.60 149.87 145.60 144.64 140.22 136.74 136.84
223.48 223.54 216.09 205.88 200.11 197.48 195.13 193.54 192.02 190.70 191.90 191.61 192.01 190.66 189.46 190.78 191.78 192.29 195.09 199.53 201.35 200.07 201.84 214.16 219.04 207.90 203.14 212.14 204.80 189.86 182.96 185.90 187.40 181.97 179.69 180.60 182.86 185.88 195.86 206.16 209.80 204.66 205.10 213.07 213.74 214.42 223.10 241.42 239.21 232.86 231.39 225.33 219.72 211.06 204.53 198.50 196.16 190.27 180.68 176.48 172.88 165.68 160.65 159.94 157.88 152.02 139.59 138.79 137.01 134.86
221.90 216.27 207.97 200.60 195.42 191.41 188.49 186.52 186.39 186.75 187.67 186.97 185.05 189.57 187.25 186.80 187.82 191.20 198.58 199.72 200.62 202.02 199.40 200.41 201.62 202.96 202.50 214.30 208.14 184.94 183.41 191.91 193.06 188.82 182.62 180.34 182.50 181.20 183.72 188.21 192.16 194.29 196.41 199.61 215.41 224.34 230.18 240.41 244.33 235.72 240.67 224.82 218.38 213.11 208.80 200.81 199.78 200.22 188.50 178.77 170.40 160.35 158.55 156.89 156.76 154.53 149.58 156.48 156.47 139.53
223.12 213.19 204.82 196.60 190.60 183.83 181.31 181.78 183.03 183.36 183.23 183.65 182.25 181.35 180.70 182.55 186.18 191.52 197.21 198.81 200.43 201.99 199.69 199.45 199.03 198.67 197.25 201.02 195.91 188.79 191.35 194.70 193.44 191.06 187.93 185.86 181.11 170.74 170.42 180.67 184.64 187.98 191.80 195.84 206.66 240.02 240.87 256.42 242.29 235.30 229.90 229.97 225.51 218.97 211.07 204.10 187.70 182.04 183.18 178.05 170.04 164.94 160.81 158.90 154.93 153.81 153.27 155.96 152.02 142.10
214.00 208.83 202.43 195.89 189.25 181.51 178.92 178.71 177.40 177.12 178.73 183.14 183.13 176.01 172.20 178.13 183.85 189.91 193.34 193.50 195.44 198.25 198.19 201.14 206.16 201.18 204.70 209.67 189.72 189.00 189.01 194.00 193.85 190.09 187.11 186.57 185.69 176.81 174.41 178.35 183.12 187.43 194.62 203.23 233.79 264.19 278.31 280.42 229.07 228.06 223.55 223.22 228.80 221.07 212.84 202.78 188.06 175.24 169.96 167.06 161.73 163.54 162.90 159.80 153.72 148.45 146.78 144.37 133.55 129.04
208.12 203.63 199.10 193.97 191.99 186.76 184.27 177.41 174.30 174.12 174.95 176.72 175.99 173.09 171.77 173.66 178.17 185.47 186.95 189.42 190.70 192.50 193.71 194.94 199.74 199.30 205.03 193.02 194.30 184.87 182.79 187.86 188.18 186.55 184.45 183.51 180.77 179.60 180.39 181.74 184.29 187.95 205.44 219.55 251.17 258.89 255.61 254.30 251.68 246.38 233.52 216.73 211.21 215.65 209.26 199.97 187.16 164.63 157.48 158.98 154.76 155.07 151.52 145.57 150.12 150.90 144.12 138.01 124.59 115.77
205.16 201.69 197.35 192.98 190.48 189.26 186.10 176.99 172.51 170.38 172.64 173.23 174.60 173.56 170.64 171.21 173.56 180.42 180.62 181.39 182.98 184.59 184.45 186.67 188.10 193.99 194.34 204.23 208.93 185.80 182.19 185.42 187.12 185.98 181.78 179.88 177.63 180.21 182.13 185.02 184.55 184.44 188.36 204.49 243.18 258.52 259.94 256.81 248.37 249.33 245.15 217.09 200.62 195.01 194.94 195.34 185.75 172.32 162.66 156.82 153.72 151.49 144.70 146.13 148.74 145.23 125.98 116.80 110.12 105.67
204.10 199.94 194.20 189.27 184.66 181.42 173.39 166.64 167.18 165.18 164.17 168.03 170.16 167.75 166.54 168.63 170.92 174.07 173.78 173.67 175.13 178.03 176.14 178.81 180.11 181.00 184.63 206.64 199.50 178.29 178.09 179.78 182.11 181.84 180.47 176.71 175.85 178.14 179.72 185.10 184.13 177.37 184.01 204.11 246.96 288.64 308.76 285.90 241.66 218.15 207.30 203.09 195.57 174.26 180.98 174.99 165.64 167.45 161.97 153.72 148.91 146.16 140.17 138.72 131.90 132.00 115.51 111.73 110.02 112.33
203.88 194.39 190.53 186.93 181.24 173.47 164.64 160.98 159.40 156.79 154.62 154.53 159.10 159.32 157.46 157.49 160.01 166.03 168.92 169.96 169.32 168.77 168.39 170.19 174.75 177.46 179.38 196.02 197.89 172.31 169.77 169.45 170.12 169.98 167.31 165.81 170.10 173.33 174.06 173.84 173.24 170.95 169.82 175.41 190.74 226.05 232.11 268.89 218.62 197.32 188.71 187.17 179.48 165.68 165.56 156.83 144.09 135.61 126.50 120.80 117.94 121.67 109.79 107.96 109.49 111.31 108.04 106.02 106.06 110.10
191.07 185.37 182.65 180.26 175.00 166.48 159.36 157.35 155.42 153.01 150.00 150.12 151.46 150.49 151.08 150.24 150.66 155.48 160.58 163.01 163.85 162.96 163.33 164.27 165.62 170.39 170.23 167.85 164.67 165.14 166.75 164.45 163.64 163.60 161.61 161.04 166.49 171.30 179.38 175.80 171.02 168.00 168.48 169.10 173.58 196.61 206.44 205.93 186.30 178.01 163.49 152.93 153.85 148.64 145.22 139.46 130.32 119.25 112.64 104.92 101.33 98.88 95.49 93.84 96.15 95.22 92.13 94.62 93.50 101.85
186.31 182.10 178.86 174.34 167.70 158.17 153.04 150.38 145.51 142.92 140.42 139.45 139.72 140.49 140.46 142.82 143.87 145.41 147.33 153.27 157.36 156.91 157.52 158.36 159.35 160.96 161.15 160.46 159.82 161.49 162.96 161.67 161.43 161.56 159.65 160.26 163.65 168.01 175.43 175.05 171.46 170.92 172.00 174.67 182.98 196.15 188.39 170.68 168.48 169.70 155.55 140.46 137.00 135.27 128.32 119.11 115.33 110.80 106.57 100.98 96.85 91.76 89.50 90.67 88.99 90.44 90.62 92.63 95.93 100.34
180.98 178.19 175.70 171.55 160.89 152.09 143.67 137.78 136.24 132.78 130.27 128.80 128.57 127.47 129.01 130.60 132.43 134.65 136.68 136.68 138.51 143.19 146.91 149.35 151.55 150.84 151.49 152.57 155.53 155.70 156.43 158.42 158.72 159.41 156.62 158.23 160.39 161.72 165.08 168.09 169.17 169.43 171.59 175.98 180.98 193.55 190.45 170.13 161.03 154.66 146.37 140.07 132.37 125.76 121.57 116.90 112.67 107.61 103.18 100.02 95.91 91.87 89.96 90.64 88.75 89.73 91.13 93.79 97.32 99.67
172.52 168.30 164.16 159.61 149.51 144.36 140.35 135.87 130.44 125.34 123.45 123.81 123.57 122.81 122.58 121.59 119.82 123.58 126.22 127.76 127.18 127.82 127.52 130.29 137.00 138.71 139.51 142.65 144.36 145.08 145.82 149.20 152.27 152.37 151.51 152.81 154.41 156.66 160.22 163.44 166.79 169.25 172.11 174.33 176.04 176.38 171.45 165.37 159.31 150.84 144.98 140.10 129.45 122.88 116.77 113.36 107.89 103.85 99.75 95.48 92.32 90.12 88.84 90.59 91.51 92.31 94.26 96.13 97.23 100.16
165.50 162.24 158.77 153.70 146.12 141.79 135.79 129.42 125.88 121.84 118.80 118.20 117.56 116.30 115.04 113.55 113.54 116.68 118.81 119.81 119.60 121.04 121.98 124.35 129.03 132.77 134.27 137.56 138.04 138.61 140.10 142.09 144.77 144.31 145.01 147.34 149.73 152.54 155.75 158.94 162.37 167.34 177.82 174.64 167.58 164.58 161.43 158.13 152.77 145.22 139.09 132.97 123.53 118.44 113.43 109.31 104.83 97.04 92.18 89.00 87.79 87.71 88.51 90.28 91.38 92.19 95.31 99.62 103.57 109.22
