arc/python_arcpy/Precipitation/APHRO_MA_025deg_2004.txt
ncols	360 
nrows	280 
xllcorner	60.125 
yllcorner	-14.875 
cellsize	0.25 
NODATA_value	-99.9 
[rows 31 to 61 of 280, columns 210 to 279 of 360]
110.90 109.43 108.18 107.35 103.61 106.73 110.26 113.55 124.03 136.92 148.18 156.73 157.33 159.00 159.50 162.30 162.32 165.52 169.23 172.17 172.52 174.15 179.31 193.78 206.39 213.11 223.53 230.41 248.15 275.65 279.28 276.07 271.11 256.34 251.57 252.54 247.72 244.24 238.68 227.45 226.38 226.87 228.60 231.54 240.96 250.72 266.47 278.62 292.95 307.79 313.16 322.41 334.47 352.04 362.68 367.66 377.46 388.63 405.75 417.88 434.57 443.57 477.82 508.87 526.21 525.21 516.70 510.83 516.06 519.99
106.24 104.09 101.03 106.00 113.12 119.69 125.88 132.19 139.26 146.43 155.25 161.80 162.03 161.27 165.87 166.80 167.28 167.20 169.54 174.54 175.13 190.27 204.15 209.33 213.18 221.26 230.76 236.60 249.45 263.34 258.99 255.37 251.44 247.09 244.07 244.06 235.58 222.48 224.90 220.55 219.17 220.36 219.80 221.07 230.45 243.13 258.32 264.88 283.07 296.99 308.26 323.67 344.83 357.01 366.16 376.50 389.90 399.38 409.08 429.55 441.65 455.04 478.08 498.48 516.15 519.19 517.38 502.98 501.81 486.55
111.65 107.32 98.97 102.70 115.70 126.86 137.60 146.21 149.11 151.62 154.64 157.52 160.78 162.78 170.62 169.95 171.65 173.71 175.81 180.64 181.92 197.03 209.42 212.26 215.65 226.36 235.01 239.76 248.73 259.96 254.49 248.93 244.26 243.07 242.60 235.10 227.01 218.92 214.14 211.14 209.30 210.47 210.42 213.12 226.43 237.21 248.73 263.58 278.58 291.07 310.58 329.47 343.75 356.84 370.81 379.45 396.45 427.65 437.65 439.57 447.22 459.36 482.66 502.86 516.08 517.88 511.27 509.04 477.26 466.38
111.65 111.95 115.40 121.00 126.40 134.82 141.19 147.56 154.45 157.57 164.74 171.91 172.72 180.77 182.22 179.07 181.56 188.90 199.42 202.12 195.39 196.84 218.70 220.50 223.98 230.68 236.71 243.16 243.76 249.86 252.15 247.78 248.94 247.93 239.58 230.44 215.64 204.76 201.37 198.49 197.84 198.37 199.72 205.46 221.87 232.43 249.35 261.70 278.10 289.77 307.90 331.76 347.56 361.18 373.88 384.44 399.39 418.43 436.97 449.78 454.72 459.06 481.26 494.49 514.22 523.88 503.54 480.67 463.03 461.72
111.20 115.69 124.30 130.12 135.77 142.80 147.52 152.03 158.61 170.80 181.87 191.56 197.96 198.63 196.50 195.26 205.24 218.23 218.97 234.32 235.44 219.08 222.25 226.73 233.38 232.67 240.63 247.39 249.41 249.23 247.45 250.69 248.44 241.67 240.43 229.11 215.81 199.90 184.36 192.42 191.95 193.95 196.26 205.84 220.17 233.57 249.27 256.93 268.84 295.60 319.37 340.53 353.72 364.51 375.98 385.71 399.27 428.18 447.29 455.11 465.92 467.72 484.05 492.34 501.62 512.59 492.58 476.19 465.90 465.69
102.80 113.87 129.27 137.79 144.36 150.48 157.77 165.13 173.88 189.81 204.31 225.99 219.67 211.96 206.72 209.40 223.31 233.26 237.46 260.18 260.67 243.94 233.60 242.00 245.73 244.77 253.33 253.15 252.19 258.19 261.80 259.94 258.57 252.39 241.04 236.45 223.89 208.89 198.24 195.05 188.97 186.52 196.12 206.24 215.50 231.94 242.94 256.39 274.08 307.21 326.24 346.54 359.64 368.96 381.48 402.74 433.74 467.81 467.28 470.00 473.43 480.27 504.32 512.29 517.49 512.29 492.68 487.51 486.36 479.03
95.92 115.08 127.55 136.51 145.32 160.91 170.20 178.04 187.18 206.87 216.28 225.63 227.82 229.93 234.65 232.22 238.09 239.41 245.38 251.57 258.24 263.79 269.14 254.58 254.75 250.95 255.70 267.34 266.98 264.53 267.05 262.88 260.11 256.30 251.46 242.62 231.81 222.86 214.56 204.47 189.86 179.15 197.55 208.25 216.36 233.08 243.35 258.01 283.59 310.42 332.97 349.26 355.19 370.18 388.99 411.63 439.32 470.30 476.59 492.81 509.38 524.52 534.51 524.21 511.51 516.95 528.85 531.51 500.28 482.62
100.08 114.21 129.80 137.47 143.60 163.39 178.11 186.64 198.66 211.06 225.10 230.57 234.37 238.33 245.69 249.99 249.67 252.04 256.16 256.85 273.03 287.47 298.68 297.87 283.46 265.91 264.87 277.00 288.85 281.33 278.41 280.58 272.71 267.93 258.43 253.50 243.85 234.41 225.65 215.73 210.10 199.60 204.77 211.19 228.84 238.44 247.35 267.25 294.84 314.42 331.33 342.50 355.25 370.01 392.28 408.46 430.23 451.68 476.26 502.42 539.13 558.31 552.87 534.74 521.46 526.83 561.93 539.30 517.73 505.52
102.21 113.59 122.25 142.31 150.15 168.52 184.84 194.89 205.17 213.47 221.53 233.30 242.48 253.18 255.72 258.60 257.12 262.18 264.72 280.53 308.31 317.01 315.62 317.74 320.61 299.06 288.13 287.97 300.98 299.88 289.12 281.67 284.36 282.27 273.51 266.79 260.56 250.39 242.55 232.70 224.59 211.23 211.51 219.19 234.99 240.94 257.23 278.71 293.97 308.33 328.02 348.82 362.99 380.40 407.89 422.10 434.64 452.45 488.44 513.27 545.43 584.52 580.61 544.13 529.40 549.37 570.76 548.83 522.93 510.04
110.07 119.37 125.75 148.77 161.33 177.17 192.19 201.79 208.98 216.51 222.45 237.97 254.53 258.77 262.71 266.54 267.75 285.70 294.36 301.49 314.61 326.13 333.02 337.36 343.69 339.69 323.86 298.28 297.45 304.75 304.86 296.95 300.94 306.67 296.95 281.10 274.62 269.60 259.81 250.81 241.82 228.24 223.45 237.55 248.30 257.30 275.53 297.95 308.37 321.24 341.86 362.57 376.48 396.11 420.04 436.21 448.77 471.64 497.24 525.40 541.45 565.92 576.67 568.10 556.61 554.92 561.07 543.62 517.30 504.30
117.93 124.07 135.13 154.85 168.70 182.46 201.09 212.70 218.54 222.90 232.86 243.46 259.32 269.98 274.81 276.58 280.10 293.26 308.62 312.33 326.32 336.57 349.39 363.31 371.23 373.62 362.25 328.18 309.16 308.93 320.94 326.34 331.30 377.68 340.89 306.50 289.09 277.58 272.84 270.31 265.19 255.87 247.69 255.21 266.39 283.47 302.10 315.71 325.83 338.25 362.46 375.72 388.01 412.51 432.73 455.22 485.33 498.21 517.77 531.61 553.00 577.29 598.05 610.19 579.18 553.11 533.81 529.09 531.50 514.17
124.67 135.25 144.16 156.90 175.96 194.69 208.19 216.33 222.37 228.31 245.21 263.00 274.89 282.76 291.20 296.13 309.54 320.72 324.07 330.11 339.38 353.50 370.60 378.51 373.67 363.34 346.04 339.25 343.30 338.10 331.52 339.89 344.01 347.96 332.39 311.58 300.37 291.93 284.76 278.99 276.78 274.86 267.56 277.23 300.35 322.53 332.95 334.66 347.29 366.46 383.77 397.31 413.53 442.26 477.11 492.68 522.50 548.90 562.24 582.05 591.02 590.07 609.64 601.02 567.64 542.64 522.51 514.16 516.08 530.08
132.79 139.03 146.81 156.14 179.77 203.64 212.21 216.88 223.39 228.00 250.96 269.61 283.92 301.79 321.15 335.97 345.03 342.67 346.55 355.84 365.14 368.36 376.67 368.19 368.84 349.56 336.35 328.06 334.13 335.52 342.20 337.11 337.70 332.36 327.32 320.60 308.23 300.57 293.39 289.13 289.92 294.46 292.48 310.84 325.97 343.86 353.68 357.15 372.65 392.37 416.15 438.75 461.42 493.80 514.88 526.58 562.94 581.67 588.65 592.27 603.03 601.61 622.53 587.77 553.30 514.26 495.42 498.87 501.09 508.30
133.61 141.43 151.69 168.39 194.28 212.47 217.82 222.31 229.68 243.05 259.91 273.30 288.73 313.43 342.11 357.85 354.19 358.60 365.55 375.36 380.60 379.45 370.44 366.54 362.87 343.44 331.54 318.85 320.71 328.32 333.10 333.61 329.72 332.62 325.74 323.63 320.75 320.69 319.72 318.48 317.46 318.41 326.25 334.10 343.78 356.70 367.13 378.78 401.00 428.49 472.93 509.89 533.20 550.62 564.17 586.52 594.83 603.60 611.72 593.97 596.06 594.79 580.47 545.09 521.86 494.00 502.66 505.86 496.83 500.79
143.01 153.68 161.90 171.06 197.14 205.14 221.19 235.47 247.97 259.32 266.24 277.69 293.91 309.21 329.31 346.23 355.39 363.98 368.53 383.76 390.29 387.67 383.14 360.34 350.85 334.56 333.56 325.96 323.16 323.27 326.31 325.77 330.12 332.39 321.05 317.03 324.48 329.71 331.48 335.37 341.68 352.32 358.63 359.01 365.02 379.33 399.16 434.67 466.07 494.85 523.59 549.47 570.69 594.43 620.96 627.02 629.37 626.30 630.01 615.26 613.33 580.89 553.68 530.52 531.08 523.09 516.38 487.47 473.33 483.43
152.07 158.62 165.03 173.14 195.03 202.75 230.31 243.96 256.97 264.28 273.13 284.22 297.45 323.30 343.40 353.51 358.63 364.00 371.56 385.02 381.36 380.46 370.83 357.58 340.96 326.20 324.37 322.13 320.87 322.50 322.31 322.04 328.39 337.13 338.97 342.90 352.45 357.54 363.63 367.49 376.08 385.09 388.97 397.42 410.59 431.36 458.57 495.61 514.22 525.21 550.97 584.24 614.72 635.69 654.00 671.99 678.82 662.77 645.48 637.65 642.26 610.35 558.76 533.44 531.27 515.51 497.17 467.36 458.15 464.74
162.75 167.13 171.86 183.66 200.24 207.07 231.17 254.64 267.39 274.41 281.94 292.18 307.87 337.84 350.36 359.78 363.20 367.90 377.38 379.23 386.81 368.32 363.47 352.21 339.14 323.44 315.35 319.49 321.21 322.06 323.46 325.74 337.41 354.24 362.41 378.29 380.59 386.36 392.32 400.24 407.81 419.85 430.54 440.45 451.48 478.87 531.56 561.40 568.88 571.50 606.16 636.11 653.62 663.90 682.17 703.78 714.79 702.37 673.67 666.51 653.46 632.49 590.74 551.48 536.88 510.90 495.21 469.20 446.04 443.94
175.46 181.97 190.09 205.83 211.37 216.15 239.87 270.94 278.22 287.74 311.70 326.19 341.37 350.13 359.22 366.89 372.35 379.92 390.73 408.07 412.64 388.36 384.07 365.43 349.97 334.95 328.78 334.14 330.72 330.93 330.87 335.21 346.53 367.54 381.45 396.19 402.28 411.72 422.44 435.84 444.88 451.95 466.63 481.96 507.19 554.17 585.77 598.07 606.94 622.85 645.65 670.47 687.38 696.08 717.71 729.11 752.14 751.47 704.06 683.74 676.77 666.40 632.86 597.16 572.59 545.55 496.17 458.98 443.65 431.98
196.35 209.66 216.05 226.00 231.67 242.99 265.12 282.74 293.68 313.66 330.73 341.82 350.89 359.93 369.84 374.70 387.05 406.73 408.90 413.05 411.22 404.35 390.19 369.46 351.11 340.38 337.95 338.82 340.04 342.41 348.17 359.78 378.86 396.23 417.24 436.62 442.75 443.62 459.69 487.28 500.67 500.17 509.07 531.77 568.83 598.80 616.60 619.92 641.55 656.60 689.81 706.48 731.73 744.29 750.81 752.11 774.74 775.12 750.93 746.47 738.99 705.45 646.49 616.28 640.03 586.87 526.39 492.69 465.73 447.35
225.51 232.73 247.49 256.33 266.33 282.65 295.27 309.99 324.47 333.21 350.47 365.40 376.30 381.98 385.89 391.61 398.35 412.68 413.03 417.94 407.88 397.01 389.06 375.34 360.08 345.76 346.67 347.52 358.59 370.48 380.00 393.32 401.54 425.53 443.71 454.32 463.65 476.16 493.44 535.74 557.74 538.03 542.75 557.77 579.40 618.59 650.32 650.82 665.61 700.44 719.34 732.52 764.08 770.22 769.45 775.07 787.82 788.01 777.91 775.39 768.35 753.48 710.25 660.54 654.96 621.46 559.83 513.57 468.92 457.92
252.14 263.94 278.51 299.54 308.97 327.99 335.35 342.38 349.25 360.43 380.89 391.81 401.52 401.37 405.30 405.28 420.96 425.38 427.54 423.32 414.73 413.22 401.52 394.66 377.69 365.07 365.51 372.14 387.89 396.30 412.15 423.53 433.87 449.49 461.40 473.05 480.62 501.54 508.08 514.55 523.41 525.18 545.09 580.19 607.50 632.85 657.83 673.94 700.07 724.73 754.62 782.88 798.52 795.90 795.62 808.45 807.59 818.86 815.16 807.74 818.57 848.86 919.35 765.57 680.01 623.84 569.90 565.87 486.08 451.62
301.17 309.29 326.50 335.12 343.51 352.77 361.68 364.15 367.23 394.61 404.98 410.17 418.83 423.20 434.55 439.99 442.04 442.59 445.30 438.42 436.71 424.83 424.86 419.64 405.53 400.35 385.07 389.16 405.55 414.20 424.16 443.81 446.48 475.69 493.08 502.55 513.47 527.51 533.46 526.12 516.66 519.61 560.75 613.62 635.77 656.59 697.22 711.51 745.13 775.58 829.83 842.12 845.56 840.95 846.73 849.43 862.06 838.97 836.13 812.73 800.03 855.67 948.09 834.83 697.79 635.71 635.50 592.86 472.68 434.36
330.42 337.84 346.26 351.67 355.96 360.58 366.61 369.58 393.16 409.41 418.21 423.56 427.78 437.74 453.70 459.13 463.19 460.53 459.26 460.47 461.67 452.35 454.66 451.16 437.78 413.07 410.13 417.53 424.11 432.23 444.38 458.41 473.94 504.23 522.81 536.45 562.60 568.49 581.32 565.36 543.58 549.72 583.41 584.78 622.18 676.40 727.12 767.88 787.66 830.36 893.47 904.62 889.46 881.84 906.49 909.83 880.38 871.13 824.97 792.96 764.48 761.04 692.65 683.70 690.07 665.16 693.33 529.71 438.13 -99.90
363.79 367.29 368.32 369.76 369.83 370.94 376.99 383.79 416.18 425.98 433.01 438.41 442.48 457.76 474.50 478.46 486.52 485.74 485.29 481.16 478.80 478.84 471.25 477.82 462.90 446.02 443.27 447.46 447.63 455.45 468.53 491.72 510.37 539.97 562.11 567.93 590.35 605.25 603.10 590.80 578.52 576.71 593.76 614.37 660.76 707.72 785.19 820.34 868.43 906.68 941.86 934.74 951.41 975.08 1003.74 964.54 923.66 881.43 812.14 746.29 685.88 633.51 550.30 585.14 661.66 641.36 571.58 477.95 430.82 438.29
396.84 400.70 404.50 395.84 386.87 388.23 391.15 418.47 434.26 440.58 441.71 454.10 447.84 461.76 477.38 501.55 511.39 510.12 506.01 507.33 511.51 513.80 509.05 510.11 498.56 491.54 482.17 486.01 490.72 487.20 501.55 516.79 534.56 571.42 648.83 620.85 614.17 606.97 605.83 602.43 593.03 591.21 607.61 654.69 709.47 780.11 847.70 894.59 946.50 1028.95 1066.43 1036.68 1046.04 1061.33 1103.77 1037.18 965.02 855.93 771.81 694.23 666.45 650.86 576.14 579.80 640.06 589.01 530.09 477.05 459.16 -99.90
403.30 414.39 413.14 405.24 400.15 394.01 396.84 419.93 438.33 451.64 448.89 466.54 460.60 464.57 480.62 501.41 514.77 524.68 525.11 532.79 554.05 553.59 553.60 555.05 550.07 539.30 521.00 529.23 530.30 530.49 520.20 531.98 543.35 575.76 625.01 631.86 629.30 627.04 626.21 626.95 619.33 620.04 647.99 710.04 772.34 841.38 892.95 991.49 1103.37 1167.06 1128.74 1118.13 1103.52 1101.84 1070.15 1042.77 973.64 858.19 740.37 686.22 659.37 616.30 556.17 553.75 576.58 553.52 522.05 495.14 487.42 -99.90
432.04 425.88 414.47 405.77 408.15 407.89 403.20 421.67 438.39 450.12 444.32 448.63 464.39 474.89 487.15 507.03 523.47 545.63 552.18 569.06 582.33 584.68 589.73 598.27 603.17 590.89 566.68 556.97 559.60 553.28 541.63 537.91 544.66 595.26 -99.90 -99.90 -99.90 -99.90 656.60 653.99 655.03 662.12 701.46 744.23 821.76 894.67 969.09 1078.42 1165.51 1195.97 1156.81 1143.32 1138.15 1134.89 1101.78 1049.17 949.36 844.67 743.43 693.17 666.51 634.05 571.84 546.56 534.69 529.66 515.94 507.77 -99.90 -99.90
448.16 443.97 430.81 416.29 410.63 395.96 412.62 438.84 446.06 448.07 445.51 431.96 433.00 459.75 503.97 521.72 544.94 583.34 575.30 580.19 591.86 602.79 616.52 619.81 639.22 657.41 608.97 579.19 572.37 567.10 550.80 546.11 561.00 589.70 -99.90 -99.90 -99.90 -99.90 659.83 661.10 682.81 713.27 719.11 773.66 858.17 933.54 997.29 1088.77 1136.56 1143.67 1168.02 1187.46 1192.24 1159.42 1119.42 1081.43 986.87 870.52 757.41 689.03 659.28 627.40 568.12 547.31 533.63 541.18 542.13 -99.90 -99.90 -99.90
452.06 449.12 439.54 429.84 422.40 420.23 428.71 442.45 449.57 458.67 466.97 464.63 467.11 492.68 546.39 525.27 523.35 533.75 552.15 562.53 579.51 610.91 629.24 631.32 636.86 637.62 626.48 613.03 580.82 576.68 568.68 565.15 -99.90 -99.90 -99.90 -99.90 -99.90 659.09 677.85 675.25 682.09 710.86 723.43 742.77 823.83 909.46 983.12 1111.30 1138.06 1173.89 1215.11 1213.48 1181.00 1131.05 1096.36 1073.06 997.76 896.94 842.38 770.61 723.92 652.13 580.04 570.60 586.82 -99.90 -99.90 -99.90 -99.90 -99.90
446.81 456.03 443.73 442.16 444.03 459.54 457.22 466.08 471.89 485.92 487.36 483.32 487.69 525.46 542.20 490.83 488.01 478.29 491.87 522.29 561.72 598.74 632.30 636.09 633.54 627.17 619.75 601.03 591.62 577.37 -99.90 -99.90 -99.90 -99.90 -99.90 627.87 642.94 652.48 670.50 665.63 670.58 688.22 705.68 730.47 780.18 853.31 908.95 996.81 1050.35 1105.95 1169.02 1165.78 1109.74 1057.80 1045.46 1013.86 987.73 933.48 911.18 858.02 850.76 763.27 711.55 -99.90 -99.90 -99.90 -99.90 -99.90 -99.90 -99.90
458.10 451.38 450.62 453.88 471.33 487.75 478.66 488.10 511.83 497.86 493.84 507.91 536.38 556.59 537.81 500.81 496.11 450.60 450.10 495.34 538.08 583.49 631.26 627.95 628.79 617.90 613.30 607.03 -99.90 -99.90 -99.90 -99.90 -99.90 -99.90 615.80 610.40 611.06 665.57 687.37 654.64 647.80 661.88 672.22 706.56 -99.90 -99.90 -99.90 -99.90 945.26 1017.48 1054.90 1046.37 1007.12 985.00 1000.02 1016.06 1013.08 973.53 955.23 930.68 923.96 -99.90 -99.90 -99.90 -99.90 -99.90 -99.90 -99.90 -99.90 -99.90
