arc/python_arcpy/Precipitation/APHRO_MA_025deg_2007.txt
ncols	360 
nrows	280 
xllcorner	60.125 
yllcorner	-14.875 
cellsize	0.25 
NODATA_value	-99.9 
[rows 62 to 92 of 280, columns 70 to 139 of 360]
50.54 53.29 48.56 43.33 40.24 40.27 36.48 38.60 41.08 40.91 39.58 39.10 35.23 33.52 31.57 30.45 31.75 32.40 30.68 29.50 30.24 30.45 30.04 29.43 29.35 30.49 32.65 35.76 40.96 43.93 46.31 48.57 49.55 50.66 53.22 54.25 55.54 57.31 59.78 61.39 63.79 65.70 68.52 68.09 66.35 65.25 63.61 60.53 57.57 53.16 55.41 52.86 52.77 51.84 53.17 51.37 51.58 52.99 52.54 51.11 46.62 47.88 46.08 44.43 51.65 60.61 58.50 57.76 63.16 68.37
50.32 51.03 47.83 45.33 41.17 40.50 36.06 38.51 39.16 39.38 40.18 38.57 33.19 29.42 28.67 29.40 30.33 30.65 29.85 28.87 30.70 30.47 28.28 25.90 23.63 26.42 30.85 35.82 41.21 43.71 45.31 50.60 51.87 53.05 53.54 54.32 56.07 58.16 59.90 61.73 64.60 67.86 73.13 71.66 69.05 65.84 61.24 59.13 55.80 51.45 48.66 45.42 44.56 47.73 48.52 48.35 48.30 46.20 44.44 42.30 40.06 38.66 36.96 37.23 40.48 49.74 47.59 52.38 58.56 63.99
48.23 47.68 45.53 46.22 41.55 40.33 36.46 36.30 38.19 34.80 31.98 32.01 31.37 30.86 31.68 31.16 28.70 29.45 28.83 28.05 28.97 29.46 28.57 27.43 26.16 28.47 31.97 36.39 40.81 44.35 45.73 50.00 51.91 53.12 54.08 55.28 56.23 57.96 59.38 61.17 63.83 67.07 71.77 70.45 64.09 55.43 51.94 50.05 47.25 44.96 44.41 44.96 47.19 50.76 49.81 48.01 47.45 47.49 43.83 42.09 39.04 34.79 29.08 25.91 35.94 43.81 48.53 53.81 57.00 63.32
42.18 41.54 43.44 44.92 41.37 40.41 37.97 37.26 34.98 32.57 32.15 33.48 34.17 30.47 30.78 31.19 31.21 29.10 29.13 29.12 29.71 29.99 29.57 29.36 30.15 31.95 35.16 37.95 40.54 44.74 47.00 48.54 51.06 52.99 54.71 55.98 57.33 58.34 59.23 60.54 62.55 64.14 63.50 60.94 52.12 49.78 48.63 46.28 45.11 44.77 46.17 47.31 52.84 50.84 49.34 48.36 48.07 46.99 44.85 42.26 39.42 36.06 32.28 31.31 38.35 45.21 52.08 56.96 63.35 71.25
37.96 39.25 41.78 43.24 41.67 40.02 40.85 34.31 32.78 32.60 33.14 34.11 32.59 29.94 30.00 30.08 30.13 30.55 30.75 30.56 30.82 31.37 31.38 31.30 31.54 34.05 37.21 39.00 41.10 43.97 46.57 48.49 50.54 52.24 54.39 56.46 57.48 58.59 59.50 60.23 59.61 58.63 60.21 51.43 49.29 49.85 47.59 47.30 47.10 52.42 48.71 50.19 52.69 52.97 51.52 50.30 48.54 46.82 45.79 45.37 42.67 40.77 38.96 39.87 43.27 47.51 51.60 55.48 70.95 76.35
39.87 40.78 41.29 42.54 39.23 41.35 36.95 34.55 34.48 35.19 35.45 30.85 30.79 30.60 30.77 30.96 31.07 32.05 32.33 32.52 32.64 32.85 32.94 33.00 34.16 36.45 37.40 39.36 41.18 43.58 46.88 48.57 52.15 52.95 53.64 55.35 56.61 56.60 58.10 57.82 57.88 56.27 52.62 47.24 45.87 44.79 47.77 52.08 55.98 51.44 50.90 50.78 54.12 54.70 55.18 55.55 50.97 49.25 48.93 47.51 45.83 45.92 45.78 45.70 45.98 48.72 52.63 60.11 65.97 74.82
43.18 42.55 40.66 38.14 37.56 37.44 35.98 35.01 34.91 34.98 35.18 31.16 31.24 31.38 31.62 31.83 32.33 33.28 33.69 34.06 34.30 34.43 34.50 35.07 37.29 37.91 38.61 39.86 42.19 43.74 46.54 48.24 50.39 51.45 52.09 50.97 53.13 54.21 55.37 53.82 56.07 53.32 45.25 44.50 43.76 54.34 72.50 68.35 65.88 63.74 67.91 65.81 59.46 57.93 55.84 56.97 54.40 51.87 50.41 49.40 48.23 48.46 48.98 49.66 49.04 50.47 56.29 64.93 71.38 78.30
43.05 42.24 38.11 37.52 36.67 36.38 36.67 34.97 34.42 34.42 34.58 31.38 31.81 32.14 32.47 32.78 33.74 34.54 35.24 35.91 36.37 36.45 36.26 37.55 38.86 39.16 39.51 40.10 42.82 43.27 44.95 48.00 49.53 49.93 50.29 51.45 51.27 51.37 51.84 53.26 54.06 48.14 44.29 43.06 45.83 70.42 72.22 71.36 73.03 71.00 71.52 81.72 82.69 75.41 66.24 62.79 57.87 54.08 52.45 51.07 50.05 50.47 50.44 50.43 50.67 52.77 60.01 67.06 71.81 77.55
46.59 40.93 37.25 36.36 35.64 35.98 36.70 35.78 33.75 33.38 32.74 31.72 32.32 32.89 33.33 33.76 34.97 35.90 37.05 38.37 39.47 39.38 38.40 38.47 39.94 39.82 39.84 40.60 43.13 43.44 44.49 47.12 48.79 49.62 50.50 51.11 52.07 51.60 52.61 52.61 49.29 43.56 42.10 42.15 66.83 76.03 71.70 70.78 70.45 73.59 84.25 92.61 89.92 89.76 87.89 80.24 77.83 70.18 59.64 56.02 53.83 50.82 50.50 50.39 51.10 53.23 63.11 67.81 71.78 76.44
54.52 45.74 43.20 38.84 37.38 36.62 36.78 36.13 34.10 31.92 31.82 32.31 32.92 33.52 34.14 34.94 36.21 37.47 38.90 41.06 45.24 44.31 40.51 39.23 40.76 40.73 40.89 41.09 43.35 43.93 44.75 46.93 47.41 49.98 51.11 50.96 51.29 51.38 51.27 51.45 69.58 78.88 75.10 72.52 80.38 79.69 77.47 80.17 88.45 91.23 88.03 87.71 89.92 96.34 97.83 92.86 88.64 81.46 72.81 60.13 56.85 54.18 51.36 49.95 50.04 53.14 63.33 66.58 69.75 73.66
77.33 70.17 63.00 56.71 50.62 45.72 41.40 37.23 35.76 34.12 33.14 33.19 33.58 34.02 34.71 36.22 38.55 39.17 39.85 41.51 44.04 43.68 41.49 40.33 41.28 40.92 41.35 41.92 44.46 56.00 62.38 49.37 47.55 50.99 65.00 62.20 58.29 52.70 65.33 92.46 108.15 114.09 110.71 108.33 105.18 105.97 99.48 98.49 96.48 95.70 92.34 93.87 95.22 92.65 91.48 93.46 93.65 92.22 87.11 79.49 66.38 59.59 53.77 49.30 46.94 53.23 62.12 64.93 67.92 71.15
80.60 76.99 76.90 78.39 63.41 55.52 47.39 44.66 42.54 36.20 33.89 34.16 34.87 34.61 35.78 36.77 38.06 39.40 40.33 41.08 42.35 42.33 42.14 41.24 44.76 58.04 68.59 79.91 86.68 87.04 86.84 82.52 70.09 85.20 87.11 87.58 87.45 87.87 105.09 111.96 119.88 118.49 117.98 114.56 111.98 110.82 108.60 113.23 109.66 106.08 107.57 113.86 123.69 124.15 121.67 106.55 91.82 88.10 87.08 85.39 80.66 82.06 74.93 59.59 56.04 56.09 61.20 64.23 65.96 69.50
84.04 79.12 78.63 77.49 77.78 62.26 56.11 58.15 51.65 37.89 36.57 37.69 36.44 36.11 36.62 37.77 38.78 39.31 39.16 39.39 43.23 54.72 68.08 79.48 85.27 86.61 88.44 87.61 88.33 89.06 89.50 90.55 90.00 89.87 89.86 89.74 90.40 91.26 99.16 117.22 123.11 121.98 121.00 121.94 120.37 116.67 116.91 123.46 133.75 137.10 129.81 129.38 128.31 129.77 129.77 127.16 122.82 118.30 102.12 97.57 98.25 98.98 95.38 85.91 76.10 68.01 65.16 68.92 69.34 73.37
84.27 83.02 80.37 76.23 79.06 80.81 73.74 52.22 38.45 37.21 37.30 37.33 36.68 36.50 37.42 37.94 38.16 41.03 54.01 62.79 66.35 67.81 69.71 72.08 83.01 85.69 82.23 82.93 87.17 92.81 93.59 92.95 91.34 91.46 91.21 91.98 92.59 92.13 91.42 117.74 122.65 124.80 126.81 130.83 129.69 130.63 161.71 164.96 148.68 156.97 166.77 154.33 145.18 154.46 167.09 149.97 158.06 156.20 136.28 120.66 133.81 143.12 139.91 131.02 124.77 114.99 106.57 104.80 95.76 94.26
84.79 82.58 81.91 80.93 81.03 73.42 57.70 57.92 52.27 42.50 38.25 39.31 38.88 38.53 37.29 37.60 45.31 63.45 64.57 66.19 70.43 71.44 72.60 73.06 73.25 74.90 74.71 75.25 76.80 83.06 92.13 91.23 91.26 92.38 91.95 91.30 91.27 98.66 110.63 119.48 126.69 131.24 141.14 155.23 154.58 165.62 179.23 189.29 186.39 184.23 199.24 186.47 182.46 196.63 186.67 188.52 179.82 170.48 156.43 157.58 174.65 181.13 179.89 169.48 162.43 139.12 117.49 120.44 114.24 109.92
80.96 83.99 79.94 73.07 62.86 56.30 56.77 56.32 57.41 55.04 48.37 39.28 38.60 38.66 41.54 52.93 65.17 68.88 66.01 72.50 72.17 73.07 74.11 73.53 72.25 72.93 73.89 74.75 75.98 76.99 80.58 92.49 94.99 110.52 136.35 121.35 113.35 116.40 119.65 126.46 127.35 130.07 157.90 158.62 167.31 202.55 212.85 213.20 220.52 220.27 217.17 218.31 209.86 202.27 200.44 203.94 203.24 202.66 202.79 199.55 208.78 201.41 196.53 197.66 205.68 203.30 204.95 200.49 189.85 187.63
83.07 82.00 69.30 61.17 58.41 57.92 57.72 55.33 55.63 55.64 53.80 48.12 44.41 47.14 67.37 68.49 70.77 69.27 73.85 73.28 72.14 71.93 72.68 72.96 73.60 74.34 75.07 75.30 75.67 77.15 85.46 134.88 156.40 167.04 173.16 173.48 169.63 152.35 145.64 135.59 129.41 144.46 170.91 188.30 216.27 224.08 225.08 227.82 231.22 225.41 224.37 225.13 225.60 232.19 223.96 232.53 236.34 236.02 250.68 255.00 252.98 255.36 245.19 231.23 226.56 230.69 246.30 252.60 248.14 246.13
77.49 68.02 63.76 60.90 57.97 57.94 55.77 55.90 55.00 53.95 54.11 58.04 66.59 68.70 69.41 69.83 69.63 71.77 71.95 74.02 72.52 72.40 73.10 75.01 76.36 80.76 78.56 80.51 90.25 102.35 114.06 171.92 177.95 177.79 177.18 183.58 188.64 191.72 194.88 188.49 194.81 215.55 240.20 248.05 263.97 257.63 245.20 245.88 254.86 248.16 244.24 252.61 257.42 265.35 269.53 269.90 270.28 268.54 263.44 268.74 275.79 285.08 286.35 271.53 266.04 262.99 258.85 258.55 261.37 263.22
73.60 64.73 63.94 60.99 58.11 57.21 56.64 56.48 54.81 54.48 53.16 64.15 66.39 69.69 71.77 70.65 69.58 70.14 71.07 73.12 75.08 74.36 77.61 88.01 92.05 94.42 100.23 113.11 121.87 122.26 139.12 173.92 180.55 182.98 183.28 193.67 201.06 204.31 214.21 225.96 232.60 243.43 255.02 270.72 278.44 278.47 272.43 275.27 282.15 279.50 276.76 278.31 277.99 282.71 289.07 288.16 284.48 289.79 291.16 289.28 288.22 289.34 288.89 291.23 291.69 296.82 297.66 290.95 294.53 287.56
73.22 68.29 63.25 63.48 59.29 57.87 56.21 56.50 55.77 54.60 64.17 70.79 72.74 74.29 74.18 75.30 76.65 75.58 76.18 82.73 77.99 85.46 93.95 96.10 98.30 100.94 112.93 126.81 152.24 152.15 157.43 161.50 183.00 187.47 199.72 206.61 208.42 215.64 225.39 243.48 245.06 258.49 265.02 267.50 271.41 277.74 280.10 284.38 290.17 292.47 292.90 293.57 294.50 295.41 301.20 300.86 299.76 300.90 301.83 305.86 305.52 309.68 310.40 306.10 307.24 299.92 311.28 313.61 315.99 318.38
69.62 69.96 65.54 64.28 59.52 57.60 57.00 55.68 55.29 62.55 72.31 73.38 72.86 75.28 76.83 77.30 78.47 82.08 82.65 83.55 90.95 99.21 101.13 100.90 98.90 106.59 112.02 121.67 155.38 156.75 159.87 163.72 182.13 204.96 210.25 211.31 216.48 224.95 238.25 246.93 249.95 265.16 270.30 273.82 278.60 281.24 289.94 296.17 301.87 305.58 307.17 309.22 311.34 307.44 311.83 313.24 316.37 317.93 320.42 326.29 325.00 328.37 331.41 333.92 338.61 324.11 330.45 340.65 346.08 376.38
81.38 70.20 62.95 62.08 59.24 56.35 55.66 56.70 53.55 67.00 70.16 70.47 69.58 72.32 75.79 76.70 78.95 85.07 94.83 87.53 92.80 103.08 104.88 107.72 110.87 112.66 124.41 140.48 151.31 152.31 159.25 167.20 183.02 196.10 209.63 214.46 223.15 225.73 240.93 251.54 265.81 271.60 275.94 279.31 286.75 295.24 300.55 310.56 313.75 315.72 321.19 324.07 328.34 330.18 331.17 334.69 337.43 343.55 348.92 352.52 351.56 352.86 353.31 354.82 355.59 362.78 364.44 369.09 393.62 404.10
70.85 71.04 63.55 60.98 60.01 55.78 56.37 62.60 62.32 62.37 65.00 67.98 69.65 70.38 78.42 81.04 81.71 83.88 83.65 89.65 91.37 94.84 98.37 106.44 114.53 125.72 130.31 147.99 152.95 152.69 164.80 173.12 187.12 204.67 210.51 217.52 222.03 233.32 252.09 269.24 276.43 276.74 280.57 284.95 294.27 301.93 309.33 319.55 322.93 325.37 332.02 335.97 340.58 342.44 344.72 348.88 351.98 358.37 362.26 363.76 367.89 369.50 368.93 369.89 384.98 404.33 408.17 410.13 416.98 434.38
66.60 63.99 64.55 64.29 57.50 60.89 66.70 64.39 58.50 59.88 66.09 66.87 67.98 70.68 77.81 80.01 84.38 85.09 86.88 97.15 100.81 105.10 110.26 115.39 116.47 119.60 126.74 141.10 152.93 157.62 171.33 174.41 195.27 208.34 215.68 224.38 248.70 266.92 269.37 274.18 278.68 283.19 285.88 291.95 302.09 309.96 316.45 325.80 328.42 331.79 339.43 345.40 349.06 353.47 357.38 361.26 364.23 369.19 373.25 376.61 379.68 384.45 389.79 398.17 417.43 422.45 428.00 429.65 434.30 450.19
123.60 123.64 126.18 126.75 104.29 89.16 79.95 65.27 59.73 58.63 62.49 66.27 70.58 77.76 91.24 101.72 113.36 116.88 109.72 108.20 103.12 103.18 113.60 118.71 125.09 126.33 131.48 138.87 155.95 161.02 167.16 180.41 192.08 212.42 218.10 232.96 258.01 270.70 274.00 277.69 284.28 289.50 293.55 302.16 311.73 321.30 329.80 331.67 333.55 338.21 343.20 351.70 358.27 366.94 369.59 373.45 375.50 379.30 382.88 387.55 390.52 398.48 424.07 430.33 435.58 442.40 450.86 447.55 445.24 453.52
180.27 163.64 145.19 149.52 120.54 109.46 80.20 68.99 62.08 60.77 60.31 67.55 78.95 91.59 97.91 111.42 119.95 124.20 130.81 133.26 133.82 132.31 138.36 140.89 138.24 139.52 140.14 142.51 159.28 164.03 169.62 186.72 189.09 207.06 219.03 230.26 257.34 269.04 275.55 282.27 291.38 298.56 304.10 314.20 320.78 330.02 339.50 342.70 344.36 343.74 349.10 357.91 368.51 378.66 384.72 385.90 383.16 388.67 395.12 399.26 401.76 421.25 437.05 438.02 444.83 456.17 463.47 460.98 456.67 461.54
204.23 203.79 178.80 192.17 161.34 125.00 79.67 63.16 57.85 54.56 64.71 78.69 87.19 89.92 103.78 117.24 121.00 128.95 132.17 137.77 140.15 139.55 141.25 142.08 142.12 146.26 145.61 143.80 161.20 172.78 186.79 188.56 193.40 199.49 218.09 236.35 263.25 270.21 277.70 283.13 289.61 299.28 308.87 321.49 329.68 337.28 344.24 348.82 354.16 359.12 360.74 369.18 381.42 391.95 400.67 400.57 395.70 398.70 413.55 436.29 442.54 441.47 451.89 453.83 452.79 455.60 462.52 470.64 476.65 478.46
216.60 204.23 184.83 229.98 195.22 84.83 88.52 75.49 59.94 50.68 50.49 74.47 80.38 98.12 111.86 117.87 125.16 132.28 136.39 140.72 143.82 144.36 145.53 147.47 147.25 150.46 150.70 155.67 172.59 187.48 189.74 188.39 196.33 199.62 209.83 239.74 263.65 271.74 278.43 284.85 293.38 298.47 313.41 323.73 340.51 348.75 351.14 355.59 360.35 365.13 371.20 380.43 395.60 412.77 428.30 422.96 411.03 408.28 428.74 440.63 451.21 457.40 462.48 470.27 478.09 480.24 484.23 477.85 482.77 487.43
278.80 246.43 290.38 246.50 185.18 124.95 92.62 94.28 82.06 74.24 70.36 82.75 89.39 105.98 117.56 118.09 127.75 136.01 141.68 139.66 140.12 148.79 146.69 150.83 154.61 158.97 164.63 175.18 177.87 190.59 190.43 191.96 197.15 200.65 206.48 232.46 264.35 273.46 282.09 286.40 294.41 309.19 323.61 332.31 350.03 356.55 360.62 364.95 369.21 375.18 379.18 388.07 408.61 435.40 473.38 442.58 428.57 425.62 444.49 451.38 461.97 476.27 490.31 497.04 501.36 503.18 500.05 487.18 487.00 493.25
424.58 293.65 313.89 262.20 222.74 179.96 110.77 112.91 130.76 105.65 109.74 101.66 98.58 114.08 120.73 124.24 132.24 144.63 140.01 141.09 144.33 148.69 148.64 157.84 166.67 168.77 179.31 184.45 183.70 188.27 193.00 192.88 197.82 201.93 209.99 237.42 267.00 277.76 288.10 296.78 306.87 319.96 337.23 348.66 361.10 362.97 367.29 371.63 373.47 378.85 385.91 394.71 413.16 436.42 450.82 446.80 439.08 439.32 461.95 468.64 476.29 484.64 487.86 504.72 516.09 505.12 505.21 508.68 491.04 489.32
548.09 380.60 326.43 257.51 286.89 239.10 183.40 189.66 190.15 168.80 146.28 147.58 110.91 115.89 125.62 125.09 133.91 144.39 140.87 141.46 152.43 157.15 161.79 164.55 171.97 176.50 180.84 184.44 183.40 185.14 193.38 194.49 201.20 207.26 214.64 239.36 265.95 284.62 295.47 304.21 318.73 331.75 348.64 362.29 370.87 373.98 372.97 373.18 374.01 377.29 381.99 392.23 402.91 417.25 442.93 451.52 445.00 441.54 455.03 464.51 479.73 491.65 495.55 491.88 509.04 510.55 507.29 516.82 491.89 485.72
