arc/python_arcpy/Precipitation/APHRO_MA_025deg_2006.txt
ncols	360 
nrows	280 
xllcorner	60.125 
yllcorner	-14.875 
cellsize	0.25 
NODATA_value	-99.9 
[rows 62 to 92 of 280, columns 210 to 279 of 360]
372.76 375.36 391.65 407.65 394.32 379.10 366.03 356.79 338.26 327.21 316.39 316.16 345.52 347.62 326.51 312.28 309.48 292.93 299.12 327.77 354.85 385.70 396.51 391.36 408.49 417.02 426.44 435.98 -99.90 -99.90 -99.90 -99.90 -99.90 -99.90 -99.90 493.41 502.66 510.13 517.23 525.82 514.49 -99.90 574.17 -99.90 -99.90 -99.90 -99.90 -99.90 771.41 -99.90 -99.90 703.74 706.88 716.62 707.32 746.18 826.64 905.22 956.85 1023.02 1002.42 -99.90 -99.90 -99.90 -99.90 -99.90 -99.90 -99.90 -99.90 -99.90
387.27 398.45 417.05 464.57 513.23 413.91 375.45 372.67 340.05 319.39 309.79 310.25 314.84 318.05 308.44 286.07 300.22 321.18 358.16 295.71 364.88 381.84 394.33 398.74 393.95 408.30 418.45 -99.90 -99.90 -99.90 -99.90 -99.90 -99.90 -99.90 -99.90 497.53 504.60 514.93 507.39 495.28 496.45 526.84 569.03 -99.90 -99.90 -99.90 -99.90 -99.90 -99.90 -99.90 697.51 669.36 687.58 712.58 740.93 799.63 863.75 960.88 1072.27 1212.44 1171.55 1140.36 -99.90 -99.90 -99.90 -99.90 -99.90 -99.90 -99.90 -99.90
387.42 404.35 442.73 485.27 513.41 446.04 374.97 362.43 342.84 326.39 308.01 296.79 318.91 317.80 324.86 325.43 335.89 340.10 363.38 378.30 397.21 -99.90 -99.90 -99.90 -99.90 -99.90 -99.90 -99.90 -99.90 -99.90 -99.90 -99.90 -99.90 -99.90 475.92 492.30 502.70 495.13 -99.90 -99.90 -99.90 -99.90 -99.90 -99.90 -99.90 -99.90 -99.90 -99.90 -99.90 -99.90 620.75 644.47 671.49 715.19 776.24 811.00 905.19 1025.12 1106.45 1217.31 1272.71 1296.19 1313.21 -99.90 -99.90 -99.90 -99.90 -99.90 -99.90 -99.90
391.78 403.37 415.76 433.97 451.13 429.96 395.79 374.20 351.49 341.34 324.09 309.76 331.05 330.78 331.53 350.90 380.75 399.06 420.23 436.33 430.35 -99.90 -99.90 -99.90 -99.90 -99.90 -99.90 -99.90 -99.90 -99.90 -99.90 -99.90 -99.90 -99.90 475.09 -99.90 -99.90 -99.90 -99.90 -99.90 -99.90 -99.90 -99.90 -99.90 -99.90 -99.90 -99.90 -99.90 -99.90 608.60 605.70 595.23 665.57 720.08 763.23 806.13 940.95 1045.64 1126.40 1246.52 1345.33 1389.59 1402.31 1342.89 -99.90 -99.90 -99.90 -99.90 -99.90 -99.90
398.46 410.38 418.80 427.12 436.04 426.13 407.11 385.45 354.75 333.20 322.97 319.90 329.36 337.41 348.03 381.26 423.26 462.80 498.72 532.57 464.47 448.07 -99.90 -99.90 -99.90 -99.90 -99.90 -99.90 -99.90 -99.90 -99.90 -99.90 -99.90 457.48 -99.90 -99.90 -99.90 -99.90 -99.90 -99.90 -99.90 -99.90 -99.90 -99.90 -99.90 -99.90 -99.90 -99.90 -99.90 613.87 629.81 684.05 749.70 791.77 820.11 870.22 991.38 1090.96 1166.47 1224.46 1314.18 1335.18 1348.62 1433.92 1583.71 -99.90 -99.90 -99.90 -99.90 -99.90
400.51 414.43 420.67 437.11 458.51 448.90 438.25 409.27 376.20 343.59 325.86 329.81 330.30 338.32 356.37 412.85 472.64 492.26 507.44 513.07 497.78 488.92 476.02 454.86 437.50 445.77 -99.90 -99.90 -99.90 -99.90 -99.90 -99.90 -99.90 -99.90 -99.90 -99.90 -99.90 -99.90 -99.90 -99.90 -99.90 -99.90 -99.90 -99.90 -99.90 -99.90 -99.90 -99.90 634.24 619.18 671.69 746.63 863.89 923.33 938.67 975.91 1147.23 1227.15 1317.57 1393.24 1381.43 1334.43 1418.90 1525.83 1505.49 -99.90 -99.90 -99.90 -99.90 -99.90
414.45 420.28 420.51 462.08 494.14 466.15 457.94 433.89 404.52 377.49 342.33 346.38 361.01 370.26 391.45 428.71 468.29 490.46 502.40 509.28 501.93 486.21 466.90 455.72 447.59 449.35 451.73 -99.90 -99.90 -99.90 -99.90 -99.90 470.64 480.08 -99.90 -99.90 -99.90 -99.90 -99.90 -99.90 -99.90 -99.90 -99.90 -99.90 -99.90 -99.90 -99.90 -99.90 593.24 702.57 703.53 776.18 917.73 994.28 1008.29 1091.01 1176.57 1290.16 1470.01 1586.18 1583.00 1456.07 1374.48 1390.76 1631.64 1610.40 -99.90 -99.90 -99.90 -99.90
429.77 435.05 451.62 475.94 481.64 482.88 465.79 436.21 414.92 394.49 382.30 390.11 395.92 403.02 431.18 444.93 461.94 479.43 486.39 506.44 507.22 479.02 461.38 457.60 449.69 439.05 434.15 -99.90 -99.90 -99.90 442.70 457.12 456.00 467.51 465.40 479.21 -99.90 -99.90 547.17 -99.90 -99.90 -99.90 -99.90 -99.90 -99.90 -99.90 -99.90 -99.90 -99.90 -99.90 -99.90 874.38 952.28 -99.90 1109.41 1168.24 1183.45 1291.92 1537.73 1659.95 1652.93 1690.99 1472.71 1610.21 1805.67 1809.00 1746.35 -99.90 -99.90 -99.90
461.52 473.06 493.51 509.38 507.11 496.85 480.61 444.51 419.47 404.75 409.00 424.10 412.41 422.65 451.32 465.92 456.33 481.45 493.47 502.74 495.57 465.41 450.61 438.95 425.70 414.05 410.20 -99.90 -99.90 419.40 430.82 446.41 457.68 469.70 468.09 475.01 478.77 497.38 551.50 555.25 575.20 -99.90 -99.90 -99.90 -99.90 -99.90 -99.90 -99.90 -99.90 -99.90 -99.90 -99.90 -99.90 -99.90 -99.90 1041.55 1096.29 1162.58 1180.08 1457.01 1518.87 1496.91 1532.16 1558.28 1608.69 1724.34 1684.63 1635.37 -99.90 -99.90
496.53 499.98 515.13 525.62 535.57 506.92 477.10 447.47 428.28 404.41 415.99 424.63 415.79 430.20 452.76 464.74 468.36 490.69 507.56 504.57 488.55 458.95 446.41 435.95 416.15 399.59 387.39 391.93 404.68 414.85 430.67 442.22 455.32 469.65 478.17 480.59 482.78 499.71 524.01 540.08 572.20 -99.90 -99.90 -99.90 -99.90 -99.90 -99.90 -99.90 -99.90 -99.90 -99.90 -99.90 -99.90 915.18 955.30 941.26 976.69 1107.49 1210.36 1300.84 1384.70 1418.39 1475.15 1380.36 1418.45 1505.35 1626.24 1572.68 -99.90 -99.90
501.88 513.16 528.79 541.20 532.30 523.53 490.81 446.24 418.05 390.94 394.10 405.39 409.26 424.44 461.03 484.09 507.76 515.73 545.58 546.34 505.08 458.10 438.22 434.73 414.19 391.19 360.52 379.10 399.35 416.60 431.11 442.23 450.93 472.44 489.08 487.91 494.67 512.31 520.10 541.11 563.37 -99.90 -99.90 -99.90 -99.90 -99.90 -99.90 -99.90 -99.90 -99.90 -99.90 -99.90 -99.90 -99.90 881.01 856.80 984.75 1065.39 1115.88 1143.69 1155.82 1220.70 1328.03 1376.88 1274.04 1310.95 1481.01 1474.47 -99.90 -99.90
512.57 522.64 529.91 534.60 521.02 512.60 490.86 452.83 423.28 397.99 393.45 402.44 419.35 451.82 475.17 501.11 545.56 621.32 652.70 610.13 558.90 472.73 457.45 460.52 435.27 410.03 390.78 395.53 413.21 419.77 433.35 448.05 457.08 478.24 488.51 494.36 -99.90 -99.90 -99.90 -99.90 -99.90 -99.90 -99.90 -99.90 -99.90 -99.90 -99.90 -99.90 -99.90 -99.90 -99.90 -99.90 -99.90 -99.90 830.06 830.73 940.55 1045.18 1071.81 1054.50 1117.33 1174.32 1193.83 1086.58 1136.16 1227.14 1353.22 1325.08 -99.90 -99.90
529.41 536.78 543.81 540.70 542.92 499.82 467.34 450.73 433.08 414.86 413.93 407.75 398.19 435.35 478.30 522.10 577.39 640.10 691.64 648.00 601.60 547.82 529.54 498.10 474.83 451.69 434.74 427.40 431.98 437.22 443.20 453.85 464.62 469.99 -99.90 -99.90 -99.90 -99.90 -99.90 -99.90 -99.90 -99.90 -99.90 -99.90 -99.90 -99.90 -99.90 -99.90 -99.90 -99.90 -99.90 -99.90 -99.90 -99.90 -99.90 834.36 949.69 1062.03 1101.70 1139.17 1180.85 1187.88 1128.62 1104.28 1147.29 1214.04 1249.29 1213.11 -99.90 -99.90
553.68 561.08 583.20 595.11 570.81 481.13 463.34 462.40 438.16 423.67 420.89 409.76 393.25 443.66 504.00 545.84 599.32 639.55 648.09 641.54 618.95 586.72 584.46 543.74 535.03 505.88 493.63 493.01 486.85 475.07 485.41 486.78 480.11 -99.90 -99.90 -99.90 -99.90 -99.90 -99.90 -99.90 -99.90 -99.90 -99.90 -99.90 -99.90 -99.90 -99.90 -99.90 -99.90 -99.90 -99.90 -99.90 -99.90 -99.90 -99.90 -99.90 1018.63 1106.80 1155.39 1222.72 1207.61 1250.15 1188.90 1146.00 1131.77 1188.03 1173.30 1120.47 1153.95 -99.90
558.43 570.61 586.21 594.43 548.27 487.19 466.23 454.87 446.92 438.19 437.46 434.44 450.09 478.20 521.82 552.94 616.19 652.53 653.18 642.67 637.72 622.15 601.96 595.89 576.05 567.71 560.12 562.61 556.90 542.09 544.20 539.02 -99.90 -99.90 -99.90 -99.90 -99.90 -99.90 -99.90 -99.90 -99.90 -99.90 -99.90 -99.90 -99.90 -99.90 -99.90 -99.90 -99.90 -99.90 -99.90 -99.90 -99.90 -99.90 -99.90 1070.61 1115.87 1137.66 1173.61 1256.50 1303.78 1349.18 1309.90 1138.34 1086.21 1159.99 1188.49 1106.11 1098.33 -99.90
547.41 559.44 571.25 577.84 532.84 504.09 485.64 476.15 460.29 457.99 470.37 475.23 493.77 522.67 555.79 588.58 647.76 716.39 674.29 667.62 689.75 684.51 662.76 652.28 619.77 604.67 624.14 604.84 592.83 588.39 -99.90 -99.90 -99.90 -99.90 -99.90 -99.90 -99.90 -99.90 -99.90 -99.90 -99.90 -99.90 -99.90 -99.90 -99.90 -99.90 -99.90 -99.90 -99.90 -99.90 -99.90 -99.90 -99.90 -99.90 -99.90 1094.59 1148.07 1213.61 1260.68 1308.57 1398.53 1396.09 1349.19 1283.54 1277.94 1247.95 1271.25 1252.37 -99.90 -99.90
536.31 543.83 553.50 525.56 503.03 490.76 497.78 497.99 498.13 506.68 519.54 526.90 537.63 570.71 602.39 628.88 651.75 677.30 674.37 673.76 701.66 710.08 711.48 705.95 699.26 699.01 694.60 682.31 659.95 -99.90 -99.90 -99.90 -99.90 -99.90 -99.90 -99.90 -99.90 -99.90 -99.90 -99.90 -99.90 -99.90 -99.90 -99.90 -99.90 -99.90 -99.90 -99.90 -99.90 -99.90 -99.90 -99.90 -99.90 -99.90 1136.10 1127.04 1142.66 1248.15 1340.97 1411.58 1570.07 1528.75 1487.77 1432.24 1364.06 1293.28 1286.60 1262.45 -99.90 -99.90
507.49 510.98 511.61 514.48 516.66 520.89 529.94 529.40 528.23 537.69 541.59 559.07 590.54 608.48 632.37 651.27 667.01 671.21 673.21 693.34 727.21 734.64 750.38 767.33 789.97 805.49 821.50 791.45 -99.90 -99.90 -99.90 -99.90 -99.90 -99.90 -99.90 -99.90 -99.90 -99.90 -99.90 -99.90 -99.90 -99.90 -99.90 -99.90 -99.90 -99.90 -99.90 -99.90 -99.90 -99.90 -99.90 -99.90 -99.90 -99.90 1141.39 1147.59 1152.29 1242.77 1462.91 1583.59 1591.99 1567.40 1501.39 1539.41 1499.79 1235.50 1345.96 -99.90 -99.90 -99.90
520.48 527.51 529.77 537.00 538.59 545.85 553.46 561.58 583.53 589.70 590.99 589.53 617.91 625.72 638.20 657.63 673.07 680.07 682.58 696.58 719.66 723.72 747.17 785.46 832.02 901.32 975.86 860.23 -99.90 -99.90 -99.90 -99.90 -99.90 -99.90 -99.90 -99.90 -99.90 -99.90 -99.90 -99.90 -99.90 -99.90 -99.90 -99.90 -99.90 -99.90 -99.90 -99.90 -99.90 -99.90 -99.90 -99.90 -99.90 1290.49 1208.34 1250.23 1306.17 1409.13 1546.29 1654.20 1628.75 1699.09 1619.42 1599.02 1649.81 -99.90 -99.90 -99.90 -99.90 -99.90
554.36 572.89 609.17 595.02 582.93 577.69 583.17 596.84 603.92 606.80 616.39 632.27 634.81 659.87 676.88 701.28 703.16 704.28 708.04 733.85 729.68 734.33 759.02 780.99 795.31 854.83 897.38 760.80 724.61 -99.90 -99.90 -99.90 -99.90 -99.90 -99.90 -99.90 -99.90 -99.90 -99.90 -99.90 -99.90 -99.90 -99.90 -99.90 -99.90 -99.90 -99.90 -99.90 -99.90 -99.90 -99.90 1248.28 -99.90 1277.29 1264.10 1352.50 1455.56 1613.34 1617.72 1643.73 1639.72 1679.32 1672.88 1676.97 1762.10 -99.90 -99.90 1934.06 -99.90 -99.90
619.48 631.27 631.49 643.91 650.53 638.58 635.36 637.00 637.23 651.18 647.91 660.20 650.44 671.14 708.39 736.71 753.23 763.89 797.97 796.32 793.96 773.49 758.68 747.34 766.61 785.62 764.86 722.29 682.15 698.91 726.37 756.72 -99.90 -99.90 -99.90 -99.90 -99.90 -99.90 -99.90 -99.90 -99.90 -99.90 -99.90 -99.90 -99.90 -99.90 -99.90 -99.90 -99.90 -99.90 -99.90 -99.90 -99.90 -99.90 1320.73 1501.62 1604.55 1666.76 1650.47 1652.68 1681.43 1669.98 -99.90 -99.90 -99.90 -99.90 2264.20 2183.17 -99.90 -99.90
658.74 661.19 678.49 673.98 691.74 727.09 706.23 678.89 674.11 684.24 691.12 698.25 712.80 732.02 751.31 769.15 784.21 794.82 816.83 823.87 837.31 828.44 822.78 836.63 838.13 830.51 770.03 724.34 693.41 715.82 729.74 795.61 -99.90 -99.90 -99.90 -99.90 -99.90 -99.90 -99.90 -99.90 -99.90 -99.90 -99.90 -99.90 -99.90 -99.90 -99.90 -99.90 -99.90 -99.90 1396.38 -99.90 -99.90 -99.90 1449.77 -99.90 1548.45 1576.70 -99.90 1636.11 -99.90 -99.90 -99.90 -99.90 -99.90 -99.90 2460.36 2528.44 -99.90 -99.90
697.37 692.80 704.58 717.04 726.05 757.66 754.35 745.43 728.38 718.19 720.85 734.09 775.84 812.43 797.94 802.41 798.52 785.84 769.91 819.40 863.65 921.69 924.78 946.43 940.87 898.33 753.99 769.79 754.91 752.36 771.54 863.93 -99.90 -99.90 -99.90 -99.90 -99.90 -99.90 -99.90 -99.90 -99.90 -99.90 -99.90 -99.90 -99.90 -99.90 -99.90 -99.90 -99.90 -99.90 -99.90 -99.90 -99.90 -99.90 -99.90 1596.92 -99.90 -99.90 -99.90 -99.90 -99.90 -99.90 -99.90 -99.90 -99.90 -99.90 -99.90 -99.90 2401.45 2210.06
718.33 706.95 719.63 745.15 768.03 783.87 782.84 783.31 781.04 772.67 781.31 798.48 807.17 822.96 831.69 849.39 836.04 844.81 808.02 857.95 924.65 991.69 1002.41 1007.62 1034.29 1069.64 1017.71 897.30 846.44 848.77 918.11 973.94 946.39 -99.90 -99.90 -99.90 -99.90 -99.90 -99.90 -99.90 -99.90 -99.90 -99.90 -99.90 -99.90 -99.90 -99.90 -99.90 -99.90 -99.90 -99.90 -99.90 -99.90 -99.90 -99.90 -99.90 1558.02 1726.03 -99.90 -99.90 -99.90 -99.90 -99.90 -99.90 -99.90 -99.90 -99.90 -99.90 2365.51 2150.83
702.86 728.74 753.32 787.26 811.68 815.98 804.72 802.06 799.21 814.62 827.98 820.78 814.14 840.77 897.31 920.30 932.47 941.07 942.02 960.64 1011.92 1041.10 1058.31 1063.76 1113.72 1111.10 1064.55 1005.74 957.90 981.21 1009.54 1018.67 1010.16 -99.90 -99.90 -99.90 -99.90 -99.90 -99.90 -99.90 -99.90 -99.90 -99.90 -99.90 -99.90 -99.90 -99.90 -99.90 -99.90 -99.90 -99.90 -99.90 -99.90 -99.90 1746.02 1600.09 1776.48 1891.43 -99.90 -99.90 -99.90 -99.90 -99.90 -99.90 -99.90 -99.90 2191.04 2283.05 2429.65 2371.34
676.33 725.72 776.93 818.18 864.56 899.02 848.63 809.04 835.85 858.98 868.75 856.99 854.10 900.21 927.00 932.36 949.08 982.77 1032.35 1091.73 1084.93 1086.95 1104.43 1130.66 1146.18 1103.34 1078.84 1076.12 1054.81 1047.59 1050.36 1040.87 1036.99 1047.00 -99.90 -99.90 -99.90 -99.90 -99.90 -99.90 -99.90 -99.90 -99.90 -99.90 -99.90 -99.90 -99.90 -99.90 -99.90 -99.90 -99.90 -99.90 -99.90 -99.90 1702.45 1640.12 1745.87 -99.90 -99.90 -99.90 -99.90 -99.90 -99.90 -99.90 -99.90 -99.90 2210.49 2219.07 2258.76 2390.82
675.05 729.25 777.73 832.67 878.96 929.64 873.42 848.58 884.30 900.62 908.32 890.60 884.45 938.57 927.12 918.73 936.73 994.36 1058.63 1123.24 1101.70 1104.55 1121.86 1150.70 1153.83 1117.04 1095.77 1085.55 1073.51 1079.94 1078.33 1095.47 1080.25 1074.63 -99.90 -99.90 -99.90 -99.90 -99.90 -99.90 -99.90 -99.90 -99.90 -99.90 -99.90 -99.90 -99.90 -99.90 -99.90 -99.90 -99.90 -99.90 -99.90 -99.90 -99.90 -99.90 -99.90 -99.90 -99.90 -99.90 -99.90 -99.90 -99.90 -99.90 2245.24 2319.72 2218.68 -99.90 2058.54 2237.41
693.34 734.05 778.94 836.29 892.05 926.68 904.25 888.15 883.78 885.98 906.63 917.78 919.69 951.36 951.15 921.79 911.30 966.24 1005.82 1041.46 1082.89 1099.67 1131.26 1156.56 1143.20 1108.02 1099.57 1085.95 1082.31 1070.14 1060.70 1061.47 1060.78 1051.10 1042.12 -99.90 -99.90 -99.90 -99.90 -99.90 -99.90 -99.90 -99.90 -99.90 -99.90 -99.90 -99.90 -99.90 -99.90 -99.90 -99.90 -99.90 -99.90 -99.90 -99.90 -99.90 -99.90 -99.90 -99.90 -99.90 -99.90 -99.90 -99.90 -99.90 2201.38 2268.33 -99.90 -99.90 -99.90 2138.84
695.42 729.32 778.95 853.44 889.66 919.82 941.62 905.10 883.70 883.98 875.38 894.50 911.01 964.72 954.67 937.99 939.76 962.43 975.51 980.52 1039.62 1098.88 1143.31 1147.70 1110.22 1085.31 1086.11 1078.02 1066.03 1062.43 1068.02 1074.19 1058.43 1053.19 1041.52 1055.26 -99.90 -99.90 -99.90 -99.90 -99.90 -99.90 -99.90 -99.90 -99.90 -99.90 -99.90 -99.90 -99.90 -99.90 -99.90 -99.90 -99.90 -99.90 -99.90 -99.90 -99.90 -99.90 -99.90 -99.90 -99.90 -99.90 -99.90 -99.90 -99.90 -99.90 -99.90 -99.90 -99.90 2210.50
707.92 734.11 780.71 826.35 864.51 928.33 976.58 916.34 881.57 881.48 902.19 911.69 949.05 972.88 979.70 977.89 964.61 982.05 1003.65 1002.37 1007.48 1039.59 1100.67 1110.95 1102.91 1094.59 1075.68 1068.63 1059.60 1058.93 1065.84 1070.85 1075.57 1078.58 1063.81 1072.62 1092.30 -99.90 -99.90 -99.90 -99.90 -99.90 -99.90 -99.90 -99.90 -99.90 -99.90 -99.90 -99.90 -99.90 -99.90 -99.90 -99.90 -99.90 -99.90 -99.90 -99.90 -99.90 -99.90 -99.90 -99.90 -99.90 -99.90 -99.90 -99.90 -99.90 -99.90 -99.90 -99.90 -99.90
723.66 755.04 785.95 808.44 828.53 875.43 905.18 887.79 864.35 855.37 889.61 914.47 943.76 973.84 1027.48 1035.06 1017.07 996.50 1017.13 977.42 984.95 1022.42 1082.70 1090.44 1107.36 1106.08 1046.33 1022.54 1012.07 1026.63 1055.17 1076.63 1083.92 1095.95 1076.81 1072.85 1060.11 1027.98 -99.90 -99.90 -99.90 -99.90 -99.90 -99.90 -99.90 -99.90 -99.90 -99.90 -99.90 -99.90 -99.90 -99.90 -99.90 -99.90 -99.90 -99.90 -99.90 -99.90 -99.90 -99.90 -99.90 -99.90 -99.90 -99.90 -99.90 -99.90 -99.90 -99.90 -99.90 2464.45
