arc/python_arcpy/Precipitation/APHRO_MA_025deg_1997.txt
ncols	360 
nrows	280 
xllcorner	60.125 
yllcorner	-14.875 
cellsize	0.25 
NODATA_value	-99.9 
[rows 62 to 92 of 280, columns 0 to 69 of 360]
73.55 74.36 67.08 66.90 80.33 91.25 95.19 100.83 104.18 109.31 114.58 116.03 117.99 120.71 126.55 131.00 136.06 138.34 150.87 172.84 192.55 241.06 303.74 329.69 363.79 419.28 474.12 526.94 534.23 526.76 538.15 503.91 517.98 486.68 426.11 448.51 402.78 363.79 296.01 298.86 347.75 409.19 474.76 497.47 511.38 460.82 375.48 397.17 360.41 333.65 352.41 340.66 267.87 205.96 169.54 125.18 108.68 98.80 89.24 80.14 65.88 57.41 48.30 34.49 29.02 33.40 35.57 37.73 38.83 39.12
87.73 82.99 75.36 73.51 78.90 87.05 93.31 95.44 102.55 107.07 111.73 115.84 117.78 119.92 126.28 126.09 128.52 136.32 158.85 168.57 199.33 262.91 308.31 348.62 386.94 428.60 456.40 509.72 580.53 625.51 657.17 653.90 639.05 546.65 612.89 557.34 512.43 496.49 449.58 464.13 477.88 489.30 459.82 430.93 371.59 378.34 357.28 414.35 338.58 290.28 344.72 304.14 234.95 150.85 124.13 102.55 95.87 85.76 85.97 82.88 74.06 55.56 46.17 39.52 35.70 34.08 34.01 34.64 35.46 37.07
92.88 93.11 86.56 81.94 79.23 85.88 90.73 93.94 100.44 104.24 108.18 113.25 114.67 117.57 121.25 121.13 124.69 145.73 158.60 166.06 221.63 265.83 288.75 336.98 396.26 423.48 464.50 552.38 609.30 701.62 663.99 645.61 719.63 665.33 691.42 603.17 616.78 560.06 563.59 533.26 471.30 427.50 411.74 390.83 376.14 355.09 346.10 388.50 418.88 380.54 279.88 231.05 148.36 102.20 103.92 94.81 90.16 88.15 82.53 83.66 76.62 61.74 53.49 45.05 38.10 36.77 36.38 35.22 35.31 36.24
96.55 97.62 91.49 88.96 88.72 92.10 94.18 93.95 97.25 100.87 105.91 110.14 113.16 115.67 116.44 117.15 128.17 143.70 155.22 169.11 212.15 256.44 288.86 328.33 372.24 410.90 475.18 605.43 663.31 686.75 592.71 505.13 500.58 505.70 476.62 495.39 510.76 561.46 529.60 483.28 482.09 431.67 339.59 326.93 327.83 338.68 320.20 273.40 293.82 326.22 203.06 122.83 100.30 101.06 91.13 89.35 83.89 80.21 84.84 83.02 84.29 71.07 61.29 56.73 44.05 39.39 37.26 36.71 36.10 36.06
101.90 103.90 103.89 96.80 91.53 92.18 96.87 99.70 99.44 100.71 102.95 105.98 110.26 112.52 113.61 120.85 132.15 134.02 149.84 162.79 201.99 252.14 285.80 323.93 359.54 403.91 460.94 537.81 606.30 605.84 521.64 387.31 381.75 417.04 410.12 429.68 466.30 486.27 485.19 513.03 498.56 412.20 327.34 265.89 236.08 193.65 208.27 237.78 232.67 144.54 122.63 133.37 116.01 118.22 118.31 110.76 101.84 91.75 97.65 90.85 84.24 75.68 62.67 55.44 52.15 45.36 38.95 36.32 35.19 32.93
118.52 106.81 108.69 98.92 92.00 93.54 98.17 102.15 106.37 104.10 100.72 101.07 108.52 113.78 126.41 135.11 135.28 135.24 147.17 157.67 174.51 200.83 266.38 296.43 329.45 374.22 459.66 468.64 421.13 400.57 353.68 340.68 361.64 335.70 318.73 306.13 385.42 396.15 419.91 451.52 469.01 380.59 325.96 263.87 217.13 177.85 199.39 189.22 169.79 181.99 143.79 128.44 126.29 122.60 121.91 111.52 102.18 101.90 103.30 90.70 65.34 66.16 60.16 52.86 49.72 47.43 39.39 34.45 32.22 30.83
137.22 116.07 108.13 100.12 94.05 97.57 102.16 107.07 112.75 111.61 106.11 107.64 115.77 131.18 134.70 135.38 137.61 138.52 142.97 163.65 157.68 176.15 230.82 257.50 279.94 319.93 403.69 331.33 309.80 303.06 285.14 286.74 308.89 293.47 230.41 213.96 288.34 315.76 325.68 386.28 401.59 342.75 278.78 231.92 181.56 160.84 127.36 189.23 204.32 188.12 146.75 126.22 124.57 124.34 123.60 118.62 113.04 108.89 103.60 95.50 47.83 43.01 50.64 44.22 42.23 38.38 34.09 30.69 30.56 29.63
127.40 111.63 106.55 101.53 95.88 100.01 105.79 114.53 138.72 134.30 126.28 126.67 128.94 130.51 132.88 137.77 141.23 140.79 144.07 172.83 168.06 169.12 196.23 189.85 193.16 227.69 264.66 226.14 213.40 232.66 238.97 236.22 229.69 219.78 199.39 202.80 251.05 255.59 290.54 344.81 356.38 316.25 226.31 165.24 176.19 107.20 85.77 116.48 165.56 137.87 122.99 122.78 120.48 126.41 127.70 127.01 123.59 119.39 110.50 105.56 66.12 48.93 44.18 44.13 42.97 42.31 38.90 34.32 30.51 29.03
132.52 103.06 93.34 107.67 115.46 109.97 107.65 118.89 132.99 132.48 129.77 129.75 130.48 130.90 133.59 138.82 140.46 140.86 147.58 186.77 189.34 173.20 179.43 155.50 158.46 166.18 165.89 172.38 169.84 169.01 176.72 190.56 185.35 195.42 195.66 207.91 245.97 243.76 274.71 333.40 348.04 308.72 230.31 147.43 151.31 107.67 88.74 139.07 145.83 121.64 127.74 133.15 129.74 126.90 126.92 134.13 136.73 129.92 123.39 117.46 114.83 83.54 82.50 65.96 53.05 61.43 46.67 33.17 30.08 26.84
146.67 127.66 110.48 112.82 120.02 126.24 125.12 126.92 130.51 134.33 132.22 134.56 136.51 144.01 155.84 166.35 166.34 168.62 173.84 187.64 190.06 182.03 173.76 166.39 162.26 161.72 159.88 164.03 160.41 157.77 160.28 164.77 157.06 184.03 191.62 205.84 214.39 245.59 284.31 313.19 300.91 279.60 228.63 161.49 159.05 137.76 149.43 132.64 150.49 167.84 169.83 151.53 151.75 150.38 138.46 140.33 137.99 138.12 132.93 128.66 122.01 108.83 110.76 87.53 90.38 84.35 65.28 44.77 45.01 44.28
177.65 152.75 134.93 125.61 127.97 135.62 135.54 134.96 144.03 145.84 151.56 158.61 177.15 191.18 191.35 195.63 190.50 192.00 183.87 188.37 193.10 198.09 178.76 174.85 169.55 160.93 158.43 163.25 165.95 164.88 160.10 158.59 157.18 184.95 203.27 210.90 222.64 250.17 274.21 274.92 276.24 250.18 202.28 201.20 202.57 190.93 162.75 182.14 169.58 166.31 179.29 183.63 163.48 148.01 152.92 155.87 154.21 138.53 139.01 141.36 136.94 132.79 124.80 111.60 122.31 112.89 114.52 84.69 69.19 76.54
215.68 194.13 184.63 162.24 158.17 168.58 176.70 179.94 184.02 184.38 191.64 194.97 203.78 210.49 205.99 204.01 205.63 207.89 195.58 194.91 210.30 216.43 209.87 180.37 175.47 166.45 179.48 174.26 193.46 219.50 196.12 188.56 185.93 193.87 219.20 215.88 230.38 242.62 266.73 290.04 274.82 229.54 258.77 234.85 237.18 212.84 174.67 198.42 249.72 237.81 207.85 187.00 199.86 206.68 202.29 177.89 172.10 152.65 137.17 128.22 140.81 138.21 130.51 124.21 116.37 127.78 133.57 131.41 110.42 113.39
226.59 219.48 222.99 208.62 200.86 201.56 207.72 211.17 209.46 205.64 205.82 218.50 232.51 237.42 238.17 235.64 222.80 213.93 214.78 212.75 223.89 223.83 220.10 198.61 191.51 193.85 186.26 178.38 233.64 260.31 224.34 209.39 225.52 216.97 216.20 223.14 252.76 268.15 300.42 281.53 299.75 334.97 306.35 308.15 325.97 294.12 316.17 326.09 298.39 259.99 243.95 260.47 254.12 230.44 215.60 210.92 203.19 186.14 182.18 168.76 158.41 124.21 137.05 135.73 124.08 129.50 129.71 141.22 139.24 136.30
242.14 234.72 234.66 228.62 226.46 222.85 222.68 223.58 232.17 240.56 226.51 231.13 236.63 241.85 241.02 241.73 238.35 221.05 226.54 231.09 227.54 231.51 238.02 232.37 226.84 218.96 199.60 189.11 205.32 225.13 237.14 248.60 237.20 245.97 213.50 236.19 274.70 337.93 337.86 396.70 396.70 477.77 401.41 417.94 390.47 404.82 380.44 412.11 352.39 342.60 346.79 325.72 310.18 291.97 232.34 201.62 189.86 178.67 219.50 215.43 219.60 204.58 166.90 146.63 145.98 140.17 138.86 135.60 140.69 143.23
257.90 250.68 244.28 235.79 231.01 230.71 240.84 253.91 257.19 257.03 257.70 235.96 241.60 245.73 245.18 246.33 247.89 238.39 236.27 233.67 234.66 247.75 268.22 266.00 241.11 228.53 222.87 222.59 222.43 229.19 268.62 282.63 298.27 319.49 233.45 268.62 359.94 429.83 414.58 479.27 529.12 497.54 449.28 455.89 504.15 450.31 470.94 452.34 435.36 461.57 442.76 413.18 373.29 317.42 269.08 233.20 188.75 167.34 181.50 228.40 268.79 246.27 239.34 207.26 196.02 175.43 163.51 160.32 149.89 153.40
262.27 255.95 246.29 234.30 223.20 230.83 249.82 256.25 268.13 270.54 268.33 271.09 269.78 261.10 259.85 256.80 254.96 250.41 248.65 242.82 240.23 252.97 259.93 268.65 271.92 286.46 261.53 239.72 252.75 282.07 302.82 296.35 414.59 324.37 271.27 311.55 415.31 491.09 715.06 768.44 718.31 729.83 721.48 649.99 634.27 664.46 591.78 553.29 590.46 549.58 503.90 437.32 388.40 306.00 239.74 218.45 239.36 225.51 197.96 238.80 254.66 229.86 209.53 221.48 226.13 191.56 176.75 170.08 167.45 161.70
265.66 243.72 232.48 229.89 228.24 228.65 250.41 264.23 276.95 291.22 281.47 275.32 278.13 278.80 274.94 268.42 260.03 252.15 253.29 247.31 255.32 262.63 263.24 266.03 277.66 258.00 270.53 286.84 306.74 340.38 304.75 296.01 299.07 346.99 466.73 561.72 675.50 737.21 797.74 839.30 882.45 807.66 856.96 824.42 796.63 789.43 810.14 837.69 788.04 699.75 646.20 579.95 526.54 451.22 302.75 238.94 226.36 232.34 266.48 353.22 301.06 237.31 180.39 179.92 197.34 170.09 173.51 174.35 175.15 168.87
241.66 233.47 216.10 214.51 217.30 224.93 235.98 261.31 273.79 288.06 282.28 275.41 273.15 273.40 270.68 263.29 258.34 253.67 248.15 244.21 241.55 266.02 260.43 266.06 267.41 263.86 326.13 350.50 335.16 355.30 266.44 325.36 375.23 525.66 586.69 576.91 549.02 545.48 756.14 829.31 825.70 766.62 876.46 828.34 825.42 817.93 932.44 1106.62 954.91 873.44 896.33 941.67 881.03 678.29 481.20 347.69 292.63 257.10 231.39 340.64 316.83 265.67 216.26 191.05 178.18 170.39 177.43 186.80 186.17 186.36
225.27 208.67 206.39 204.32 205.48 215.99 242.78 259.51 267.17 271.14 272.70 270.82 265.95 257.13 252.06 250.07 252.47 250.26 242.98 243.08 241.91 256.66 259.88 269.38 304.95 325.70 317.31 354.88 348.16 361.32 352.73 355.68 411.98 469.45 461.85 556.25 439.41 459.10 519.71 713.11 676.76 659.23 922.93 823.26 677.80 777.55 854.77 948.74 981.33 949.00 1070.71 1151.26 1070.14 924.85 774.35 591.88 459.47 426.69 358.94 376.20 416.31 328.67 278.09 212.17 187.18 187.84 187.66 185.10 188.59 190.58
167.75 189.02 195.11 195.37 195.85 199.96 225.14 241.96 253.51 263.19 264.69 264.90 262.88 256.32 251.66 245.06 234.77 236.91 241.13 234.85 223.44 249.87 297.62 307.11 308.73 306.57 348.05 335.51 355.22 389.17 408.80 434.45 460.23 494.80 549.23 558.36 400.41 444.66 434.95 478.33 429.56 485.76 554.60 616.08 657.44 590.26 719.90 734.92 796.03 1057.70 1141.89 1291.67 1333.50 1258.65 1047.52 926.54 739.19 689.51 597.75 561.72 575.78 467.86 339.18 232.17 205.33 194.10 197.38 188.78 186.50 181.06
150.65 160.01 179.45 192.36 196.83 201.95 209.01 224.54 232.16 237.67 239.28 235.42 224.25 232.95 225.65 217.21 211.87 213.27 219.33 234.23 218.02 276.67 315.18 319.39 323.26 329.14 348.68 356.02 353.05 356.42 358.62 361.64 411.03 466.26 476.98 452.79 405.68 498.37 528.95 514.23 469.86 379.45 377.58 414.64 490.97 504.96 520.62 589.10 703.88 897.06 1112.86 1386.62 1544.89 1574.88 1281.08 965.29 787.76 782.63 719.69 674.83 703.77 596.78 423.11 261.42 209.94 194.11 190.98 182.09 188.62 199.61
150.17 142.72 146.28 159.23 167.03 190.36 222.16 226.48 225.88 226.85 226.92 224.01 212.22 209.45 205.27 209.61 211.68 209.29 207.49 217.05 209.75 300.06 310.54 310.58 322.32 334.39 344.86 352.72 352.17 348.51 401.81 383.96 392.64 427.71 435.04 421.89 431.00 590.75 644.43 740.42 766.58 687.79 555.20 491.48 488.72 446.38 435.09 505.29 632.28 793.26 964.51 1228.21 1511.50 1574.19 1109.04 842.72 834.73 952.68 734.07 706.44 807.73 713.56 528.10 295.18 200.83 196.22 200.27 202.72 201.12 201.71
137.22 136.18 139.81 154.81 161.07 169.92 203.04 221.30 226.70 223.58 221.84 222.88 213.51 211.45 215.10 214.67 211.45 207.05 196.71 186.41 180.16 264.96 268.74 295.52 294.32 322.66 317.99 323.01 337.92 375.91 418.47 423.71 444.15 428.65 430.29 417.00 464.62 603.29 637.28 788.63 940.08 914.64 847.71 735.61 603.10 500.89 513.51 576.97 662.42 853.70 950.98 1133.33 1406.48 1463.19 1086.51 825.64 780.66 879.86 796.71 739.74 784.06 838.91 685.61 422.64 223.78 204.70 207.56 207.64 205.61 207.48
145.82 145.63 146.68 152.73 161.80 167.55 178.26 194.44 199.20 199.82 197.41 187.15 192.99 198.44 203.46 206.37 206.04 199.66 168.61 149.96 135.36 212.94 235.32 286.95 259.62 279.91 291.22 325.55 360.44 355.26 420.86 408.37 409.80 393.34 411.86 438.35 476.76 527.04 611.55 691.50 754.18 710.77 764.05 710.15 603.61 576.65 574.80 594.30 646.48 736.08 915.25 1133.63 1283.17 1349.44 1246.69 1086.92 811.48 871.69 834.99 1058.29 1194.12 1170.74 941.63 794.04 387.68 221.18 235.94 247.10 236.98 233.23
182.27 156.76 153.85 159.48 175.80 180.03 183.65 184.47 185.52 180.42 175.55 171.01 167.10 165.96 178.65 183.20 165.62 142.88 139.12 128.16 124.24 185.41 235.66 265.89 262.56 280.02 326.56 339.50 359.46 364.48 373.91 401.84 380.52 372.62 387.91 401.37 443.16 508.38 552.88 601.83 611.31 599.07 562.48 584.21 559.21 563.65 558.64 593.06 645.19 711.62 918.28 1069.18 1207.08 1285.00 1407.78 1347.06 1035.75 1147.12 1207.01 1349.80 1337.25 1210.36 1138.48 1029.18 801.61 457.37 395.87 389.52 386.56 381.33
192.71 179.01 165.36 169.15 170.68 178.24 182.65 173.67 163.64 162.90 148.16 141.00 149.84 150.14 133.04 116.19 131.96 132.13 124.73 117.83 116.62 150.16 228.26 252.97 266.42 294.70 323.04 338.78 361.81 360.75 357.49 305.41 292.36 347.44 387.18 398.19 446.15 470.89 539.86 594.21 598.00 504.03 502.94 498.67 532.01 563.27 520.70 534.58 577.54 645.33 731.15 853.12 1014.39 1159.80 1362.26 1473.70 1461.92 1555.02 1555.91 1697.00 1408.57 1303.14 1239.73 1144.29 897.69 987.34 771.85 720.66 626.96 532.05
190.03 195.90 186.76 183.40 185.25 177.78 169.79 150.62 122.58 98.54 92.91 93.31 90.75 71.84 86.76 100.83 104.05 108.36 106.04 104.85 115.91 127.16 200.16 250.31 263.74 310.34 317.65 363.31 315.73 295.57 295.91 274.68 276.49 329.61 371.64 404.54 419.95 473.95 521.83 553.99 535.47 452.23 431.46 453.10 503.29 501.34 514.14 509.63 509.98 515.16 597.00 657.81 771.56 942.41 1092.51 1229.69 1329.83 1567.80 1771.73 1975.36 1874.82 1480.68 1245.54 1264.44 1728.62 1325.21 956.29 830.53 712.93 668.80
200.14 199.65 188.82 185.18 174.88 147.79 118.97 100.85 92.24 90.08 81.50 68.22 56.56 57.46 69.67 80.84 83.85 84.98 85.54 94.86 99.83 117.36 174.95 237.36 255.15 315.41 321.64 327.53 294.55 286.26 289.29 287.63 280.11 286.22 351.22 378.33 402.70 475.11 513.10 516.05 511.64 443.96 389.30 402.01 425.68 462.80 526.73 488.39 492.89 487.27 550.18 583.57 656.88 780.94 880.53 913.58 1022.04 1261.00 1320.56 1456.51 1649.98 1593.13 1442.06 1445.41 2508.91 1735.78 1113.37 941.83 785.88 734.08
198.22 199.34 195.52 150.73 124.95 110.09 96.55 92.11 83.94 69.20 60.50 56.11 53.71 54.12 54.61 58.40 77.98 73.12 83.10 86.60 89.42 111.06 175.49 220.98 272.30 299.83 291.75 315.35 313.30 284.88 292.36 275.04 283.48 311.57 339.45 345.94 394.45 424.47 437.37 410.59 381.93 362.81 364.27 383.37 402.59 415.29 435.46 455.02 452.37 439.98 456.18 515.92 564.85 610.31 676.92 740.96 789.57 890.90 905.03 988.91 1039.39 1185.05 1369.82 1677.26 2870.35 2886.48 1880.93 1095.00 1003.08 924.26
195.21 181.36 150.78 122.17 106.15 95.31 89.09 74.38 63.17 61.24 56.23 53.60 53.48 53.53 53.44 53.31 53.24 53.93 68.59 80.07 88.04 118.13 167.84 191.99 265.40 284.41 283.89 300.91 318.23 305.97 286.62 287.99 288.72 290.00 294.40 300.97 341.17 380.67 382.61 382.80 339.40 322.07 331.61 337.40 350.37 368.48 389.42 417.30 413.69 408.61 397.84 443.87 477.90 513.92 548.32 630.74 699.36 725.90 729.27 753.49 831.08 948.43 1234.62 1517.40 2528.91 3514.02 2564.33 1312.75 1334.55 1099.26
180.85 146.18 117.47 103.56 91.78 80.54 66.56 61.72 61.62 56.41 53.54 53.39 53.24 53.14 52.32 50.65 49.07 49.86 58.28 77.13 96.18 122.61 160.73 175.25 235.72 273.50 272.80 287.43 311.43 312.18 285.31 282.80 282.77 285.85 288.49 305.81 352.60 374.41 389.31 391.67 335.90 290.11 298.58 284.70 306.15 319.55 339.01 360.20 370.54 379.89 384.01 410.50 453.27 495.87 520.87 572.27 632.55 694.03 683.80 682.33 763.54 842.39 1041.53 1281.57 1713.78 1944.57 2257.77 1889.28 1365.08 1114.85
