arc/python_arcpy/Precipitation/APHRO_MA_025deg_1993.txt
ncols	360 
nrows	280 
xllcorner	60.125 
yllcorner	-14.875 
cellsize	0.25 
NODATA_value	-99.9 
[rows 31 to 61 of 280, columns 70 to 139 of 360]
248.13 254.22 256.03 256.10 258.26 261.09 262.89 260.82 259.76 263.43 270.13 308.26 321.35 333.04 370.25 437.64 474.36 455.17 454.04 466.69 426.10 410.42 429.90 441.42 428.76 410.42 393.74 362.59 362.96 364.14 404.15 412.15 403.74 347.79 305.86 276.33 244.29 238.39 229.59 215.10 212.05 223.29 226.62 227.49 229.88 229.76 227.90 231.47 224.53 211.79 204.56 197.68 196.98 165.25 154.15 170.76 143.35 132.82 121.25 114.65 91.72 73.25 96.25 105.11 110.92 114.27 118.54 121.45 123.59 134.65
252.13 258.45 262.66 261.88 260.06 259.44 266.89 262.35 252.10 261.71 273.12 301.91 318.35 333.54 355.53 369.54 368.87 359.48 342.68 350.49 363.66 363.85 363.13 383.50 411.49 407.73 368.98 350.37 363.76 339.52 311.63 288.77 285.34 269.83 252.95 235.72 228.93 230.56 229.13 225.00 222.06 224.69 227.00 226.42 225.26 221.46 225.61 236.16 235.63 216.81 200.23 187.93 178.82 184.56 154.01 157.49 156.25 141.75 136.32 122.06 120.39 110.59 111.68 109.01 117.60 118.16 120.34 120.38 121.86 125.08
257.39 266.27 270.75 271.86 271.43 271.02 275.29 301.46 309.83 314.31 312.57 317.90 320.66 335.31 328.69 318.25 320.48 316.18 310.59 306.48 331.83 347.14 312.58 296.17 305.32 316.12 361.10 374.45 332.05 302.22 286.54 264.94 241.82 218.73 209.95 212.36 212.10 215.84 227.00 230.13 227.80 227.02 227.69 219.21 213.88 211.65 214.26 216.82 217.09 211.66 202.41 199.68 182.13 171.22 162.26 150.29 147.56 143.04 141.95 138.70 135.33 124.50 123.71 126.87 169.54 136.23 138.79 136.48 129.84 128.33
264.25 272.11 278.49 283.22 286.08 289.40 319.41 356.80 383.24 394.16 373.42 349.04 329.47 317.57 314.77 296.20 280.71 277.25 269.10 270.11 273.29 275.50 275.21 267.01 259.85 292.34 339.25 323.82 295.77 258.61 235.10 209.57 199.65 199.97 200.48 199.83 203.31 204.34 212.10 215.10 221.49 223.15 219.88 213.58 211.89 209.63 208.22 207.94 208.52 207.13 200.18 193.97 185.13 178.07 171.67 163.48 155.04 142.74 142.89 138.92 147.82 146.98 148.12 130.84 146.51 148.02 131.85 133.43 149.33 139.51
278.81 283.25 291.06 298.93 309.71 317.20 367.77 436.25 438.81 449.42 470.67 474.28 447.38 418.99 317.81 297.08 287.21 263.69 247.35 238.12 236.30 249.27 255.10 268.24 264.94 266.40 267.40 258.50 247.51 218.68 206.24 199.54 191.52 195.59 196.36 195.45 195.16 197.27 204.14 203.91 204.97 205.74 207.29 205.18 199.66 200.17 201.48 203.23 202.03 200.21 197.08 191.43 185.10 179.30 173.27 169.59 159.93 157.79 154.47 149.92 149.09 143.22 142.21 139.06 134.07 132.42 133.67 135.66 136.15 135.19
291.96 300.33 309.98 324.21 353.28 417.06 474.80 579.99 576.39 559.33 571.49 591.69 591.78 552.37 479.42 377.61 286.55 242.55 220.24 203.69 191.94 248.62 296.89 276.96 308.10 279.75 243.61 230.03 213.74 194.54 192.10 187.63 191.01 189.80 190.07 186.78 185.00 186.59 192.93 194.73 195.97 197.27 197.44 191.92 191.54 191.44 194.59 196.13 194.61 195.44 194.39 186.71 182.92 177.17 172.27 163.88 162.13 155.30 156.38 157.01 152.73 147.93 144.86 141.00 137.98 133.37 132.61 144.27 139.45 137.01
304.22 315.40 327.77 350.11 470.16 538.76 572.92 671.59 653.31 634.94 630.25 665.23 717.20 636.65 549.93 456.90 350.18 204.70 172.34 180.68 203.42 250.03 271.27 263.82 248.87 227.06 211.44 197.49 176.27 159.86 171.56 181.20 184.12 181.71 182.12 178.87 177.32 180.77 187.04 188.52 187.67 191.10 188.80 189.68 190.13 189.90 191.11 190.83 191.23 188.03 185.46 181.56 183.21 179.18 172.58 168.29 162.65 154.26 154.16 151.47 145.52 142.82 146.21 145.43 136.62 131.44 141.30 140.85 136.68 138.58
323.75 346.36 376.88 528.80 603.17 674.82 683.55 708.49 703.91 691.70 717.16 752.40 804.20 653.58 535.22 454.42 362.47 247.84 172.40 158.51 165.85 198.74 221.97 218.59 202.25 192.01 184.07 173.54 169.79 167.29 169.86 168.82 173.41 176.49 174.95 175.71 176.00 174.39 174.83 176.69 178.03 185.42 188.91 188.22 187.22 183.49 182.27 182.56 180.88 177.24 177.59 186.64 195.57 175.21 168.48 159.04 152.73 147.29 139.88 141.93 138.44 132.03 129.08 130.06 130.27 132.94 131.25 128.75 125.38 130.85
330.61 368.55 550.04 658.91 734.99 845.01 921.97 894.39 965.24 933.51 914.02 818.76 640.53 503.87 419.22 332.87 301.28 252.99 222.69 169.80 145.35 163.22 168.91 173.35 175.50 176.28 172.27 169.22 165.55 167.36 167.17 167.25 169.89 174.19 175.21 173.79 171.19 170.19 169.14 168.42 166.81 176.66 184.47 182.64 182.68 182.65 180.26 177.91 175.78 174.62 172.54 167.93 169.36 170.24 154.85 146.15 146.19 143.06 140.94 136.58 127.71 124.63 122.66 126.47 130.88 128.92 123.34 121.89 121.48 123.94
360.80 473.67 564.49 698.17 804.85 1077.28 1247.06 1178.32 1047.27 979.95 876.57 799.98 565.42 445.47 373.23 333.80 271.23 231.25 215.12 189.92 169.12 169.33 167.62 169.06 163.57 162.18 163.49 164.47 166.48 167.10 166.26 169.96 174.19 177.32 174.43 171.64 169.33 167.19 165.74 164.48 162.74 164.57 176.05 180.04 178.14 177.83 175.04 170.50 165.73 163.86 162.98 157.03 154.57 146.86 138.40 137.38 141.60 138.75 137.17 132.84 118.86 114.75 116.19 119.92 122.86 121.55 117.79 114.55 122.79 133.00
409.34 516.05 606.71 732.84 799.80 951.49 1040.93 1030.71 917.24 827.40 851.62 701.31 584.45 499.52 417.54 422.33 345.71 277.80 227.45 192.91 182.42 177.55 172.11 163.66 159.73 161.75 163.63 165.11 167.13 167.93 168.29 172.78 180.04 182.46 177.69 171.60 166.87 163.05 161.41 160.67 161.73 164.18 165.72 169.96 167.83 165.50 160.79 154.14 154.67 153.70 151.37 149.28 143.36 138.74 136.07 131.26 140.74 135.80 136.63 127.51 124.19 123.02 116.79 111.28 117.20 123.09 115.91 117.16 116.67 119.76
420.04 515.27 567.48 648.34 721.71 798.45 811.47 792.85 695.89 521.15 460.58 472.35 425.59 397.37 453.03 435.35 403.87 363.71 275.26 218.52 193.76 191.50 232.02 258.42 199.40 166.09 166.77 167.49 170.95 171.11 173.29 177.16 183.10 195.73 200.13 178.01 168.68 161.40 159.29 159.95 158.88 159.06 160.21 163.74 162.28 162.06 156.76 154.74 157.46 152.78 145.07 136.93 133.15 131.96 130.93 129.46 128.93 129.12 126.25 131.38 127.69 127.42 125.53 120.47 121.50 120.68 125.60 119.14 117.13 116.11
349.56 389.89 460.93 517.58 506.49 530.02 536.25 495.75 412.68 331.79 288.02 300.74 309.92 328.97 377.38 404.89 415.92 420.82 383.19 347.64 321.33 297.08 337.92 339.69 299.83 283.92 266.32 227.09 210.97 191.81 179.61 174.34 175.05 181.91 181.51 169.13 161.09 156.13 151.68 147.72 144.93 149.45 152.40 159.08 161.49 159.55 154.36 162.66 168.30 151.29 136.74 132.85 130.39 125.90 118.79 115.23 118.52 122.11 124.20 129.92 131.64 140.59 144.57 129.51 121.99 115.87 116.62 116.90 119.03 122.47
382.18 338.08 306.47 341.08 382.45 384.17 376.43 358.33 345.90 336.34 306.39 304.31 310.06 311.06 316.02 327.52 325.38 345.42 356.69 331.17 324.04 307.82 306.94 325.70 327.97 318.59 308.98 292.27 271.35 267.62 262.03 235.42 223.72 195.99 184.43 164.08 150.62 143.11 131.28 116.57 116.28 124.98 146.66 162.30 166.82 154.07 148.58 155.90 156.50 145.49 137.35 131.59 122.16 113.76 110.82 109.54 111.11 115.20 123.21 134.57 163.89 177.06 198.49 183.22 155.79 127.24 120.66 120.58 121.68 121.12
490.80 432.89 358.70 349.32 373.53 415.39 423.60 380.62 365.66 380.33 377.89 385.18 413.13 433.65 440.79 428.24 369.07 314.06 305.68 322.69 295.91 296.26 286.03 278.09 298.99 292.45 285.15 272.89 276.03 281.41 291.02 282.04 268.69 265.18 242.77 199.13 179.97 136.88 118.38 109.87 104.62 101.64 101.91 102.13 114.82 127.04 132.20 131.81 130.66 134.89 131.13 127.74 115.85 107.99 103.83 90.60 80.41 91.36 114.36 123.23 152.89 197.85 218.72 198.80 171.30 158.73 131.21 125.00 122.68 121.76
727.57 583.92 485.58 461.42 481.01 472.66 465.66 466.59 478.92 502.57 515.36 527.88 523.65 538.02 553.50 535.34 485.43 420.63 364.74 313.38 278.24 268.15 278.80 254.56 253.00 250.63 246.09 245.53 251.96 263.71 267.74 268.67 261.22 254.99 238.53 213.65 193.60 171.00 157.82 138.54 110.40 91.67 84.48 79.40 75.58 75.25 78.77 86.21 96.60 95.42 94.83 101.44 100.89 92.99 84.94 71.76 55.09 66.84 87.83 102.71 122.81 143.29 162.61 159.68 159.42 150.77 140.75 137.43 132.83 127.16
885.95 715.09 582.01 580.80 604.72 584.57 552.59 541.44 557.64 559.72 566.43 554.24 525.26 525.39 530.86 488.16 412.62 351.64 364.24 336.65 312.29 304.29 304.16 275.18 257.53 247.77 251.90 245.54 240.75 232.23 233.11 236.36 242.95 248.39 239.87 217.60 210.19 199.94 174.67 144.17 110.54 80.95 72.76 67.80 59.51 51.93 45.34 48.81 58.80 72.61 80.69 81.76 75.13 68.77 65.73 62.49 57.54 60.44 70.41 79.93 88.19 92.03 94.22 93.79 91.01 96.87 121.32 154.12 142.03 121.75
804.00 680.30 610.11 638.57 666.65 700.60 625.90 565.39 551.67 549.42 544.01 503.76 458.49 446.16 444.64 431.34 413.79 351.51 335.38 321.65 287.38 278.88 269.19 237.36 216.90 209.41 227.07 221.18 224.55 236.02 231.59 225.34 227.64 239.83 243.86 228.54 216.08 186.79 154.82 131.21 88.29 66.08 60.55 58.32 48.76 40.55 27.51 33.53 49.41 62.85 78.94 82.63 69.60 63.70 59.79 57.60 58.13 59.21 64.35 70.86 74.78 75.27 75.74 79.57 77.32 78.92 80.18 94.31 105.74 105.79
505.90 491.10 534.48 582.56 642.49 676.84 614.08 568.61 552.21 552.96 558.04 513.09 475.57 441.60 428.43 389.75 349.23 301.60 304.52 286.72 262.70 254.98 234.02 227.15 214.05 198.30 196.64 194.70 194.30 204.07 218.21 225.85 225.58 222.54 215.84 224.50 200.89 155.25 151.00 119.24 97.88 73.40 64.86 59.90 53.13 47.10 42.06 43.41 49.97 57.56 64.85 66.98 66.58 64.64 61.88 60.14 62.38 63.52 63.76 63.98 66.16 68.14 68.70 73.83 74.08 68.42 69.01 71.32 79.14 88.34
-99.90 409.86 448.25 474.66 494.07 508.94 507.50 499.75 498.38 492.62 507.57 496.74 469.87 445.30 344.03 313.31 296.61 275.09 254.15 197.24 165.17 174.25 176.75 174.20 188.89 163.67 175.76 188.82 183.87 183.06 187.76 169.64 122.49 101.08 99.24 99.54 91.55 82.34 83.61 74.29 65.89 62.28 61.29 61.43 62.54 60.71 55.56 52.91 53.85 56.48 60.68 62.40 65.13 65.45 67.56 68.39 68.00 68.98 68.93 65.44 64.92 64.14 68.45 71.32 67.62 63.60 65.42 70.04 76.06 81.07
350.13 356.58 358.73 365.65 379.77 389.87 408.84 420.80 426.71 432.62 445.23 404.33 362.51 332.28 268.21 224.40 180.13 163.23 128.27 108.28 98.76 99.26 96.17 106.06 108.57 90.97 88.71 94.61 96.46 101.98 113.71 134.99 129.61 94.52 82.60 77.56 73.06 67.55 66.39 63.44 62.06 60.60 59.49 58.19 60.23 61.95 62.77 60.23 58.63 59.83 62.36 65.46 67.77 71.01 71.21 71.30 70.18 72.40 70.14 67.74 63.10 67.99 71.06 69.70 63.82 65.14 69.15 74.50 76.35 81.15
336.38 322.94 300.94 298.98 308.15 337.82 377.89 364.41 368.47 378.37 345.78 292.65 257.91 203.63 151.76 120.21 99.26 97.53 94.22 90.37 89.80 87.84 85.87 83.61 81.65 80.07 78.19 76.37 77.34 77.02 75.43 76.34 75.80 77.30 72.70 70.52 69.37 68.20 66.57 65.41 62.22 62.24 63.34 62.04 62.13 62.82 64.70 62.01 58.86 59.87 60.61 63.57 66.91 70.87 72.75 71.15 71.10 72.10 71.11 67.58 67.02 71.16 71.80 64.12 64.14 66.74 71.87 75.06 78.57 82.11
320.29 309.97 295.76 289.36 307.26 319.74 314.29 266.91 207.07 215.27 176.03 132.89 115.79 103.95 99.55 97.16 93.51 91.95 89.57 88.26 86.68 85.34 82.76 80.57 79.32 78.73 77.07 75.09 75.64 76.68 75.80 75.01 73.56 70.88 69.44 70.49 71.15 71.68 69.33 65.46 65.41 65.64 64.73 64.87 64.26 65.26 66.41 62.58 59.43 59.77 60.43 63.88 63.48 67.23 69.41 69.87 65.33 67.14 66.45 67.16 70.56 71.15 66.77 66.28 67.58 70.77 75.11 77.23 76.69 77.39
300.74 303.70 291.03 297.15 303.51 274.34 201.62 153.03 129.52 118.27 109.40 103.22 101.04 94.57 93.48 92.77 90.15 88.46 87.86 86.23 85.24 84.49 82.43 80.52 78.86 78.04 77.18 76.09 77.47 76.83 75.74 74.57 73.55 71.99 72.48 71.22 71.07 70.95 70.38 68.76 69.98 69.26 69.16 65.02 63.46 61.23 62.52 59.72 57.49 58.03 58.18 60.48 63.27 66.48 65.11 63.91 63.82 65.42 65.13 71.79 71.91 68.75 63.16 65.46 67.21 71.89 74.51 73.09 72.24 73.79
279.94 269.68 277.25 292.19 259.58 215.35 184.94 148.89 120.83 114.27 103.48 95.78 95.18 93.50 90.97 91.66 89.51 86.64 85.44 84.94 84.16 83.86 81.75 80.63 78.76 77.92 77.76 76.71 78.22 76.89 75.13 74.67 73.10 72.55 73.14 70.15 69.16 69.11 68.04 67.04 65.01 64.14 64.34 61.61 61.91 58.24 58.26 57.78 55.85 53.84 53.48 54.87 55.17 58.91 59.81 59.75 62.77 63.61 64.86 69.70 67.95 64.41 64.39 64.36 67.50 70.36 68.30 69.99 70.03 71.64
238.75 240.89 255.96 282.87 257.59 220.07 194.23 151.19 120.16 111.21 103.92 99.33 95.79 91.96 90.03 90.36 87.32 87.23 85.40 84.64 82.82 82.26 81.28 80.59 78.79 77.72 76.80 77.36 78.04 75.45 75.30 74.71 73.36 73.68 70.49 68.55 68.02 67.89 68.32 67.54 66.27 63.02 60.69 61.99 60.49 58.29 57.46 58.08 57.42 57.06 53.50 53.34 50.36 50.62 55.42 55.28 59.91 65.87 69.99 65.51 62.79 61.13 61.81 63.10 64.94 68.59 67.89 67.78 67.69 68.47
223.58 221.11 209.97 197.80 176.56 147.12 127.53 123.30 117.40 110.20 105.26 101.39 96.36 91.96 87.52 88.58 87.49 86.17 86.12 84.62 82.73 79.95 80.76 80.39 78.62 77.55 76.59 76.43 75.01 73.37 72.43 71.37 71.36 69.72 66.11 64.00 65.05 65.20 67.04 67.30 67.08 64.21 58.66 58.56 58.71 57.53 56.51 56.33 56.89 55.59 52.64 49.26 49.24 50.55 53.75 56.71 57.76 59.58 64.46 62.96 64.73 62.69 59.44 58.56 63.15 65.65 65.05 65.37 64.59 65.33
154.74 155.69 140.27 141.64 132.26 129.86 123.25 119.22 115.32 110.39 106.66 102.92 97.65 93.78 90.24 90.78 89.60 87.41 84.03 80.18 78.66 75.88 74.67 74.05 70.73 69.86 69.79 67.59 66.59 65.11 66.06 65.79 65.04 64.59 62.40 61.29 61.78 62.72 62.75 62.40 60.01 58.70 56.68 55.64 55.96 56.41 55.69 55.15 55.79 53.82 51.00 49.77 51.07 51.17 54.63 56.70 56.35 60.05 62.33 63.35 63.22 59.26 58.60 60.10 62.91 63.98 62.91 62.53 61.54 61.81
131.83 129.09 128.22 130.27 131.22 125.16 121.53 117.83 116.10 112.72 108.84 104.26 99.47 96.88 95.01 94.59 93.24 86.86 81.35 79.12 77.55 72.88 70.91 69.46 66.37 65.52 63.82 61.67 59.51 59.65 59.87 59.85 59.02 62.20 60.53 57.43 56.97 59.80 59.66 59.33 58.03 56.64 55.13 50.63 50.55 53.28 53.70 53.73 53.23 53.33 51.23 50.79 50.30 51.76 56.22 56.91 57.67 59.05 55.68 56.56 54.86 57.45 60.01 59.78 61.83 61.53 61.84 60.07 57.77 59.80
126.51 128.09 124.05 127.49 130.67 123.51 120.55 114.74 113.18 112.93 110.44 106.72 101.31 98.62 97.12 95.76 89.35 84.14 78.52 77.20 73.18 69.33 68.53 66.92 63.50 62.21 62.17 60.07 57.43 57.18 55.51 52.53 52.40 52.75 53.77 53.25 55.01 55.61 57.36 56.92 56.30 55.67 54.47 46.56 46.47 46.30 48.38 51.60 54.01 53.59 52.56 51.26 51.64 53.44 57.80 58.12 56.96 51.23 50.17 54.19 55.10 54.51 55.89 57.28 60.99 59.80 59.78 59.77 58.58 59.95
121.03 124.03 120.67 119.45 120.26 117.95 115.15 114.26 110.07 107.18 105.72 99.92 100.26 99.44 96.16 89.64 85.83 82.27 76.21 72.49 69.91 67.51 64.44 62.53 61.55 61.03 59.32 57.47 54.83 53.39 51.99 50.59 50.51 50.51 49.16 48.03 48.15 49.19 51.83 54.54 54.51 53.69 53.33 44.86 44.99 45.21 45.53 46.42 50.41 49.83 50.98 51.89 52.03 55.52 53.88 51.47 49.51 47.72 51.77 54.75 54.29 53.81 51.44 53.36 56.79 58.01 55.16 54.52 56.06 60.51
