arc/python_arcpy/Precipitation/APHRO_MA_025deg_2001.txt
ncols	360 
nrows	280 
xllcorner	60.125 
yllcorner	-14.875 
cellsize	0.25 
NODATA_value	-99.9 
[rows 93 to 123 of 280, columns 70 to 139 of 360]
1091.86 955.34 477.25 393.98 356.41 332.30 369.96 374.16 315.42 292.56 258.57 201.21 173.39 151.63 156.61 158.40 156.03 153.55 152.31 160.84 164.35 169.31 169.58 157.77 160.18 159.33 160.07 159.38 156.47 157.60 155.75 154.27 156.86 163.03 181.24 187.97 223.54 242.63 279.20 293.89 300.75 324.23 330.92 344.05 356.43 356.59 368.80 373.66 369.50 360.28 365.52 390.38 414.10 440.87 483.75 521.93 551.34 555.08 565.56 588.08 608.36 651.63 673.89 669.35 674.07 675.27 663.93 664.12 645.62 611.78
893.41 723.80 485.63 416.05 385.23 351.68 459.54 479.49 454.06 443.39 398.10 263.75 230.50 180.55 166.09 155.46 147.86 149.36 149.09 160.55 168.95 172.72 170.89 168.94 163.98 157.55 164.61 157.87 157.25 154.72 154.21 154.32 158.45 161.68 181.48 192.52 223.93 224.94 264.51 284.61 300.25 317.34 326.52 327.52 350.61 354.00 356.19 356.09 350.03 329.49 339.01 383.36 411.76 436.32 463.10 520.78 558.51 568.61 576.15 599.29 623.41 660.99 682.03 688.25 699.04 684.74 674.63 671.86 662.13 625.33
792.69 693.13 590.39 504.76 454.31 518.02 578.36 544.49 480.05 499.28 551.73 418.72 323.48 287.73 221.64 151.40 146.46 150.86 152.10 155.93 166.17 169.53 177.40 175.48 161.38 160.77 160.40 155.93 153.68 152.53 153.07 153.40 158.27 164.64 181.24 205.91 228.36 244.22 268.51 282.98 298.78 314.28 328.07 339.33 333.75 345.22 357.98 354.20 359.72 357.21 357.57 383.00 408.87 429.71 457.20 485.23 539.06 573.48 594.72 611.30 631.67 665.40 696.51 708.55 706.81 700.72 685.86 671.64 657.58 640.26
819.49 816.09 855.12 739.54 655.34 670.21 649.97 704.49 595.48 576.61 569.86 457.45 357.38 280.54 174.46 160.78 161.11 162.19 156.97 163.38 161.42 171.16 198.91 186.43 178.88 160.26 155.16 152.73 150.71 151.06 151.10 152.41 158.61 168.70 179.54 214.25 238.64 255.80 267.02 270.48 291.47 315.92 326.82 326.33 329.82 341.93 348.30 361.60 365.34 377.14 384.71 399.75 417.67 438.04 460.38 468.51 527.03 555.43 592.09 614.58 645.60 679.93 730.20 746.10 718.13 713.81 697.09 664.91 649.41 621.55
1046.92 1196.99 1103.15 927.58 743.77 806.18 957.31 969.51 851.02 687.42 600.82 501.67 275.92 210.30 166.68 138.85 166.19 170.87 179.64 193.48 198.30 211.00 232.02 209.78 168.43 157.45 153.20 150.72 150.65 150.69 150.38 153.49 161.10 168.65 179.75 209.44 262.35 252.88 264.22 274.81 285.71 305.57 312.43 315.90 331.84 340.32 338.48 342.68 356.53 365.01 389.15 413.00 423.84 438.75 491.05 496.73 541.51 552.18 590.95 614.34 645.80 680.28 745.23 785.92 716.56 697.89 685.59 677.30 648.88 636.43
1100.85 1431.37 1653.22 935.09 680.88 734.99 1016.78 1107.94 1056.02 765.24 729.44 652.23 405.75 231.02 189.43 123.13 181.21 190.00 200.31 243.61 313.30 404.84 338.71 216.18 170.58 152.93 145.84 147.29 144.01 146.16 151.44 156.93 161.91 168.88 187.71 215.77 267.89 288.02 271.58 271.19 277.32 290.93 312.14 319.32 330.65 332.17 342.24 343.56 359.27 368.27 382.70 383.10 408.39 468.89 512.02 491.41 533.44 550.50 585.94 606.92 629.85 655.92 686.85 709.96 705.58 692.16 704.96 697.09 699.33 681.39
823.96 954.62 1120.23 1028.29 794.23 784.12 1007.23 1057.06 1058.36 1160.79 1270.58 1278.75 1033.34 533.32 237.70 251.58 311.99 313.64 342.59 453.46 517.43 554.23 364.22 213.98 169.76 149.11 147.88 145.79 145.07 146.61 149.42 160.57 159.09 179.65 196.80 221.65 259.36 278.49 277.91 284.42 290.53 290.63 309.91 319.57 338.22 346.37 356.77 344.94 358.89 368.87 363.49 393.11 422.82 417.52 450.29 491.68 530.67 559.71 568.94 577.63 600.09 628.38 653.15 653.72 663.93 666.13 665.74 657.87 658.29 696.10
673.32 666.50 672.71 957.39 1024.65 1009.65 1059.78 950.13 1012.77 1271.63 1637.02 1697.64 1590.49 1180.85 587.29 490.75 479.44 564.49 699.46 674.77 607.43 572.97 357.74 197.71 164.50 148.47 152.31 155.93 149.02 155.46 164.04 166.14 181.13 198.99 209.03 241.56 247.04 260.81 267.97 288.35 309.50 307.16 312.39 324.11 337.59 372.20 406.07 378.31 363.78 358.65 370.99 409.15 411.46 422.76 468.09 512.69 565.90 581.62 541.06 551.95 568.69 592.62 603.11 633.62 654.03 665.01 650.90 628.75 628.38 645.66
574.59 588.30 603.27 740.92 935.64 1044.83 1152.97 1158.18 945.49 1072.57 1338.39 1424.00 1552.17 1677.33 1398.36 1107.88 747.76 642.14 770.53 786.24 750.88 591.06 298.42 178.51 153.68 145.73 154.07 160.37 158.88 169.27 184.11 198.99 229.69 237.59 239.68 266.12 250.78 249.43 257.87 265.25 308.92 302.11 331.24 342.69 356.28 379.06 461.78 392.19 384.06 368.18 354.69 365.51 378.23 416.51 439.84 456.85 456.69 471.76 495.30 509.06 529.23 547.00 557.18 569.32 563.28 590.25 626.68 666.02 624.56 629.56
574.82 623.24 623.17 666.90 725.68 872.32 1030.55 1376.65 1241.18 1024.90 1099.22 1201.09 1231.59 1475.24 1643.95 1398.67 739.15 554.70 739.55 862.54 748.97 678.83 323.51 215.12 156.16 143.75 150.27 161.08 171.36 187.52 204.07 277.47 339.00 319.88 269.60 258.05 246.33 254.82 273.24 286.77 314.81 346.71 369.46 373.10 397.99 420.53 438.37 419.17 385.65 348.79 350.97 350.04 394.03 409.62 406.71 426.18 420.15 424.88 437.79 465.57 494.36 512.27 503.40 518.41 543.26 551.49 590.88 663.08 654.84 649.98
605.03 635.05 637.66 645.64 665.14 753.18 810.80 1018.82 1196.49 1195.85 1277.47 1318.96 1272.74 1167.32 1268.33 1129.75 880.41 704.00 1013.58 1207.71 956.56 866.10 450.62 274.40 164.60 143.63 151.19 167.28 187.95 229.15 314.37 457.92 460.83 386.75 293.99 263.14 248.57 261.25 251.97 265.32 309.20 346.14 363.94 383.52 399.91 410.34 396.09 375.39 348.47 347.79 343.65 364.88 371.61 359.75 374.75 391.78 389.03 393.31 408.29 444.38 513.37 497.85 506.19 519.75 548.74 589.66 616.87 672.02 722.82 1129.86
598.55 608.46 590.36 585.79 618.53 660.14 730.39 770.34 859.82 992.95 1118.02 1313.62 1526.68 1471.78 1300.22 1072.57 1190.39 1126.70 1423.81 1744.08 1258.38 985.04 857.18 616.39 273.34 195.04 205.96 220.46 323.06 429.82 587.68 624.54 516.01 424.44 319.45 303.46 249.30 246.07 243.93 239.22 268.30 328.88 341.90 353.31 362.50 362.06 365.36 358.85 347.96 341.45 348.47 364.92 357.21 347.26 345.86 358.41 364.37 365.33 376.61 388.77 413.30 443.11 446.29 465.46 471.91 523.70 701.86 783.28 1273.00 1797.70
574.38 545.58 564.29 533.67 529.69 595.72 677.51 715.50 758.75 873.45 957.10 1202.83 1338.33 1434.84 1543.87 1515.77 1506.73 1303.89 1407.45 1595.68 1595.34 1414.83 1460.79 1449.89 966.35 592.89 499.16 556.60 673.41 775.67 707.69 681.93 560.28 434.65 362.81 320.39 298.28 277.65 299.72 343.64 367.79 390.18 390.43 362.52 371.11 360.76 373.33 361.13 352.17 347.74 348.47 341.07 317.06 317.09 317.89 334.37 341.86 343.19 348.89 364.77 380.27 404.65 437.94 483.46 559.32 628.72 885.65 1089.06 1502.32 1658.02
524.96 539.93 581.77 567.04 552.98 621.31 658.52 692.26 792.40 912.19 871.90 964.78 1048.62 1097.78 1146.77 1390.01 1671.52 1369.62 1002.82 1161.73 1548.18 1667.75 2175.68 1738.88 2334.15 3337.18 2076.10 1811.49 1037.66 1377.69 795.15 641.80 492.93 446.83 405.81 350.36 347.71 355.17 367.08 407.04 393.04 448.91 422.67 417.77 389.08 382.29 385.35 378.45 368.70 365.73 368.52 351.51 336.33 312.11 311.57 320.72 323.14 327.95 339.51 346.98 362.09 403.30 513.03 728.63 909.90 1122.48 1226.72 1065.58 1859.73 2012.89
480.99 531.11 568.55 578.75 575.69 609.92 643.09 671.84 743.78 832.18 853.66 882.05 908.54 924.53 1021.25 1161.02 1206.86 1168.37 1229.93 1294.72 1351.80 1434.72 1697.59 1902.05 2373.21 3053.76 3115.17 2506.52 2240.36 2036.59 1633.77 1210.21 1282.63 764.74 512.42 491.75 426.91 459.82 522.15 698.31 553.86 602.46 594.66 518.45 483.16 447.62 408.72 403.09 385.94 410.73 426.46 364.52 353.16 299.85 349.23 291.96 305.43 324.82 321.42 340.91 353.63 426.96 797.99 1203.99 1364.68 1318.48 1759.34 1593.79 2111.09 2203.63
500.24 516.78 536.72 554.92 557.78 569.61 606.50 653.27 679.74 694.02 742.36 802.02 866.35 925.24 998.12 1069.88 1093.44 1144.86 1261.31 1365.39 1414.59 1390.12 1492.58 1489.92 1754.00 2203.75 2149.14 1900.29 1831.13 1932.36 1992.32 2123.97 2341.24 2183.25 1413.70 851.42 788.57 727.92 840.10 1846.24 992.69 853.98 715.52 568.53 609.12 512.52 468.55 428.93 457.82 482.25 569.11 414.64 389.95 339.89 566.23 388.17 361.78 356.29 338.48 351.16 419.04 666.90 1020.07 1262.03 1460.33 1551.02 1650.62 1967.99 1927.10 2085.00
488.20 519.65 534.93 544.82 531.42 537.69 561.77 599.72 630.81 656.09 681.31 755.31 819.87 894.27 968.57 997.85 1073.38 1081.93 1197.07 1288.83 1400.59 1535.08 1584.44 1851.05 2115.20 2394.21 2556.72 2201.26 2018.59 1852.49 1577.53 1469.19 1198.84 1334.66 1633.85 1527.87 1591.21 1523.03 2237.26 3056.27 1443.90 1511.91 835.65 1294.59 1243.58 629.34 521.88 593.90 575.39 1130.49 918.87 867.04 624.48 483.26 816.39 649.11 646.79 505.97 432.13 507.76 810.85 1048.47 1094.98 989.84 1325.43 1363.48 1686.68 2000.53 1918.93 1863.75
453.14 521.15 569.43 571.03 567.62 546.40 538.97 563.13 588.93 619.59 695.21 734.75 821.78 862.35 920.50 949.90 999.88 1045.10 1107.45 1143.58 1226.73 1281.47 1381.81 1581.84 1749.51 2032.24 2078.70 1912.05 1789.04 2002.14 2198.24 2145.85 1599.33 1229.39 1221.69 1460.99 1735.16 2040.17 2151.30 2020.16 1922.76 1984.58 1502.44 2100.88 2164.63 943.38 851.09 1021.23 843.59 1169.75 1331.97 1077.08 845.17 565.78 630.88 565.32 805.82 526.98 629.66 883.54 1019.36 1208.28 1156.18 927.46 1328.46 1641.10 2075.74 2117.15 1904.17 1781.08
529.46 523.26 568.73 611.85 586.59 570.81 549.40 557.19 585.08 577.80 642.36 732.96 815.00 833.37 844.49 893.05 950.93 1020.02 1009.33 1041.06 1152.65 1185.99 1361.99 1473.93 1432.39 1642.21 1738.51 1643.88 1399.69 1608.22 1762.68 1741.67 1837.45 1670.94 1511.23 1301.68 1276.48 1307.49 1182.66 1207.63 1171.32 1485.75 1781.11 2515.51 2876.39 3300.25 2394.56 1810.71 1277.67 1546.78 1817.71 1446.25 1479.32 1027.19 1063.00 1335.05 1035.00 956.50 1096.24 1046.22 1356.44 1514.96 1413.43 1419.52 1681.10 1937.58 2074.45 1979.85 1783.06 1667.48
555.05 586.96 577.85 615.06 644.88 649.69 622.97 588.10 598.03 592.80 640.75 707.35 730.08 785.24 759.39 817.36 881.41 993.76 1015.77 1046.17 1141.96 1137.58 1225.73 1368.92 1361.06 1506.86 1473.11 1302.05 1324.40 1384.82 1391.22 1415.71 1214.21 1282.33 1505.79 1397.34 1336.23 1384.54 1637.10 1320.81 1256.59 1578.31 2243.16 2943.20 3431.41 3797.53 3464.74 3365.76 2598.66 2244.39 2199.95 2846.14 2237.86 1993.98 2164.66 2257.38 1966.61 1857.97 1877.85 1686.26 1581.53 1593.85 1717.85 1770.75 1694.29 1690.24 1714.96 1700.63 1642.41 1658.33
606.39 643.46 633.81 632.06 678.61 693.18 657.04 625.29 595.84 594.35 618.21 632.94 645.39 705.82 741.77 808.56 851.05 926.31 975.83 1013.96 1049.64 1073.06 1134.15 1255.27 1290.61 1337.44 1194.85 1120.27 1218.07 1257.77 1221.16 1199.71 1055.26 1118.41 1203.90 1292.08 1452.28 1729.91 2101.26 2136.29 2232.59 2235.33 2277.23 2687.62 3289.20 3078.17 2863.81 2971.32 3123.43 2499.46 2415.01 2121.14 2241.93 2221.17 2151.00 2080.74 1902.54 1617.09 1412.53 1431.50 1344.07 1345.18 1525.13 1550.39 1453.40 1396.64 1410.25 1474.13 1533.67 1627.85
617.62 644.28 678.46 679.50 693.51 671.65 653.70 656.34 615.40 597.63 604.08 625.45 666.96 700.75 742.74 776.79 808.73 828.04 897.82 949.33 954.72 1039.23 1098.90 1142.46 1182.77 1141.16 1041.56 1047.52 1131.30 1126.54 1056.37 1150.82 1121.40 1004.73 1012.35 1111.75 1290.27 1471.15 1739.08 1863.82 2044.41 2078.92 2048.85 2265.64 2725.50 2694.81 2446.21 2527.43 2506.38 2047.60 1982.86 1792.80 1956.12 1917.93 1667.52 1721.68 1589.81 1387.95 1186.96 1220.82 1230.21 1250.32 1354.20 1362.25 1312.07 1277.54 1296.45 1400.89 1500.25 1531.46
644.05 691.63 756.47 799.81 762.49 710.54 701.55 716.59 711.32 683.77 686.95 750.65 779.88 722.89 730.91 759.06 800.25 845.82 882.41 925.36 935.46 1049.52 1045.12 1144.63 1162.83 954.20 953.68 1058.72 1093.77 1074.96 895.64 927.58 1077.47 1033.31 960.61 1061.82 1182.03 1281.33 1476.70 1572.33 1800.81 1991.36 1989.48 2096.78 2248.85 2339.50 2349.34 2431.51 2293.30 1936.72 1746.69 1651.45 1963.67 1787.39 1537.88 1691.57 1648.37 1454.56 1286.07 1227.83 1208.79 1157.40 1152.97 1203.43 1237.54 1175.27 1253.32 1378.19 1403.00 1518.16
664.70 699.17 770.96 868.79 815.39 787.69 790.13 804.12 739.70 692.50 728.38 735.35 769.60 738.44 759.00 776.87 820.03 883.02 896.78 887.46 871.88 943.91 991.64 1109.98 1096.81 919.83 900.20 987.25 986.46 984.82 970.90 981.37 1026.66 1058.51 973.40 1012.98 1182.29 1230.02 1361.78 1510.70 1611.54 1712.77 1780.88 1871.65 1907.78 2042.72 2131.06 2178.00 2104.97 1935.21 1835.91 1891.42 2100.83 2154.03 2197.25 2312.37 2517.51 2150.38 1842.84 1566.49 1303.49 1113.77 1021.50 1021.63 1052.83 1133.39 1271.96 1327.50 1371.84 1488.20
680.88 693.35 733.64 814.37 857.45 836.15 820.34 852.32 766.93 679.34 665.14 689.69 749.66 752.23 769.45 781.57 822.09 876.29 893.71 885.76 884.50 910.86 937.16 963.43 963.82 895.67 890.65 901.16 887.93 881.35 990.20 928.39 942.51 1045.09 1057.14 1089.66 1229.27 1250.64 1311.70 1375.28 1384.38 1444.33 1523.91 1622.06 1752.91 1828.73 1888.40 1894.95 1890.52 1885.06 2169.94 2541.19 2441.86 3553.67 5300.69 5295.70 4119.03 2711.87 2529.82 1997.88 1578.17 1265.29 1094.44 1029.84 1074.12 1206.39 1325.27 1329.51 1372.11 1534.25
703.60 699.31 718.73 813.84 894.79 767.42 756.69 818.03 812.63 779.48 795.82 836.83 791.83 808.36 828.71 834.64 861.86 886.21 886.02 895.81 890.49 889.87 894.32 892.74 891.74 874.86 849.19 879.01 887.20 876.02 883.99 887.74 905.59 958.42 939.92 1071.16 1246.93 1303.13 1288.40 1303.12 1263.76 1307.77 1383.68 1415.69 1506.88 1603.27 1633.20 1672.82 1722.86 1804.82 1983.02 2285.94 2697.28 3568.80 5123.51 6680.16 6248.57 4166.78 3404.84 2520.44 2014.54 1673.52 1253.20 1337.68 1386.38 1327.44 1251.53 1269.19 1355.69 1510.97
713.61 734.33 766.01 787.76 779.41 796.39 844.16 909.90 900.36 881.49 945.02 950.09 851.78 895.17 895.88 922.47 919.44 843.47 853.64 884.93 908.00 913.63 874.03 873.33 897.44 870.40 852.81 857.47 848.27 840.89 875.63 844.22 894.96 965.81 935.84 1070.20 1193.63 1224.99 1194.87 1227.57 1253.44 1264.80 1338.82 1338.22 1387.05 1443.68 1452.05 1490.57 1543.58 1635.86 1698.78 1755.65 2305.29 2840.19 3202.30 3646.89 4031.65 3641.53 3323.41 2880.44 2477.09 2176.91 1841.26 1732.08 1583.15 1402.29 1248.39 1236.63 1358.45 1594.02
725.12 752.80 801.57 860.87 833.53 839.81 873.66 939.56 972.93 947.85 1077.25 1097.81 968.82 963.69 967.32 996.59 988.06 904.66 860.60 872.70 940.74 952.67 905.30 845.22 888.43 919.88 925.01 889.36 838.59 860.99 886.03 858.61 854.75 845.22 953.05 1051.97 1013.82 1030.13 1069.68 1196.51 1280.86 1252.71 1227.75 1224.42 1258.96 1281.29 1289.00 1280.22 1363.97 1435.98 1540.88 1679.05 2086.87 2556.05 2883.77 3202.62 3316.29 3124.92 3021.95 2774.96 2511.88 2418.53 2145.42 1721.23 1544.62 1359.34 1262.44 1279.99 1446.13 1793.65
705.30 741.31 809.80 895.17 882.99 848.88 865.73 945.54 991.63 1014.67 1096.11 1102.00 1044.05 1077.26 1083.51 1111.89 1096.48 1043.89 944.60 907.15 967.35 982.39 958.90 922.92 941.91 929.71 959.86 955.94 875.08 864.25 895.94 915.11 882.80 855.53 978.50 1084.72 1042.07 1034.79 1108.16 1327.81 1345.43 1204.05 1154.64 1154.72 1179.61 1193.61 1203.75 1207.26 1242.13 1343.81 1467.42 1654.17 1781.77 1982.64 2188.52 2484.63 2540.00 2576.20 2550.97 2421.27 2328.88 2246.02 1937.52 1498.27 1402.90 1280.26 1466.17 1602.32 1862.22 1982.95
719.63 731.39 777.10 868.18 915.97 908.88 932.66 1043.53 1054.42 1032.52 1093.31 1073.07 1065.75 1085.89 1149.19 1186.31 1172.99 1177.93 1007.35 971.17 985.92 997.05 987.78 953.34 928.94 923.74 964.95 980.11 939.96 945.61 934.68 932.88 918.10 931.55 1052.16 1120.58 1123.81 1134.32 1170.29 1371.80 1374.36 1195.79 1115.67 1133.65 1173.83 1170.73 1176.09 1184.14 1239.58 1366.28 1470.25 1578.58 1743.36 1831.72 1962.36 2112.78 2258.82 2275.67 2317.62 2203.22 2075.93 1904.66 1508.08 1297.71 1296.44 1529.96 1813.82 2023.13 1953.60 1966.69
739.88 792.17 850.22 878.97 902.22 927.12 981.46 1087.88 1061.39 1045.09 1059.41 1050.24 1082.92 1115.00 1133.17 1153.67 1155.97 1127.82 1085.19 1047.68 1035.91 1041.50 1039.25 1015.75 1005.06 988.07 951.78 951.19 1006.82 1038.72 1013.96 1022.44 1009.88 1002.41 1070.11 1092.07 1138.77 1161.53 1186.30 1213.72 1213.54 1188.02 1156.46 1134.37 1138.07 1163.14 1193.78 1184.40 1262.94 1403.48 1462.00 1568.72 1676.96 1788.55 1829.89 1989.84 2057.32 2063.77 2125.26 2138.47 1912.96 1618.01 1233.13 1136.87 1243.22 1443.70 1880.23 2044.05 1903.46 1875.46
