arc/python_arcpy/Precipitation/APHRO_MA_025deg_1991.txt
ncols	360 
nrows	280 
xllcorner	60.125 
yllcorner	-14.875 
cellsize	0.25 
NODATA_value	-99.9 
[rows 93 to 123 of 280, columns 210 to 279 of 360]
872.64 928.94 963.18 1011.24 1013.14 1045.23 1150.89 1253.61 1320.16 1371.51 1439.22 1477.81 1553.52 1563.40 1564.89 1561.07 1483.01 1398.94 1242.87 1252.11 1423.80 1607.04 1602.95 1544.65 1534.53 1495.40 1484.01 1473.85 1499.64 1545.45 1508.50 1444.28 1422.92 1420.78 1391.64 1374.27 1317.96 1253.03 -99.90 -99.90 -99.90 -99.90 -99.90 -99.90 -99.90 -99.90 -99.90 -99.90 -99.90 -99.90 -99.90 -99.90 -99.90 -99.90 -99.90 -99.90 -99.90 -99.90 -99.90 -99.90 -99.90 -99.90 -99.90 -99.90 -99.90 -99.90 -99.90 -99.90 1950.21 1904.66
909.72 975.10 1018.46 1054.19 1071.61 1108.88 1179.81 1256.82 1341.16 1410.98 1510.13 1615.25 1642.54 1696.53 1731.26 1724.29 1630.74 1557.42 1456.73 1421.87 1474.00 1572.40 1573.17 1581.80 1545.34 1481.54 1397.00 1345.50 1440.67 1428.03 1371.82 1358.28 1352.26 1353.69 1316.85 1296.37 1252.33 1209.96 -99.90 -99.90 -99.90 -99.90 -99.90 -99.90 -99.90 -99.90 -99.90 -99.90 -99.90 -99.90 -99.90 -99.90 -99.90 -99.90 -99.90 -99.90 -99.90 -99.90 -99.90 -99.90 -99.90 -99.90 -99.90 -99.90 -99.90 -99.90 -99.90 -99.90 -99.90 -99.90
949.90 1010.72 1053.21 1076.15 1130.96 1174.33 1239.73 1297.11 1361.82 1468.99 1619.18 1680.60 1775.29 1807.37 1873.35 1896.42 1852.11 1860.82 1704.28 1601.94 1560.69 1559.59 1573.22 1581.97 1550.67 1473.81 1372.20 1264.58 1370.17 1364.59 1325.57 1282.63 1251.27 1266.77 1187.38 1173.38 1165.04 1168.08 -99.90 -99.90 -99.90 -99.90 -99.90 -99.90 -99.90 -99.90 -99.90 -99.90 -99.90 -99.90 -99.90 -99.90 -99.90 -99.90 -99.90 -99.90 -99.90 -99.90 -99.90 -99.90 -99.90 -99.90 -99.90 -99.90 -99.90 -99.90 -99.90 -99.90 -99.90 -99.90
969.87 1023.94 1087.34 1138.78 1203.26 1268.95 1334.24 1368.07 1403.82 1485.79 1614.60 1701.04 1812.65 1824.75 1869.84 1900.12 1809.26 1770.85 1744.60 1698.79 1676.13 1710.34 1699.19 1599.75 1579.08 1525.29 1444.93 1396.51 1385.05 1373.11 1322.32 1224.58 1185.10 1189.48 1166.72 1144.76 1140.85 1147.41 -99.90 -99.90 -99.90 -99.90 -99.90 -99.90 -99.90 -99.90 -99.90 -99.90 -99.90 -99.90 -99.90 -99.90 -99.90 -99.90 -99.90 -99.90 -99.90 -99.90 -99.90 -99.90 -99.90 -99.90 -99.90 -99.90 -99.90 -99.90 -99.90 -99.90 -99.90 2398.69
1033.12 1067.60 1174.47 1235.47 1291.32 1374.36 1516.59 1470.83 1454.86 1503.56 1581.56 1663.72 1798.36 1763.11 1776.40 1720.54 1629.12 1659.90 1769.31 1713.69 1760.29 1830.99 1825.51 1755.10 1701.57 1593.30 1506.03 1489.61 1444.88 1413.34 1359.28 1249.06 1172.24 1169.17 1190.13 1187.09 -99.90 -99.90 1161.48 1184.80 1175.46 1132.93 -99.90 -99.90 -99.90 -99.90 -99.90 -99.90 -99.90 -99.90 -99.90 -99.90 -99.90 -99.90 -99.90 -99.90 -99.90 -99.90 -99.90 -99.90 -99.90 -99.90 -99.90 -99.90 -99.90 -99.90 -99.90 -99.90 -99.90 -99.90
1104.85 1138.18 1205.69 1283.28 1343.06 1421.72 1491.03 1511.71 1516.09 1531.67 1574.04 1613.47 1649.16 1699.74 1677.69 1571.35 1495.00 1539.61 1640.48 1769.50 1887.26 1943.36 1938.00 1880.03 1793.15 1703.57 1636.13 1629.88 1503.82 1375.19 1350.29 1241.51 1180.97 1154.30 1143.65 1152.25 -99.90 -99.90 1151.06 1140.77 -99.90 -99.90 -99.90 -99.90 -99.90 -99.90 -99.90 -99.90 -99.90 -99.90 -99.90 -99.90 -99.90 -99.90 -99.90 -99.90 -99.90 -99.90 -99.90 -99.90 -99.90 -99.90 -99.90 -99.90 -99.90 -99.90 -99.90 -99.90 -99.90 -99.90
1132.45 1190.81 1250.62 1305.71 1371.93 1452.11 1487.07 1523.65 1534.59 1544.94 1565.60 1574.78 1576.26 1579.17 1513.72 1496.09 1481.68 1532.41 1615.87 1779.12 1872.73 1966.30 2145.31 1921.99 1753.11 1761.52 1613.14 1502.82 1418.59 1369.87 1330.04 1240.77 1178.88 1133.48 1113.79 1134.34 1148.64 1150.72 1146.27 1131.85 -99.90 -99.90 -99.90 -99.90 -99.90 -99.90 -99.90 -99.90 -99.90 -99.90 -99.90 -99.90 -99.90 -99.90 -99.90 -99.90 -99.90 -99.90 -99.90 -99.90 -99.90 -99.90 -99.90 -99.90 -99.90 -99.90 -99.90 -99.90 -99.90 -99.90
1155.91 1202.06 1283.49 1321.95 1390.45 1486.95 1499.46 1521.23 1593.58 1588.89 1548.27 1524.12 1473.06 1444.95 1438.76 1468.47 1524.59 1583.45 1675.16 1714.11 1743.97 1776.94 1844.14 1753.89 1667.47 1647.78 1544.57 1437.02 1360.86 1319.71 1280.24 1204.02 1156.31 1097.01 1143.03 1138.86 1155.21 1155.60 1134.37 1101.75 -99.90 -99.90 -99.90 -99.90 -99.90 -99.90 -99.90 -99.90 -99.90 -99.90 -99.90 -99.90 -99.90 -99.90 -99.90 -99.90 -99.90 -99.90 -99.90 -99.90 -99.90 -99.90 -99.90 -99.90 -99.90 -99.90 -99.90 -99.90 -99.90 2689.44
1184.72 1219.20 1285.37 1350.81 1424.34 1520.38 1538.07 1560.38 1574.41 1565.88 1509.79 1469.76 1456.36 1540.21 1516.10 1476.02 1493.00 1524.35 1592.51 1629.94 1706.96 1736.37 1731.22 1704.47 1634.41 1528.77 1455.96 1414.67 1329.83 1279.22 1198.73 1184.76 1139.16 1051.82 1140.25 1113.68 1114.16 1097.50 1086.75 1093.76 -99.90 -99.90 -99.90 -99.90 -99.90 -99.90 -99.90 -99.90 -99.90 -99.90 -99.90 -99.90 -99.90 -99.90 -99.90 -99.90 -99.90 -99.90 -99.90 -99.90 -99.90 -99.90 -99.90 -99.90 -99.90 -99.90 -99.90 -99.90 2813.69 -99.90
1199.38 1231.84 1272.68 1342.30 1440.25 1483.50 1534.32 1598.91 1600.23 1541.29 1392.11 1360.32 1370.55 1439.69 1489.49 1447.06 1446.31 1483.76 1518.44 1584.28 1619.34 1623.40 1670.69 1640.64 1561.46 1506.11 1416.82 1341.75 1280.16 1215.84 1181.37 1166.65 1148.94 1119.48 1161.25 1134.61 1105.64 1063.31 -99.90 -99.90 -99.90 -99.90 -99.90 -99.90 -99.90 -99.90 -99.90 -99.90 -99.90 -99.90 -99.90 -99.90 -99.90 -99.90 -99.90 -99.90 -99.90 -99.90 -99.90 -99.90 -99.90 -99.90 -99.90 -99.90 -99.90 -99.90 -99.90 -99.90 -99.90 -99.90
1226.14 1244.65 1279.04 1339.57 1415.05 1471.72 1501.23 1524.39 1522.10 1474.71 1460.61 1373.10 1233.41 1195.23 1253.97 1352.08 1412.92 1460.25 1512.07 1546.09 1556.43 1572.81 1589.73 1519.69 1492.00 1412.26 1329.08 1263.69 1245.59 1189.97 1169.27 1171.01 1213.21 1150.58 1164.01 1145.48 1110.24 1052.31 1035.52 -99.90 -99.90 -99.90 -99.90 -99.90 -99.90 -99.90 -99.90 -99.90 -99.90 -99.90 -99.90 -99.90 -99.90 -99.90 -99.90 -99.90 -99.90 -99.90 -99.90 -99.90 -99.90 -99.90 -99.90 -99.90 -99.90 -99.90 -99.90 -99.90 -99.90 -99.90
1258.55 1264.31 1294.29 1350.49 1419.05 1441.67 1467.31 1485.31 1525.14 1583.01 1440.70 1216.69 1093.87 1041.85 1174.74 1302.01 1383.24 1442.70 1492.25 1512.81 1507.77 1538.61 1534.02 1448.07 1388.07 1313.00 1278.63 1245.30 1194.89 1153.91 1146.04 1235.56 1243.61 1231.28 1170.83 1171.73 1151.28 -99.90 -99.90 -99.90 -99.90 -99.90 -99.90 -99.90 -99.90 -99.90 -99.90 -99.90 -99.90 -99.90 -99.90 -99.90 -99.90 -99.90 -99.90 -99.90 -99.90 -99.90 -99.90 -99.90 -99.90 -99.90 -99.90 -99.90 -99.90 -99.90 -99.90 -99.90 -99.90 -99.90
1282.10 1295.69 1323.99 1360.77 1390.54 1424.60 1457.04 1475.05 1502.90 1456.06 1310.60 1173.64 1102.63 1128.49 1266.72 1325.66 1383.78 1450.57 1464.12 1452.87 1468.08 1473.48 1460.51 1419.12 1384.48 1325.45 1271.83 1200.77 1173.91 1170.01 1134.52 1178.03 1215.56 1245.58 1196.68 1163.70 1140.28 1097.10 -99.90 -99.90 -99.90 -99.90 -99.90 -99.90 -99.90 -99.90 -99.90 -99.90 -99.90 -99.90 -99.90 -99.90 -99.90 -99.90 -99.90 -99.90 -99.90 -99.90 -99.90 -99.90 -99.90 -99.90 -99.90 -99.90 -99.90 -99.90 -99.90 -99.90 -99.90 -99.90
1306.32 1316.79 1318.21 1339.42 1400.73 1398.09 1422.43 1445.14 1420.40 1367.49 1282.37 1222.27 1206.05 1279.33 1336.20 1354.28 1376.23 1382.68 1448.44 1422.96 1370.40 1345.60 1344.23 1329.63 1363.70 1304.94 1249.21 1174.69 1123.09 1103.47 1118.92 1175.07 1167.48 1187.60 1167.41 1130.06 1104.86 1068.59 -99.90 -99.90 -99.90 -99.90 -99.90 -99.90 -99.90 -99.90 -99.90 -99.90 -99.90 -99.90 -99.90 -99.90 -99.90 -99.90 -99.90 -99.90 -99.90 -99.90 -99.90 -99.90 -99.90 -99.90 -99.90 -99.90 -99.90 -99.90 1871.17 2245.44 1922.82 1677.52
1323.06 1357.75 1338.34 1349.31 1368.72 1382.15 1379.08 1380.49 1349.86 1354.18 1293.99 1267.06 1279.43 1284.57 1320.31 1328.17 1357.35 1320.28 1384.14 1409.07 1357.57 1272.26 1344.30 1308.18 1283.09 1241.21 1139.87 1153.23 1140.77 1094.89 1098.85 1104.39 1172.37 1121.47 1060.02 1080.58 -99.90 -99.90 -99.90 -99.90 -99.90 -99.90 -99.90 -99.90 -99.90 -99.90 -99.90 -99.90 -99.90 -99.90 -99.90 -99.90 -99.90 -99.90 -99.90 -99.90 -99.90 -99.90 -99.90 -99.90 -99.90 -99.90 -99.90 -99.90 -99.90 -99.90 1737.44 1999.15 -99.90 -99.90
1369.13 1412.52 1404.21 1396.63 1383.57 1366.75 1350.15 1329.81 1330.11 1328.68 1292.08 1285.61 1335.93 1318.12 1321.67 1331.06 1327.55 1333.15 1385.73 1387.69 1443.98 1418.42 1309.72 1229.97 1223.95 1224.44 1200.48 1195.19 1186.89 1088.80 1077.07 1053.70 947.81 970.64 1024.24 -99.90 -99.90 -99.90 -99.90 -99.90 -99.90 -99.90 -99.90 -99.90 -99.90 -99.90 -99.90 -99.90 -99.90 -99.90 -99.90 -99.90 -99.90 -99.90 -99.90 -99.90 -99.90 -99.90 -99.90 -99.90 -99.90 -99.90 -99.90 -99.90 -99.90 1194.71 1609.72 -99.90 -99.90 -99.90
1440.02 1477.95 1455.25 1436.33 1393.63 1359.85 1366.93 1348.50 1335.91 1307.58 1293.69 1290.31 1294.70 1307.62 1330.90 1318.78 1281.55 1312.16 1372.39 1326.20 1365.70 1297.91 1237.54 1222.02 1222.09 1223.16 1227.52 1238.40 1199.42 1088.74 1092.35 1024.75 948.11 -99.90 -99.90 -99.90 -99.90 -99.90 -99.90 -99.90 -99.90 -99.90 -99.90 -99.90 -99.90 -99.90 -99.90 -99.90 -99.90 -99.90 -99.90 -99.90 -99.90 -99.90 -99.90 -99.90 -99.90 -99.90 -99.90 -99.90 -99.90 -99.90 -99.90 -99.90 -99.90 1376.14 1529.73 -99.90 -99.90 -99.90
1540.71 1542.10 1479.21 1445.11 1431.68 1416.12 1378.96 1316.13 1292.32 1289.46 1290.21 1279.54 1272.22 1293.96 1323.91 1320.20 1265.71 1259.23 1292.19 1283.24 1272.27 1244.34 1194.98 1219.28 1217.87 1205.03 1244.93 1240.94 1235.18 1171.02 1160.49 1055.60 957.65 -99.90 923.62 -99.90 -99.90 -99.90 -99.90 -99.90 -99.90 -99.90 -99.90 -99.90 -99.90 -99.90 -99.90 -99.90 -99.90 -99.90 -99.90 -99.90 -99.90 -99.90 -99.90 -99.90 -99.90 -99.90 -99.90 -99.90 -99.90 -99.90 -99.90 -99.90 1358.52 -99.90 -99.90 -99.90 -99.90 -99.90
1502.90 1502.80 1463.43 1414.38 1439.10 1373.67 1327.98 1279.49 1257.37 1268.10 1275.46 1264.13 1276.82 1321.59 1324.07 1299.82 1258.20 1275.43 1314.57 1290.60 1244.23 1257.54 1241.49 1267.42 1204.18 1261.19 1292.07 1266.70 1190.53 1196.04 1141.08 1022.82 949.86 -99.90 -99.90 -99.90 -99.90 -99.90 -99.90 -99.90 -99.90 -99.90 -99.90 -99.90 -99.90 -99.90 -99.90 -99.90 -99.90 -99.90 -99.90 -99.90 -99.90 -99.90 -99.90 -99.90 -99.90 -99.90 -99.90 -99.90 -99.90 1561.65 -99.90 1514.38 -99.90 -99.90 -99.90 -99.90 -99.90 -99.90
1321.46 1371.16 1390.22 1371.85 1355.23 1343.34 1290.85 1275.31 1216.57 1191.57 1198.83 1227.91 1267.68 1301.31 1284.75 1305.21 1289.05 1280.26 1289.17 1275.39 1232.24 1212.13 1241.30 1234.10 1272.49 1295.57 1296.21 1265.18 1213.74 1203.85 1092.97 1032.19 -99.90 -99.90 -99.90 -99.90 -99.90 -99.90 -99.90 -99.90 -99.90 -99.90 -99.90 -99.90 -99.90 -99.90 -99.90 -99.90 -99.90 -99.90 -99.90 -99.90 -99.90 -99.90 -99.90 -99.90 -99.90 -99.90 -99.90 -99.90 -99.90 1532.22 1705.64 1742.73 -99.90 -99.90 -99.90 -99.90 -99.90 -99.90
1289.62 1306.41 1321.95 1314.79 1313.05 1327.72 1338.49 1236.00 1176.37 1153.46 1188.97 1242.17 1250.77 1250.02 1253.25 1261.37 1273.44 1268.83 1241.22 1229.62 1210.06 1176.19 1194.65 1188.93 1207.30 1236.54 1245.26 1275.10 1239.36 1164.11 1102.67 -99.90 -99.90 -99.90 -99.90 -99.90 -99.90 -99.90 -99.90 -99.90 -99.90 -99.90 -99.90 -99.90 -99.90 -99.90 -99.90 -99.90 -99.90 -99.90 -99.90 -99.90 -99.90 -99.90 -99.90 -99.90 -99.90 -99.90 1598.75 -99.90 -99.90 1617.25 1762.80 1779.05 -99.90 -99.90 -99.90 -99.90 -99.90 -99.90
1261.61 1262.75 1261.07 1255.78 1297.53 1335.80 1310.41 1210.25 1167.75 1127.84 1140.19 1126.80 1167.10 1170.40 1196.69 1206.41 1217.11 1214.01 1207.36 1189.26 1175.81 1154.04 1178.12 1132.78 1114.76 1179.59 1213.05 1181.25 1151.06 1083.98 -99.90 -99.90 -99.90 -99.90 -99.90 -99.90 -99.90 -99.90 -99.90 -99.90 -99.90 -99.90 -99.90 -99.90 -99.90 -99.90 -99.90 -99.90 -99.90 -99.90 -99.90 -99.90 -99.90 -99.90 -99.90 -99.90 1643.33 1705.60 -99.90 -99.90 1503.05 1488.13 -99.90 -99.90 -99.90 -99.90 -99.90 -99.90 -99.90 -99.90
1232.60 1221.61 1210.47 1222.99 1273.31 1297.49 1230.90 1143.00 1113.17 1081.87 1075.37 1092.93 1103.30 1134.00 1148.15 1175.08 1183.08 1159.19 1163.10 1127.92 1181.66 1164.61 1143.32 1144.64 1120.00 1094.94 1100.74 1094.42 1033.60 973.58 -99.90 -99.90 -99.90 -99.90 -99.90 -99.90 -99.90 -99.90 -99.90 -99.90 -99.90 -99.90 -99.90 -99.90 -99.90 -99.90 -99.90 -99.90 -99.90 -99.90 -99.90 -99.90 -99.90 -99.90 -99.90 -99.90 -99.90 -99.90 -99.90 1600.35 1481.91 1434.35 -99.90 -99.90 -99.90 -99.90 -99.90 -99.90 -99.90 -99.90
1161.29 1151.15 1149.66 1165.59 1208.19 1206.10 1151.51 1082.73 1059.08 1032.33 1048.61 1056.72 1072.13 1092.07 1109.66 1166.11 1170.68 1162.19 1134.63 1099.51 1147.81 1141.08 1156.09 1122.72 1047.00 1046.89 1031.70 981.55 930.74 -99.90 -99.90 -99.90 -99.90 -99.90 -99.90 -99.90 -99.90 -99.90 -99.90 -99.90 -99.90 -99.90 -99.90 -99.90 -99.90 -99.90 -99.90 -99.90 -99.90 -99.90 -99.90 -99.90 -99.90 -99.90 -99.90 -99.90 -99.90 -99.90 -99.90 -99.90 -99.90 -99.90 -99.90 -99.90 -99.90 -99.90 -99.90 -99.90 -99.90 -99.90
1123.14 1119.30 1102.21 1088.06 1092.93 1107.33 1077.22 1065.78 1027.58 1027.31 1029.53 1030.20 1021.96 1044.05 1093.33 1089.63 1126.98 1160.59 1160.78 1126.84 1128.56 1136.25 1178.15 1074.34 1036.63 953.79 932.82 848.91 812.43 787.56 -99.90 -99.90 -99.90 -99.90 -99.90 -99.90 -99.90 -99.90 -99.90 -99.90 -99.90 -99.90 -99.90 -99.90 -99.90 -99.90 -99.90 -99.90 -99.90 -99.90 -99.90 -99.90 -99.90 -99.90 -99.90 -99.90 -99.90 -99.90 -99.90 -99.90 -99.90 -99.90 -99.90 -99.90 -99.90 -99.90 -99.90 -99.90 -99.90 -99.90
1081.13 1042.58 1028.13 1075.36 1067.54 1074.05 1070.83 1047.25 1023.75 997.08 986.58 989.28 998.73 1015.69 1056.56 1068.34 1095.55 1173.05 1160.00 1110.38 1118.34 1105.30 1080.04 1017.35 932.37 875.54 817.16 765.20 709.29 722.74 -99.90 -99.90 -99.90 -99.90 -99.90 1444.33 1736.55 -99.90 -99.90 -99.90 -99.90 -99.90 -99.90 -99.90 -99.90 -99.90 -99.90 -99.90 -99.90 -99.90 -99.90 -99.90 -99.90 -99.90 -99.90 -99.90 -99.90 -99.90 -99.90 -99.90 -99.90 -99.90 -99.90 -99.90 -99.90 -99.90 -99.90 -99.90 -99.90 -99.90
1029.02 1007.44 1014.67 990.60 1015.12 1041.25 1056.43 1024.28 1006.41 992.02 985.47 970.33 990.11 1008.41 1029.04 1047.96 1106.74 1178.01 1210.69 1194.12 1152.64 1128.52 1026.40 936.93 878.95 793.66 753.56 695.78 642.31 -99.90 -99.90 -99.90 -99.90 -99.90 850.50 1165.12 2128.51 2024.69 -99.90 -99.90 -99.90 -99.90 -99.90 -99.90 -99.90 -99.90 -99.90 -99.90 -99.90 -99.90 -99.90 -99.90 -99.90 -99.90 -99.90 -99.90 -99.90 -99.90 -99.90 -99.90 -99.90 -99.90 -99.90 -99.90 -99.90 -99.90 -99.90 -99.90 -99.90 -99.90
1042.13 1064.24 1028.82 1025.01 1041.20 1052.54 1041.48 1048.82 1027.51 993.59 971.91 968.15 956.20 999.76 1010.29 1045.42 1067.45 1138.14 1219.69 1232.33 1176.77 1140.47 1039.27 910.58 797.23 718.70 -99.90 -99.90 -99.90 -99.90 -99.90 -99.90 -99.90 691.74 820.66 1023.62 2005.56 2262.23 -99.90 -99.90 -99.90 -99.90 -99.90 -99.90 -99.90 -99.90 -99.90 -99.90 -99.90 -99.90 1439.03 1736.71 -99.90 -99.90 -99.90 -99.90 -99.90 -99.90 -99.90 -99.90 -99.90 -99.90 -99.90 -99.90 -99.90 -99.90 -99.90 -99.90 -99.90 -99.90
1039.20 1060.00 1056.93 1038.93 1058.81 1091.41 1089.51 1096.17 1074.24 1044.82 993.65 980.42 987.20 982.17 996.28 1022.85 1048.23 1159.39 1226.33 1202.65 1226.66 1148.78 1003.04 849.44 740.14 -99.90 -99.90 -99.90 -99.90 -99.90 -99.90 -99.90 609.00 654.87 867.57 1361.96 2032.70 2620.99 -99.90 -99.90 -99.90 -99.90 -99.90 -99.90 -99.90 -99.90 -99.90 1627.75 1525.92 -99.90 -99.90 1681.28 -99.90 -99.90 -99.90 -99.90 -99.90 -99.90 -99.90 -99.90 -99.90 -99.90 -99.90 -99.90 -99.90 -99.90 -99.90 -99.90 -99.90 -99.90
1072.27 1070.98 1071.29 1077.68 1089.21 1105.51 1118.91 1151.11 1133.32 1061.60 1013.48 990.33 975.35 976.58 978.54 1010.46 1042.84 1131.21 1194.70 1174.46 1188.69 1107.48 1012.44 834.33 -99.90 -99.90 -99.90 -99.90 -99.90 -99.90 -99.90 -99.90 548.50 761.37 952.50 1298.26 1607.64 1797.49 -99.90 -99.90 -99.90 1549.88 1495.77 -99.90 1706.33 1821.66 1726.77 1693.64 -99.90 -99.90 -99.90 -99.90 -99.90 -99.90 -99.90 -99.90 -99.90 -99.90 -99.90 -99.90 -99.90 -99.90 -99.90 -99.90 -99.90 -99.90 -99.90 -99.90 -99.90 -99.90
1125.49 1109.70 1121.68 1130.51 1148.33 1161.83 1195.52 1175.70 1145.50 1089.18 1067.55 1029.95 978.27 975.67 1027.53 1045.68 1057.21 1092.32 1143.36 1130.45 1070.38 987.87 949.05 -99.90 -99.90 -99.90 -99.90 -99.90 -99.90 -99.90 -99.90 630.08 636.87 915.42 1068.42 1326.79 1142.19 -99.90 -99.90 -99.90 -99.90 -99.90 -99.90 -99.90 -99.90 1574.51 1631.49 -99.90 -99.90 -99.90 -99.90 -99.90 -99.90 -99.90 -99.90 -99.90 -99.90 -99.90 -99.90 -99.90 -99.90 -99.90 -99.90 -99.90 -99.90 -99.90 -99.90 -99.90 -99.90 -99.90
