arc/python_arcpy/Precipitation/APHRO_MA_025deg_1994.txt
ncols	360 
nrows	280 
xllcorner	60.125 
yllcorner	-14.875 
cellsize	0.25 
NODATA_value	-99.9 
[rows 0 to 30 of 280, columns 210 to 279 of 360]
360.81 379.42 386.55 385.72 387.89 385.02 382.42 376.48 371.54 367.18 359.15 360.28 363.77 362.65 366.33 383.72 394.80 387.62 400.12 414.94 418.82 433.57 448.13 446.07 444.76 462.14 462.65 463.23 463.46 477.42 495.26 493.01 486.40 479.99 480.74 484.37 481.27 479.60 475.33 466.64 475.46 467.55 468.75 478.27 481.20 491.49 492.86 485.91 495.86 501.02 490.77 497.33 509.27 528.18 545.36 557.44 567.51 562.93 570.52 577.71 584.27 589.38 599.27 610.12 621.10 634.88 617.67 601.29 592.14 593.41
361.69 371.17 394.69 391.22 378.10 368.58 368.16 377.06 364.98 356.72 350.70 353.60 356.35 356.45 358.01 359.23 363.44 370.41 381.34 405.21 436.53 449.68 455.07 452.31 456.02 469.92 474.69 492.03 506.24 521.29 520.87 508.96 507.06 501.30 496.43 493.62 500.03 490.77 474.37 477.72 474.40 457.02 457.84 458.70 465.33 474.84 480.59 484.36 493.18 506.93 502.52 514.99 522.03 536.69 538.44 549.19 551.60 558.18 556.07 557.59 557.85 575.84 588.76 601.21 616.61 634.21 610.36 598.42 590.89 586.83
345.07 362.92 364.87 355.37 355.21 353.85 355.84 358.63 350.68 353.86 355.53 349.78 349.41 352.41 352.18 343.99 348.90 366.90 386.24 399.93 429.67 447.03 444.57 449.35 453.53 474.43 503.81 520.93 523.56 556.41 552.51 533.90 526.20 520.25 512.71 511.45 511.98 493.83 475.35 459.33 456.83 443.43 439.01 444.78 443.59 449.29 456.37 468.12 466.70 476.71 497.51 511.63 531.14 551.30 549.41 550.38 555.50 564.34 571.72 558.23 536.63 553.59 580.16 592.72 603.34 600.65 606.73 601.86 595.19 598.16
341.08 341.35 341.30 340.36 339.99 340.21 344.08 348.95 350.50 352.27 349.57 356.91 365.84 363.44 362.05 356.94 360.66 370.79 376.24 385.97 423.06 418.25 426.34 449.36 466.20 473.39 486.19 494.59 509.90 522.85 526.14 532.78 522.15 522.56 508.65 493.43 485.63 478.00 462.08 449.92 437.73 428.60 426.42 425.19 428.24 430.69 435.41 440.68 437.43 439.32 450.48 465.64 497.78 504.78 524.47 537.20 556.38 574.20 587.10 592.03 582.62 578.48 579.36 585.74 597.63 589.75 591.68 608.36 621.28 619.54
331.42 330.61 327.86 324.09 326.06 336.82 343.69 345.77 344.82 347.69 350.93 355.32 359.77 363.72 365.18 374.10 369.34 366.86 379.38 401.86 403.96 410.04 429.00 443.49 439.17 459.89 469.38 472.01 473.03 488.37 496.61 499.76 500.29 515.18 497.43 478.78 465.97 463.77 449.40 436.76 426.44 425.07 426.83 425.15 429.85 425.30 427.42 430.51 428.46 429.33 432.91 443.33 465.17 476.76 488.52 510.20 539.23 577.02 616.93 658.73 632.03 607.53 603.67 591.20 596.88 578.26 586.96 633.89 642.41 620.44
320.52 325.92 324.99 328.08 329.27 331.11 334.54 346.63 351.14 351.33 349.93 351.93 354.15 364.37 370.45 370.71 361.08 373.91 381.71 392.96 404.72 407.96 419.62 407.06 397.34 411.87 428.92 447.38 447.46 455.59 464.34 460.99 465.22 461.32 457.03 448.78 441.76 435.89 429.79 421.98 416.56 422.12 426.35 426.14 430.16 431.61 432.03 422.72 423.48 425.68 428.40 433.53 455.33 470.24 477.57 491.38 507.80 533.22 564.98 595.35 581.86 570.80 576.11 563.75 564.06 567.44 576.50 576.03 562.72 557.80
318.62 329.99 324.58 322.63 326.80 336.35 334.71 338.77 342.72 347.39 347.66 353.54 362.23 369.77 369.55 369.43 373.79 377.31 389.38 395.88 402.94 404.88 404.68 393.07 392.02 401.79 397.82 405.87 411.48 423.90 437.50 443.80 444.36 441.67 434.15 421.13 416.61 420.99 422.94 416.32 413.60 420.72 425.77 431.01 427.65 418.47 416.28 412.21 416.87 419.29 419.83 425.23 440.75 448.38 456.08 465.73 478.78 492.82 513.40 527.40 528.43 524.38 529.63 548.87 550.46 548.99 554.78 547.25 537.95 538.44
314.39 331.40 321.15 317.58 320.76 332.09 337.92 339.81 347.28 346.81 348.53 357.57 356.42 360.80 372.44 380.45 387.79 390.80 401.78 414.00 417.66 391.94 379.61 383.83 378.85 380.28 377.88 389.01 419.62 425.05 417.88 433.59 433.15 436.29 434.04 425.48 422.81 426.70 427.60 416.92 420.11 426.61 423.52 423.70 415.33 412.33 410.39 410.45 412.02 412.08 412.13 413.66 424.46 432.84 435.48 436.56 455.87 473.42 481.94 492.14 499.19 501.83 523.18 524.82 524.44 546.95 549.65 538.00 533.77 520.80
309.85 312.04 306.02 302.54 318.20 330.82 340.32 347.65 354.74 354.93 357.49 361.85 363.54 368.61 377.78 380.05 380.86 386.02 395.37 397.72 391.81 383.44 381.08 377.43 369.73 365.50 381.81 391.47 393.15 411.44 408.13 415.63 438.38 433.31 433.86 433.31 434.37 427.40 424.09 420.21 420.57 421.49 418.97 422.89 419.94 414.65 409.27 414.04 413.68 413.68 407.53 407.83 410.81 420.34 424.14 429.40 439.22 454.05 461.89 469.22 471.50 489.22 510.26 515.31 519.40 534.79 536.24 543.06 544.60 542.15
306.06 308.27 301.14 304.46 327.43 336.91 344.12 351.05 361.50 352.48 352.66 357.04 364.45 366.74 368.47 375.15 381.64 375.67 380.08 386.48 390.92 384.70 380.82 379.50 367.28 369.15 379.64 385.31 395.48 395.03 402.49 410.44 418.82 414.52 431.82 442.54 433.51 431.00 430.34 426.95 416.32 420.90 414.77 423.84 421.50 415.85 417.88 418.32 412.16 410.11 404.92 403.87 403.64 405.37 408.70 418.42 423.59 435.48 440.76 453.25 465.33 476.18 499.14 507.53 518.25 531.36 555.72 557.92 563.49 563.87
307.85 314.12 322.21 330.28 331.80 343.02 354.07 352.34 360.98 362.40 369.08 374.27 368.16 366.17 364.75 369.97 375.34 373.16 378.98 382.45 385.92 383.61 376.07 374.81 376.48 391.74 381.95 387.05 386.15 390.47 388.69 404.23 398.09 411.48 416.69 418.07 436.30 431.27 427.89 426.60 428.45 432.63 426.82 433.57 422.68 419.98 416.62 411.31 404.38 403.80 403.66 400.84 397.58 399.54 401.43 401.37 408.66 419.94 438.89 446.42 458.74 473.18 492.95 506.37 518.60 530.29 539.82 546.28 563.51 577.54
304.76 323.10 340.94 353.16 362.70 356.45 351.70 362.12 366.05 369.19 371.70 374.32 372.68 367.03 369.33 382.30 389.05 381.08 382.79 383.34 383.53 386.38 392.07 384.73 383.74 386.01 385.73 389.93 387.40 388.54 377.27 378.72 384.58 400.38 410.65 415.14 414.41 413.94 420.56 436.24 444.59 437.58 430.41 428.13 420.93 422.13 421.53 420.25 411.61 413.14 409.59 401.90 400.23 399.07 400.74 398.61 401.25 418.79 432.76 435.59 452.77 483.74 497.35 515.65 533.42 538.81 537.82 531.24 535.60 545.51
339.10 346.31 352.23 365.47 368.19 364.41 366.17 372.02 370.47 365.93 369.30 368.62 370.25 368.72 373.29 379.21 382.75 390.38 398.18 404.80 411.76 404.59 395.55 387.11 378.18 383.89 385.82 388.92 387.93 384.40 371.35 364.24 369.11 389.73 400.06 403.81 416.96 411.54 417.10 424.10 430.89 436.66 436.12 434.72 431.57 438.55 442.93 435.78 427.34 428.82 416.74 408.40 408.95 405.45 401.79 398.08 403.57 417.32 432.41 443.55 462.63 494.91 514.65 530.95 547.70 553.58 534.94 534.75 531.76 524.56
374.48 368.63 369.14 374.36 376.47 372.83 364.34 362.95 390.75 385.68 383.70 381.27 374.55 371.22 382.59 378.12 369.94 387.65 401.62 413.89 430.60 412.38 393.72 371.30 375.91 384.62 387.96 388.42 390.38 376.53 355.75 357.78 382.78 378.86 384.97 398.96 398.13 405.64 420.08 428.87 429.15 433.78 434.07 434.59 439.01 444.11 446.83 446.12 435.13 433.09 425.89 423.77 419.88 420.07 420.38 412.52 416.83 438.63 457.68 477.78 495.37 511.15 524.96 537.75 554.67 559.43 542.65 531.81 527.34 526.81
396.76 377.53 378.64 390.18 392.10 384.69 376.97 376.21 390.81 384.38 375.18 374.45 373.59 373.37 385.66 394.96 406.12 416.05 407.12 406.01 408.50 406.26 389.52 381.56 375.67 376.77 377.34 384.00 394.88 367.59 352.12 355.63 363.17 381.83 386.35 396.29 398.82 408.28 410.61 416.27 422.97 428.00 441.17 442.22 446.46 443.61 444.48 446.24 445.19 444.62 441.32 443.96 441.85 447.68 453.12 461.30 477.33 479.78 498.17 512.68 528.87 532.67 550.45 547.14 539.23 537.45 534.59 521.84 523.41 512.01
369.40 371.91 374.40 395.48 394.98 387.43 372.55 369.25 375.77 377.94 376.81 380.16 379.34 382.75 387.63 400.39 417.23 430.01 422.41 418.28 422.91 421.75 396.61 378.05 371.29 360.28 364.65 367.06 367.88 358.55 357.54 368.49 357.59 374.42 387.40 392.41 400.41 404.20 412.80 415.52 423.49 422.21 433.79 441.60 447.51 446.51 445.93 451.83 457.53 474.94 477.05 474.65 478.08 480.03 488.91 497.73 505.84 518.63 534.24 542.55 555.99 567.71 566.20 565.94 558.79 534.10 525.46 512.46 503.85 488.99
359.51 366.34 371.62 383.53 383.84 383.67 369.82 366.42 366.08 371.43 381.68 384.00 390.97 387.17 377.46 390.51 411.42 415.62 408.84 407.91 422.05 450.16 411.37 364.76 336.26 338.18 343.18 341.70 348.35 348.23 353.12 355.23 355.14 355.67 368.19 388.51 393.92 403.11 413.10 423.82 427.04 425.52 436.97 447.15 458.95 463.54 465.44 464.09 473.80 500.18 504.61 501.42 501.58 504.80 509.12 528.65 533.62 541.78 556.95 566.65 590.77 597.67 593.41 583.04 568.60 545.65 532.19 514.37 497.41 487.55
357.67 359.18 367.19 368.24 364.08 354.30 347.58 348.47 357.79 366.44 377.25 380.12 379.25 379.97 383.30 391.77 403.78 395.96 387.29 386.32 390.09 384.67 370.24 350.21 338.43 335.36 334.27 334.71 334.38 325.99 329.73 335.03 344.26 350.99 356.03 378.40 394.74 406.88 416.63 420.12 429.08 432.76 437.07 458.54 460.34 471.22 481.51 472.75 481.91 505.11 517.01 517.86 520.36 524.56 529.84 546.46 549.90 562.69 581.86 594.77 616.53 613.30 602.72 588.72 567.48 551.86 531.35 509.83 483.86 480.53
349.77 341.48 346.89 344.05 328.30 313.58 313.82 312.87 316.31 325.03 355.28 361.79 361.47 366.91 372.94 386.92 392.85 379.96 368.68 353.60 354.04 341.05 336.61 330.83 331.99 334.69 336.88 326.72 319.52 307.78 307.76 316.45 329.35 338.57 352.87 378.89 395.66 410.48 419.34 421.01 428.04 442.01 459.68 471.36 475.58 481.13 492.71 495.08 510.58 524.68 530.88 533.19 532.11 543.12 558.16 560.22 566.69 577.61 600.46 626.61 638.32 617.57 602.64 587.28 564.07 532.17 524.52 518.98 504.64 496.97
334.38 311.65 311.48 313.54 310.41 302.53 298.07 296.36 297.48 303.21 318.65 322.12 334.00 347.83 350.24 346.85 332.25 336.27 340.56 343.83 345.16 330.76 319.45 325.14 328.44 325.09 322.52 320.02 314.45 306.63 304.61 315.96 332.85 346.99 356.00 380.99 399.87 412.74 415.10 423.86 436.12 447.17 456.39 465.29 474.57 483.27 496.17 511.11 527.46 533.87 538.21 542.88 549.23 555.60 568.24 586.64 588.73 590.34 599.20 610.24 610.10 604.53 587.67 583.85 565.22 524.56 512.98 512.88 533.70 523.78
301.87 291.78 305.99 299.94 290.96 281.77 274.60 265.98 266.88 282.62 291.38 298.45 314.36 331.07 327.83 330.02 320.60 318.13 318.06 319.48 319.66 320.17 316.38 330.71 324.85 322.32 319.72 314.80 312.61 314.95 315.77 325.88 337.73 349.87 360.57 378.90 401.21 411.20 415.02 436.21 439.02 454.04 460.43 468.53 473.33 478.35 485.59 494.22 529.02 543.65 547.36 556.89 565.22 572.24 580.14 576.66 582.64 583.36 584.16 578.80 575.68 571.58 564.17 563.34 561.15 538.54 533.15 535.85 539.55 539.88
289.19 287.07 285.51 289.77 284.57 257.26 228.71 210.04 224.02 242.10 256.27 271.97 285.85 296.34 299.48 308.77 320.21 316.05 305.69 288.99 297.45 304.21 306.81 306.27 309.34 311.69 308.08 308.71 303.66 314.03 321.10 329.38 340.67 351.54 364.86 371.57 391.58 403.76 422.50 435.66 446.27 452.62 462.09 472.69 480.73 486.49 490.94 500.80 517.01 536.66 545.53 552.70 560.39 566.10 569.04 575.84 579.34 574.51 567.18 560.68 552.88 547.66 544.39 543.51 540.58 541.02 541.36 545.44 550.04 568.21
304.88 266.71 253.20 253.37 251.52 240.99 230.99 217.08 226.57 236.98 245.49 247.94 252.69 269.10 286.42 295.68 320.59 316.55 308.47 301.23 299.78 294.26 299.30 301.92 301.92 302.67 301.04 299.68 303.13 311.89 319.12 328.44 340.53 349.51 364.53 381.22 407.02 413.78 427.52 435.98 446.10 461.24 474.50 483.52 496.91 509.54 507.95 507.13 509.82 528.11 536.83 542.83 548.85 565.44 571.16 580.61 575.08 567.64 553.05 539.81 540.00 541.31 540.70 536.37 533.07 539.17 541.40 550.34 560.15 593.00
296.09 260.09 254.30 248.25 243.09 238.06 233.37 230.77 227.29 231.32 236.12 236.96 237.23 244.91 262.58 287.23 322.39 314.16 309.01 301.59 299.80 294.45 291.92 289.36 292.54 297.38 288.78 286.31 302.40 304.55 320.57 330.83 344.98 353.44 373.40 397.74 412.86 427.07 432.77 441.32 459.76 466.87 471.24 479.82 500.58 513.36 509.64 506.38 506.05 510.83 534.50 543.79 539.08 554.38 564.62 569.77 569.35 563.15 553.98 553.78 551.00 545.70 554.17 537.55 542.48 544.03 550.62 562.83 571.53 594.64
281.92 262.11 249.45 239.51 232.49 214.54 208.36 208.05 189.55 189.96 200.95 202.04 208.41 222.82 241.71 265.10 314.93 321.19 311.17 298.25 287.68 282.47 281.78 279.94 282.01 282.78 280.03 278.26 284.79 299.19 313.15 334.97 351.87 387.38 409.70 422.12 437.61 444.17 444.57 452.73 454.68 463.20 467.04 475.18 483.72 487.80 493.68 494.64 495.41 499.31 514.91 521.15 523.40 526.72 532.36 551.12 547.91 536.80 542.50 550.18 549.12 548.69 546.53 538.08 548.14 553.83 560.42 571.28 585.62 607.78
288.75 257.34 246.60 231.79 204.29 185.54 181.56 166.74 172.73 176.61 176.48 177.64 181.23 195.44 218.61 236.54 268.70 308.86 290.80 285.05 278.94 276.98 277.20 282.73 286.39 290.00 301.04 308.25 310.03 321.60 331.56 338.36 362.39 389.20 421.61 440.24 448.05 451.90 447.16 444.15 446.51 451.04 461.16 466.51 469.54 474.89 479.03 487.32 488.18 493.20 500.42 509.94 512.92 517.75 517.10 520.78 517.76 518.96 519.23 523.72 535.76 535.22 533.47 538.29 542.61 553.37 580.29 582.26 607.17 635.09
270.77 255.12 236.75 204.28 185.94 179.73 173.74 167.20 171.08 172.44 173.62 172.49 177.00 194.24 209.51 219.65 228.82 233.31 239.28 247.99 255.41 267.58 275.59 282.27 285.62 291.93 302.97 313.93 321.02 325.77 337.49 348.43 369.94 393.23 417.43 431.17 451.39 450.51 446.92 447.24 448.43 452.56 453.69 460.67 464.33 468.95 473.56 477.20 479.91 484.61 491.27 506.32 513.76 518.17 520.96 524.57 521.06 532.75 536.44 545.89 553.45 549.60 549.72 557.13 560.26 598.37 621.88 636.71 640.72 660.59
255.70 247.86 235.20 194.42 185.92 179.49 175.35 165.02 172.71 175.71 178.05 176.46 181.15 198.28 201.66 205.80 211.29 218.83 220.81 218.05 223.21 250.41 258.01 262.75 271.11 286.11 299.84 315.53 331.51 335.99 351.31 370.17 391.47 409.92 417.81 434.53 451.03 456.58 452.85 440.87 427.61 428.77 438.75 449.69 456.73 460.64 463.82 471.19 477.15 482.30 489.66 500.93 517.04 535.74 529.68 529.87 535.87 541.13 551.53 563.97 572.07 573.73 572.12 591.30 592.68 628.01 655.22 666.87 689.82 691.62
251.40 247.30 234.23 192.79 181.02 181.19 177.26 172.51 172.48 170.69 172.60 175.79 182.68 182.67 188.64 199.31 208.69 217.39 221.26 225.52 223.48 221.94 231.64 235.07 240.66 268.07 295.53 323.40 344.10 358.11 382.84 403.51 415.64 428.56 422.77 440.87 465.25 457.58 455.00 445.88 426.35 423.25 431.64 441.58 447.61 453.48 459.04 469.79 475.93 474.16 479.53 498.75 511.93 523.67 536.93 542.61 542.91 546.18 554.34 566.56 580.06 587.71 615.06 636.68 639.86 642.73 688.75 702.97 736.31 728.91
264.62 249.15 242.48 195.96 186.43 179.90 176.99 173.29 170.14 168.03 163.87 167.58 176.97 179.99 186.56 195.20 201.58 207.98 220.71 220.63 219.93 217.63 213.05 201.54 184.86 252.95 300.85 332.24 357.95 394.64 422.17 434.09 444.59 434.83 434.81 446.83 465.91 461.02 449.27 444.19 439.21 429.96 433.34 430.83 434.44 440.93 447.97 454.40 460.84 461.78 481.33 498.55 508.85 522.33 532.84 533.77 531.83 532.69 545.20 567.21 590.66 617.61 646.30 673.58 683.51 688.23 715.28 738.75 781.13 780.70
256.07 255.52 249.03 220.33 200.16 186.44 181.39 178.96 173.97 170.02 171.64 171.73 156.67 163.18 178.18 191.10 199.52 209.11 215.14 221.94 222.80 221.95 218.84 215.89 244.02 269.93 307.95 346.76 375.75 430.58 456.40 462.04 462.97 450.11 445.87 444.52 463.89 463.73 457.23 439.75 431.95 416.08 411.09 412.85 423.22 434.87 440.31 441.70 447.68 461.75 482.49 491.02 509.53 532.84 539.42 534.94 532.44 524.90 546.12 586.98 615.05 636.98 676.99 733.71 750.18 764.30 759.61 754.48 800.66 815.26
