arc/python_arcpy/Precipitation/APHRO_MA_025deg_1998.txt
ncols	360 
nrows	280 
xllcorner	60.125 
yllcorner	-14.875 
cellsize	0.25 
NODATA_value	-99.9 
[rows 93 to 123 of 280, columns 210 to 279 of 360]
1004.93 1043.48 1063.68 1079.99 1083.50 1097.35 1120.58 1112.11 1116.41 1087.39 1095.50 1107.67 1113.48 1090.16 1089.53 1080.28 1036.27 997.42 877.96 882.88 984.54 1089.53 1119.81 1122.17 1137.12 1128.39 1121.49 1130.05 1156.13 1195.88 1213.87 1190.59 1187.63 1192.80 1178.23 1141.88 1105.56 1089.31 -99.90 -99.90 -99.90 -99.90 -99.90 -99.90 -99.90 -99.90 -99.90 -99.90 -99.90 -99.90 -99.90 -99.90 -99.90 -99.90 -99.90 -99.90 -99.90 -99.90 -99.90 -99.90 -99.90 -99.90 -99.90 -99.90 -99.90 -99.90 -99.90 -99.90 2414.70 2383.35
1076.00 1114.77 1129.02 1125.80 1118.52 1116.82 1138.44 1121.81 1124.37 1112.17 1125.81 1186.67 1169.73 1168.81 1186.86 1174.27 1120.78 1073.01 1013.42 984.89 1018.23 1107.31 1134.00 1163.34 1158.42 1129.73 1089.16 1055.85 1141.50 1164.00 1174.92 1179.04 1180.12 1199.01 1178.46 1161.02 1131.15 1113.33 -99.90 -99.90 -99.90 -99.90 -99.90 -99.90 -99.90 -99.90 -99.90 -99.90 -99.90 -99.90 -99.90 -99.90 -99.90 -99.90 -99.90 -99.90 -99.90 -99.90 -99.90 -99.90 -99.90 -99.90 -99.90 -99.90 -99.90 -99.90 -99.90 -99.90 -99.90 -99.90
1167.73 1173.64 1169.97 1154.65 1151.95 1156.65 1182.72 1176.54 1156.64 1144.60 1175.26 1229.77 1282.80 1288.61 1290.34 1294.49 1256.08 1235.84 1158.29 1144.49 1145.03 1183.48 1201.59 1229.13 1211.33 1179.07 1116.76 1053.45 1156.53 1188.85 1189.35 1192.64 1206.47 1216.38 1156.97 1193.15 1163.77 1156.48 -99.90 -99.90 -99.90 -99.90 -99.90 -99.90 -99.90 -99.90 -99.90 -99.90 -99.90 -99.90 -99.90 -99.90 -99.90 -99.90 -99.90 -99.90 -99.90 -99.90 -99.90 -99.90 -99.90 -99.90 -99.90 -99.90 -99.90 -99.90 -99.90 -99.90 -99.90 -99.90
1158.40 1198.20 1227.95 1210.82 1211.63 1249.51 1267.21 1253.70 1245.88 1253.45 1309.62 1324.96 1328.87 1324.60 1362.02 1361.83 1301.07 1250.13 1244.90 1241.66 1292.33 1368.13 1380.90 1332.08 1325.39 1281.95 1241.02 1209.68 1216.92 1242.93 1256.79 1219.19 1215.04 1261.62 1256.21 1256.82 1238.27 1218.16 -99.90 -99.90 -99.90 -99.90 -99.90 -99.90 -99.90 -99.90 -99.90 -99.90 -99.90 -99.90 -99.90 -99.90 -99.90 -99.90 -99.90 -99.90 -99.90 -99.90 -99.90 -99.90 -99.90 -99.90 -99.90 -99.90 -99.90 -99.90 -99.90 -99.90 -99.90 2832.44
1188.95 1221.07 1315.80 1317.31 1328.25 1358.02 1437.28 1364.64 1347.28 1395.40 1441.54 1454.74 1474.65 1427.73 1420.07 1402.16 1343.72 1302.29 1355.11 1375.91 1474.43 1545.12 1551.14 1521.57 1505.63 1437.35 1359.69 1319.67 1293.01 1321.96 1340.86 1314.98 1299.94 1330.77 1367.01 1368.62 -99.90 -99.90 1274.32 1230.20 1227.32 1236.91 -99.90 -99.90 -99.90 -99.90 -99.90 -99.90 -99.90 -99.90 -99.90 -99.90 -99.90 -99.90 -99.90 -99.90 -99.90 -99.90 -99.90 -99.90 -99.90 -99.90 -99.90 -99.90 -99.90 -99.90 -99.90 -99.90 -99.90 -99.90
1249.07 1275.30 1328.08 1388.04 1432.39 1428.42 1458.80 1455.43 1485.79 1578.47 1640.72 1566.84 1537.56 1525.83 1459.35 1443.29 1380.02 1401.25 1519.67 1617.85 1723.20 1790.66 1763.17 1733.15 1682.12 1617.17 1511.56 1460.97 1410.26 1363.63 1404.04 1384.63 1358.43 1369.33 1383.44 1402.86 -99.90 -99.90 1357.56 1310.12 -99.90 -99.90 -99.90 -99.90 -99.90 -99.90 -99.90 -99.90 -99.90 -99.90 -99.90 -99.90 -99.90 -99.90 -99.90 -99.90 -99.90 -99.90 -99.90 -99.90 -99.90 -99.90 -99.90 -99.90 -99.90 -99.90 -99.90 -99.90 -99.90 -99.90
1304.60 1332.49 1397.53 1448.32 1502.27 1523.00 1535.34 1543.91 1586.73 1681.24 1756.86 1681.02 1617.15 1573.34 1542.13 1534.58 1513.40 1579.02 1695.15 1872.51 1881.10 1963.76 2200.13 1989.03 1793.90 1807.75 1644.60 1521.28 1456.97 1429.19 1454.32 1425.21 1392.59 1395.27 1417.64 1471.09 1500.33 1493.84 1472.77 1396.16 -99.90 -99.90 -99.90 -99.90 -99.90 -99.90 -99.90 -99.90 -99.90 -99.90 -99.90 -99.90 -99.90 -99.90 -99.90 -99.90 -99.90 -99.90 -99.90 -99.90 -99.90 -99.90 -99.90 -99.90 -99.90 -99.90 -99.90 -99.90 -99.90 -99.90
1367.15 1397.67 1471.60 1516.51 1591.37 1659.18 1688.55 1720.35 1736.39 1732.57 1688.71 1687.46 1664.41 1659.66 1613.45 1636.04 1694.81 1775.28 1909.98 1989.99 2020.31 2073.48 2084.90 1966.19 1860.47 1822.01 1689.65 1593.83 1524.82 1477.14 1451.56 1423.45 1406.85 1416.91 1516.77 1553.70 1614.11 1572.76 1538.66 1446.01 -99.90 -99.90 -99.90 -99.90 -99.90 -99.90 -99.90 -99.90 -99.90 -99.90 -99.90 -99.90 -99.90 -99.90 -99.90 -99.90 -99.90 -99.90 -99.90 -99.90 -99.90 -99.90 -99.90 -99.90 -99.90 -99.90 -99.90 -99.90 -99.90 3177.55
1431.72 1484.20 1535.92 1604.01 1690.90 1813.99 1854.42 1912.71 1903.74 1832.97 1744.79 1755.60 1809.52 1953.68 1910.45 1803.70 1826.26 1915.23 2063.46 2114.55 2202.03 2189.30 2108.75 2064.32 1969.39 1784.97 1680.24 1644.06 1574.16 1551.26 1475.20 1461.99 1454.17 1411.45 1557.88 1553.15 1589.18 1558.58 1517.92 1474.00 -99.90 -99.90 -99.90 -99.90 -99.90 -99.90 -99.90 -99.90 -99.90 -99.90 -99.90 -99.90 -99.90 -99.90 -99.90 -99.90 -99.90 -99.90 -99.90 -99.90 -99.90 -99.90 -99.90 -99.90 -99.90 -99.90 -99.90 -99.90 3621.62 -99.90
1496.06 1545.29 1617.34 1694.06 1795.62 1840.49 1921.07 2030.33 2059.71 1961.55 1762.82 1727.18 1784.37 1910.18 1984.62 1881.44 1902.71 2019.59 2210.65 2264.22 2240.81 2208.73 2241.31 2136.48 2015.21 1910.63 1792.86 1688.00 1602.52 1542.91 1509.42 1525.42 1534.10 1527.90 1618.95 1606.58 1600.90 1586.27 -99.90 -99.90 -99.90 -99.90 -99.90 -99.90 -99.90 -99.90 -99.90 -99.90 -99.90 -99.90 -99.90 -99.90 -99.90 -99.90 -99.90 -99.90 -99.90 -99.90 -99.90 -99.90 -99.90 -99.90 -99.90 -99.90 -99.90 -99.90 -99.90 -99.90 -99.90 -99.90
1541.37 1574.42 1628.28 1732.23 1841.69 1930.96 1989.92 2071.53 2115.43 2007.16 1960.71 1822.20 1654.53 1612.49 1703.22 1854.37 1916.31 2042.95 2221.29 2316.64 2262.93 2239.23 2265.50 2168.92 2149.10 2037.93 1857.90 1712.63 1631.03 1583.61 1567.37 1551.78 1640.76 1598.56 1632.14 1615.07 1601.24 1579.18 1542.12 -99.90 -99.90 -99.90 -99.90 -99.90 -99.90 -99.90 -99.90 -99.90 -99.90 -99.90 -99.90 -99.90 -99.90 -99.90 -99.90 -99.90 -99.90 -99.90 -99.90 -99.90 -99.90 -99.90 -99.90 -99.90 -99.90 -99.90 -99.90 -99.90 -99.90 -99.90
1572.52 1599.71 1669.21 1808.51 1943.06 1959.38 1988.86 2077.16 2152.62 2179.01 1965.21 1674.53 1524.28 1450.43 1659.19 1867.93 1972.87 2091.43 2225.98 2297.61 2306.72 2353.18 2342.72 2216.37 2134.40 2079.35 1944.89 1853.43 1720.58 1630.04 1609.52 1649.87 1648.86 1671.35 1630.73 1619.53 1609.36 -99.90 -99.90 -99.90 -99.90 -99.90 -99.90 -99.90 -99.90 -99.90 -99.90 -99.90 -99.90 -99.90 -99.90 -99.90 -99.90 -99.90 -99.90 -99.90 -99.90 -99.90 -99.90 -99.90 -99.90 -99.90 -99.90 -99.90 -99.90 -99.90 -99.90 -99.90 -99.90 -99.90
1588.13 1618.59 1692.55 1823.87 1945.58 1948.89 1993.38 2053.81 2097.18 2019.49 1824.51 1673.92 1587.71 1619.12 1840.46 1977.51 2069.74 2223.96 2305.00 2327.50 2336.60 2341.35 2311.49 2236.55 2183.13 2130.38 2024.94 1888.48 1799.81 1736.34 1620.26 1593.58 1600.64 1656.67 1592.06 1527.99 1533.95 1517.05 -99.90 -99.90 -99.90 -99.90 -99.90 -99.90 -99.90 -99.90 -99.90 -99.90 -99.90 -99.90 -99.90 -99.90 -99.90 -99.90 -99.90 -99.90 -99.90 -99.90 -99.90 -99.90 -99.90 -99.90 -99.90 -99.90 -99.90 -99.90 -99.90 -99.90 -99.90 -99.90
1563.73 1604.26 1640.55 1721.46 1847.69 1865.61 1940.71 1991.41 1976.87 1912.16 1825.24 1791.94 1783.72 1891.68 1999.68 2070.98 2146.61 2219.63 2375.60 2366.40 2289.54 2254.74 2269.15 2262.66 2324.51 2212.33 2113.83 1937.97 1815.07 1689.67 1593.85 1593.22 1544.41 1552.09 1520.40 1468.13 1463.08 1445.10 -99.90 -99.90 -99.90 -99.90 -99.90 -99.90 -99.90 -99.90 -99.90 -99.90 -99.90 -99.90 -99.90 -99.90 -99.90 -99.90 -99.90 -99.90 -99.90 -99.90 -99.90 -99.90 -99.90 -99.90 -99.90 -99.90 -99.90 -99.90 3145.56 3605.95 3065.49 2724.31
1526.95 1595.15 1605.72 1651.19 1730.64 1766.96 1827.90 1860.72 1846.81 1900.63 1882.02 1936.43 2002.46 1972.98 2064.55 2126.50 2189.39 2160.04 2306.52 2381.02 2300.59 2242.86 2375.36 2351.49 2328.25 2247.74 2114.36 1977.74 1846.64 1659.10 1566.15 1513.64 1512.64 1435.55 1334.47 1357.72 -99.90 -99.90 -99.90 -99.90 -99.90 -99.90 -99.90 -99.90 -99.90 -99.90 -99.90 -99.90 -99.90 -99.90 -99.90 -99.90 -99.90 -99.90 -99.90 -99.90 -99.90 -99.90 -99.90 -99.90 -99.90 -99.90 -99.90 -99.90 -99.90 -99.90 2974.97 3222.37 -99.90 -99.90
1516.32 1585.73 1594.48 1627.01 1664.70 1709.60 1747.45 1773.73 1801.86 1830.97 1843.64 1897.31 2050.63 2058.87 2077.85 2134.95 2155.52 2201.52 2341.04 2403.59 2498.15 2474.17 2374.72 2293.25 2313.26 2277.91 2198.18 2030.81 1892.78 1645.26 1540.13 1443.52 1245.97 1263.22 1318.98 -99.90 -99.90 -99.90 -99.90 -99.90 -99.90 -99.90 -99.90 -99.90 -99.90 -99.90 -99.90 -99.90 -99.90 -99.90 -99.90 -99.90 -99.90 -99.90 -99.90 -99.90 -99.90 -99.90 -99.90 -99.90 -99.90 -99.90 -99.90 -99.90 -99.90 2257.79 2930.79 -99.90 -99.90 -99.90
1514.48 1583.08 1589.25 1613.48 1630.87 1628.06 1700.18 1749.08 1769.80 1783.34 1813.88 1858.93 1934.33 2018.16 2061.00 2083.88 2072.63 2197.48 2354.55 2369.08 2453.32 2340.78 2266.04 2244.07 2251.09 2195.62 2127.97 2043.73 1900.98 1623.62 1551.27 1406.62 1274.35 -99.90 -99.90 -99.90 -99.90 -99.90 -99.90 -99.90 -99.90 -99.90 -99.90 -99.90 -99.90 -99.90 -99.90 -99.90 -99.90 -99.90 -99.90 -99.90 -99.90 -99.90 -99.90 -99.90 -99.90 -99.90 -99.90 -99.90 -99.90 -99.90 -99.90 -99.90 -99.90 2863.09 2965.41 -99.90 -99.90 -99.90
1540.56 1571.63 1557.74 1578.99 1609.04 1629.41 1651.43 1650.06 1674.30 1715.34 1744.15 1793.72 1856.99 1953.42 2048.26 2083.73 2068.35 2155.07 2266.09 2380.25 2377.73 2290.76 2185.34 2178.67 2158.43 2101.58 2111.23 2014.82 1914.33 1742.49 1636.96 1453.57 1302.47 -99.90 1232.62 -99.90 -99.90 -99.90 -99.90 -99.90 -99.90 -99.90 -99.90 -99.90 -99.90 -99.90 -99.90 -99.90 -99.90 -99.90 -99.90 -99.90 -99.90 -99.90 -99.90 -99.90 -99.90 -99.90 -99.90 -99.90 -99.90 -99.90 -99.90 -99.90 2993.00 -99.90 -99.90 -99.90 -99.90 -99.90
1467.63 1508.95 1518.59 1521.19 1603.71 1569.50 1554.04 1542.91 1555.05 1573.29 1660.17 1754.98 1829.23 1961.26 2040.60 2070.75 2068.80 2155.49 2288.75 2313.18 2250.81 2243.38 2162.88 2132.12 2068.50 2125.27 2117.19 1993.86 1780.05 1731.78 1601.07 1392.62 1280.45 -99.90 -99.90 -99.90 -99.90 -99.90 -99.90 -99.90 -99.90 -99.90 -99.90 -99.90 -99.90 -99.90 -99.90 -99.90 -99.90 -99.90 -99.90 -99.90 -99.90 -99.90 -99.90 -99.90 -99.90 -99.90 -99.90 -99.90 -99.90 3384.27 -99.90 3287.48 -99.90 -99.90 -99.90 -99.90 -99.90 -99.90
1295.45 1402.60 1465.21 1481.10 1506.59 1561.43 1514.16 1517.83 1496.68 1501.28 1567.94 1666.49 1795.57 1888.93 1955.58 2071.06 2121.45 2149.68 2191.14 2199.35 2171.73 2129.36 2136.87 2069.13 2104.56 2103.27 2041.95 1923.01 1803.39 1733.58 1540.78 1405.64 -99.90 -99.90 -99.90 -99.90 -99.90 -99.90 -99.90 -99.90 -99.90 -99.90 -99.90 -99.90 -99.90 -99.90 -99.90 -99.90 -99.90 -99.90 -99.90 -99.90 -99.90 -99.90 -99.90 -99.90 -99.90 -99.90 -99.90 -99.90 -99.90 3310.97 3656.48 3679.83 -99.90 -99.90 -99.90 -99.90 -99.90 -99.90
1316.29 1363.58 1411.16 1430.71 1460.15 1552.40 1576.41 1448.16 1458.31 1468.75 1538.72 1657.76 1706.65 1795.55 1871.22 1978.95 2055.95 2096.92 2096.99 2095.99 2096.93 2069.76 2072.13 1960.39 1937.42 1937.99 1906.73 1901.13 1812.28 1680.56 1551.79 -99.90 -99.90 -99.90 -99.90 -99.90 -99.90 -99.90 -99.90 -99.90 -99.90 -99.90 -99.90 -99.90 -99.90 -99.90 -99.90 -99.90 -99.90 -99.90 -99.90 -99.90 -99.90 -99.90 -99.90 -99.90 -99.90 -99.90 2577.91 -99.90 -99.90 3180.14 3650.46 3722.51 -99.90 -99.90 -99.90 -99.90 -99.90 -99.90
1315.35 1342.98 1369.74 1405.59 1489.65 1558.71 1535.82 1412.03 1410.07 1461.14 1517.27 1549.39 1645.84 1688.56 1772.41 1887.05 1941.87 1980.89 1987.69 1978.10 1984.28 1958.09 1947.23 1810.25 1737.30 1796.09 1777.70 1686.38 1656.59 1576.98 -99.90 -99.90 -99.90 -99.90 -99.90 -99.90 -99.90 -99.90 -99.90 -99.90 -99.90 -99.90 -99.90 -99.90 -99.90 -99.90 -99.90 -99.90 -99.90 -99.90 -99.90 -99.90 -99.90 -99.90 -99.90 -99.90 2817.72 2956.10 -99.90 -99.90 2599.98 2774.49 -99.90 -99.90 -99.90 -99.90 -99.90 -99.90 -99.90 -99.90
1341.63 1350.22 1386.26 1463.33 1554.88 1608.33 1528.18 1449.65 1435.39 1424.83 1450.80 1523.31 1573.36 1641.97 1697.55 1811.82 1861.33 1835.95 1868.21 1853.39 1925.39 1876.61 1786.21 1778.12 1714.85 1639.67 1536.38 1492.65 1496.29 1449.46 -99.90 -99.90 -99.90 -99.90 -99.90 -99.90 -99.90 -99.90 -99.90 -99.90 -99.90 -99.90 -99.90 -99.90 -99.90 -99.90 -99.90 -99.90 -99.90 -99.90 -99.90 -99.90 -99.90 -99.90 -99.90 -99.90 -99.90 -99.90 -99.90 2841.89 2728.20 2798.63 -99.90 -99.90 -99.90 -99.90 -99.90 -99.90 -99.90 -99.90
1372.68 1405.64 1445.15 1492.35 1570.59 1592.22 1524.25 1449.57 1427.06 1414.83 1449.17 1476.75 1527.54 1591.35 1664.73 1751.04 1786.73 1807.18 1796.25 1771.31 1811.91 1760.08 1738.90 1696.47 1612.51 1583.85 1513.57 1447.75 1407.09 -99.90 -99.90 -99.90 -99.90 -99.90 -99.90 -99.90 -99.90 -99.90 -99.90 -99.90 -99.90 -99.90 -99.90 -99.90 -99.90 -99.90 -99.90 -99.90 -99.90 -99.90 -99.90 -99.90 -99.90 -99.90 -99.90 -99.90 -99.90 -99.90 -99.90 -99.90 -99.90 -99.90 -99.90 -99.90 -99.90 -99.90 -99.90 -99.90 -99.90 -99.90
1429.43 1482.22 1534.77 1550.07 1559.97 1568.72 1521.51 1510.13 1462.23 1465.96 1468.33 1485.81 1500.74 1563.64 1658.84 1650.45 1715.82 1765.63 1770.48 1717.55 1707.10 1706.17 1704.13 1615.03 1586.33 1478.26 1442.40 1350.25 1314.64 1302.85 -99.90 -99.90 -99.90 -99.90 -99.90 -99.90 -99.90 -99.90 -99.90 -99.90 -99.90 -99.90 -99.90 -99.90 -99.90 -99.90 -99.90 -99.90 -99.90 -99.90 -99.90 -99.90 -99.90 -99.90 -99.90 -99.90 -99.90 -99.90 -99.90 -99.90 -99.90 -99.90 -99.90 -99.90 -99.90 -99.90 -99.90 -99.90 -99.90 -99.90
1476.37 1487.83 1503.79 1609.45 1618.90 1610.71 1582.91 1517.67 1504.22 1492.31 1451.12 1463.71 1493.28 1546.54 1614.76 1620.83 1643.48 1721.75 1680.79 1623.00 1640.41 1643.67 1578.56 1501.89 1417.54 1358.49 1300.68 1268.03 1242.81 1289.70 -99.90 -99.90 -99.90 -99.90 -99.90 2819.66 3253.38 -99.90 -99.90 -99.90 -99.90 -99.90 -99.90 -99.90 -99.90 -99.90 -99.90 -99.90 -99.90 -99.90 -99.90 -99.90 -99.90 -99.90 -99.90 -99.90 -99.90 -99.90 -99.90 -99.90 -99.90 -99.90 -99.90 -99.90 -99.90 -99.90 -99.90 -99.90 -99.90 -99.90
1484.75 1506.93 1575.39 1587.84 1625.62 1641.37 1629.29 1545.13 1543.29 1528.24 1485.85 1491.97 1533.42 1543.77 1575.68 1596.08 1637.94 1679.86 1678.76 1681.96 1647.00 1630.90 1486.78 1392.04 1360.12 1298.86 1275.38 1212.21 1207.72 -99.90 -99.90 -99.90 -99.90 -99.90 1589.58 2277.91 4056.51 3747.15 -99.90 -99.90 -99.90 -99.90 -99.90 -99.90 -99.90 -99.90 -99.90 -99.90 -99.90 -99.90 -99.90 -99.90 -99.90 -99.90 -99.90 -99.90 -99.90 -99.90 -99.90 -99.90 -99.90 -99.90 -99.90 -99.90 -99.90 -99.90 -99.90 -99.90 -99.90 -99.90
1567.95 1647.42 1655.83 1687.55 1733.46 1736.03 1690.42 1681.36 1632.90 1577.59 1504.33 1496.61 1484.59 1526.78 1519.86 1556.76 1560.18 1618.83 1691.20 1696.25 1643.09 1597.36 1482.08 1343.92 1246.30 1287.83 -99.90 -99.90 -99.90 -99.90 -99.90 -99.90 -99.90 1277.39 1474.69 1806.96 3564.09 3710.54 -99.90 -99.90 -99.90 -99.90 -99.90 -99.90 -99.90 -99.90 -99.90 -99.90 -99.90 -99.90 2173.48 2505.37 -99.90 -99.90 -99.90 -99.90 -99.90 -99.90 -99.90 -99.90 -99.90 -99.90 -99.90 -99.90 -99.90 -99.90 -99.90 -99.90 -99.90 -99.90
1594.61 1659.59 1703.68 1749.15 1834.47 1862.96 1821.98 1787.57 1727.85 1649.25 1541.98 1518.30 1519.61 1485.47 1476.60 1500.67 1521.25 1627.08 1673.30 1610.21 1625.72 1536.36 1387.45 1270.94 1210.94 -99.90 -99.90 -99.90 -99.90 -99.90 -99.90 -99.90 1218.76 1312.85 1578.54 2140.74 3244.35 3857.55 -99.90 -99.90 -99.90 -99.90 -99.90 -99.90 -99.90 -99.90 -99.90 2715.28 2415.97 -99.90 -99.90 2452.43 -99.90 -99.90 -99.90 -99.90 -99.90 -99.90 -99.90 -99.90 -99.90 -99.90 -99.90 -99.90 -99.90 -99.90 -99.90 -99.90 -99.90 -99.90
1628.66 1685.59 1753.79 1835.50 1920.20 1917.43 1893.22 1878.28 1821.40 1673.26 1573.14 1533.86 1496.28 1465.42 1432.89 1476.17 1496.39 1583.66 1617.51 1571.62 1564.59 1458.84 1375.60 1265.92 -99.90 -99.90 -99.90 -99.90 -99.90 -99.90 -99.90 -99.90 1174.93 1640.49 1968.12 2360.86 2822.60 3183.88 -99.90 -99.90 -99.90 3176.89 3261.69 -99.90 3126.81 3088.39 3042.44 2895.67 -99.90 -99.90 -99.90 -99.90 -99.90 -99.90 -99.90 -99.90 -99.90 -99.90 -99.90 -99.90 -99.90 -99.90 -99.90 -99.90 -99.90 -99.90 -99.90 -99.90 -99.90 -99.90
1660.31 1733.90 1831.48 1942.10 2047.64 2040.80 2037.27 1973.40 1886.91 1727.43 1653.61 1566.53 1477.21 1436.03 1473.29 1492.44 1483.98 1536.03 1553.53 1531.41 1456.93 1365.83 1414.63 -99.90 -99.90 -99.90 -99.90 -99.90 -99.90 -99.90 -99.90 1400.60 1537.63 2169.45 2291.85 2580.10 2450.72 -99.90 -99.90 -99.90 -99.90 -99.90 -99.90 -99.90 -99.90 2874.21 2860.47 -99.90 -99.90 -99.90 -99.90 -99.90 -99.90 -99.90 -99.90 -99.90 -99.90 -99.90 -99.90 -99.90 -99.90 -99.90 -99.90 -99.90 -99.90 -99.90 -99.90 -99.90 -99.90 -99.90
