arc/python_arcpy/Precipitation/APHRO_MA_025deg_1996.txt
ncols	360 
nrows	280 
xllcorner	60.125 
yllcorner	-14.875 
cellsize	0.25 
NODATA_value	-99.9 
[rows 0 to 30 of 280, columns 70 to 139 of 360]
344.82 352.10 366.36 390.32 403.92 407.99 401.72 412.48 407.56 407.18 403.35 399.01 392.84 387.24 388.61 395.46 412.01 430.99 433.79 464.05 477.00 481.18 498.83 516.63 522.79 533.13 535.88 541.63 539.88 537.82 530.74 537.31 529.82 525.02 531.19 582.81 651.15 691.39 728.80 864.31 923.88 1008.94 1049.04 1062.89 1180.96 1236.73 951.04 782.29 631.78 537.23 492.32 479.49 425.44 371.79 365.37 379.84 392.67 424.00 439.09 455.39 473.00 509.07 499.50 498.68 500.92 494.47 485.24 478.67 472.53 446.96
328.90 342.33 350.00 363.50 373.02 378.16 381.04 383.02 381.27 394.43 398.46 394.50 390.67 380.06 370.25 382.77 404.76 437.91 445.75 459.27 467.51 475.10 487.70 514.98 524.45 527.13 533.51 548.67 525.39 533.02 528.39 520.46 503.63 500.75 509.46 537.57 584.90 656.08 689.42 786.41 864.39 927.26 961.54 1010.82 1086.00 1038.66 883.01 716.85 575.14 443.02 418.48 422.24 376.51 351.95 355.29 374.62 387.47 407.90 433.58 450.42 467.45 496.17 509.05 535.25 547.66 547.23 532.76 513.10 515.64 510.54
306.78 309.53 341.03 337.40 334.43 346.23 355.49 359.93 360.02 377.17 388.03 401.05 408.28 389.37 381.06 379.63 381.45 411.12 431.88 455.79 474.52 488.66 498.23 505.46 532.45 516.58 505.39 496.19 502.49 518.11 522.42 501.38 487.28 454.22 456.85 501.24 517.82 576.75 662.57 685.34 810.44 848.80 891.24 932.64 918.95 854.37 817.98 711.44 581.45 464.70 414.66 365.91 357.74 338.15 340.74 352.92 377.13 403.12 433.30 441.21 449.76 503.43 546.10 547.27 556.00 559.05 561.98 564.67 553.21 550.90
302.49 305.67 302.54 298.65 296.48 304.59 336.75 347.94 351.37 352.29 354.00 366.07 374.69 371.92 368.28 370.75 370.61 389.16 417.87 441.79 464.70 472.01 482.08 493.02 502.78 501.08 501.38 500.04 493.14 493.88 495.73 495.01 493.17 488.51 488.46 497.51 505.97 536.01 583.97 597.94 694.15 793.27 785.05 799.38 756.53 758.26 750.89 700.22 592.96 511.72 438.57 388.41 373.72 357.34 353.54 366.32 387.31 412.92 421.39 427.83 444.64 461.59 518.15 554.48 569.54 570.13 582.67 595.20 575.15 547.23
295.18 294.00 295.75 291.39 285.88 291.62 316.87 331.30 339.53 338.92 345.41 348.14 346.56 347.59 342.75 346.29 355.25 374.49 393.36 416.71 440.59 450.88 463.84 481.46 523.93 513.13 502.86 494.20 495.52 486.27 479.49 484.91 492.70 501.10 511.55 521.75 516.35 504.18 555.98 592.81 667.01 711.80 680.15 697.15 723.61 714.58 708.25 638.47 546.63 478.86 403.49 362.82 359.12 356.68 366.92 371.08 389.02 405.10 419.80 430.36 452.23 474.23 533.16 591.32 595.26 596.91 597.19 609.29 598.13 583.93
290.52 290.38 293.06 290.37 289.99 289.92 290.42 292.79 298.12 304.30 330.24 329.73 324.77 322.35 318.34 318.88 322.54 348.52 374.31 389.12 412.25 432.64 446.15 461.71 476.50 485.27 496.17 507.19 509.57 500.00 490.56 493.79 521.93 568.86 563.87 560.53 573.38 576.28 601.00 649.15 690.42 702.09 696.32 671.78 656.22 626.65 634.67 580.72 522.10 488.37 409.75 363.35 366.63 381.59 386.52 390.98 397.53 424.90 457.68 492.65 518.98 570.01 628.96 658.84 678.88 699.73 658.42 664.57 670.99 633.88
287.93 287.24 282.81 284.35 286.87 287.37 285.83 288.23 291.75 290.91 293.32 294.23 297.30 297.14 295.47 294.40 330.03 357.78 366.85 374.50 374.61 406.25 423.36 435.13 448.01 455.66 487.18 503.91 512.09 524.26 522.39 521.87 544.45 555.25 604.49 639.68 649.71 650.02 671.10 706.17 717.69 715.70 701.45 681.32 669.41 646.15 609.85 551.88 514.41 471.62 429.23 418.42 411.57 414.41 418.23 424.70 427.46 445.46 504.34 590.90 623.08 642.04 668.29 680.05 702.55 701.57 706.88 694.44 675.18 633.23
277.00 277.07 272.92 274.35 279.51 279.90 280.34 282.96 281.72 282.20 285.89 286.32 286.20 287.12 288.02 285.23 327.10 351.40 363.83 386.03 393.74 401.18 408.88 412.51 417.49 442.32 456.71 487.60 510.42 528.55 546.15 556.43 587.23 617.83 652.00 670.02 686.53 710.42 750.16 767.85 756.32 753.09 725.82 692.92 669.70 658.01 601.98 557.91 522.43 473.93 438.11 431.71 438.60 463.01 456.03 441.33 443.92 468.47 529.55 594.89 638.87 677.31 711.85 724.81 747.53 773.96 729.03 702.25 674.68 601.94
267.19 264.81 263.79 264.85 260.57 269.69 269.53 268.54 272.51 275.39 276.37 278.45 279.68 276.30 283.10 304.19 341.91 345.48 362.43 373.47 380.68 387.33 392.61 406.59 420.99 439.13 454.29 491.01 502.35 522.50 552.63 603.25 635.92 665.70 696.67 735.95 754.77 787.55 833.31 851.64 816.11 781.62 748.91 681.86 655.90 649.46 598.61 542.34 508.66 484.16 459.09 444.61 450.39 457.84 462.92 457.57 480.58 519.72 567.93 609.51 661.68 757.29 932.70 921.95 852.68 809.92 741.34 664.22 621.09 564.07
259.22 255.13 253.82 252.77 255.24 258.73 260.98 263.18 266.48 272.65 282.49 281.31 275.95 280.33 307.02 329.70 344.54 345.66 358.84 364.06 370.06 379.26 387.21 413.95 429.08 442.38 458.11 479.32 490.16 501.64 533.69 600.92 661.97 676.37 693.66 718.92 760.99 805.85 845.85 854.27 823.57 790.41 760.29 722.83 685.88 667.35 636.61 561.28 510.37 471.88 455.26 431.62 433.90 439.10 439.34 447.15 452.87 465.57 490.93 540.84 595.35 688.57 775.61 751.88 691.08 682.88 670.59 619.45 543.13 485.83
230.32 239.29 242.23 245.44 248.40 251.13 254.43 259.04 263.65 268.68 276.93 280.70 278.44 278.43 302.62 337.36 359.73 359.27 353.30 354.07 363.95 371.16 379.06 403.33 411.50 422.24 446.07 454.18 476.35 484.28 533.33 573.93 610.88 636.11 663.99 698.88 736.96 776.19 825.17 832.30 800.44 751.11 733.95 720.93 687.89 671.18 652.93 611.50 533.40 454.54 439.38 433.22 420.83 411.17 420.54 434.19 443.42 455.58 435.34 419.28 456.35 493.46 498.53 523.70 553.39 530.11 492.32 512.65 472.62 454.05
223.52 227.87 229.62 236.25 235.93 245.93 250.48 256.25 261.66 264.55 271.60 283.25 282.07 290.77 310.36 336.64 347.29 355.17 356.23 357.88 369.43 378.74 404.29 410.81 410.59 412.41 415.70 425.73 447.39 462.27 521.30 557.71 582.13 597.59 634.31 656.65 686.28 715.26 737.58 745.49 734.27 727.32 712.92 707.82 687.05 667.87 628.91 560.24 491.87 443.47 408.22 395.12 385.48 382.28 392.27 405.46 402.70 391.64 353.89 354.17 378.73 371.40 390.44 396.59 370.87 344.34 364.58 383.18 400.57 397.62
220.44 219.81 223.17 223.33 223.01 233.71 245.86 250.83 256.71 259.89 262.78 270.04 274.74 299.83 308.69 330.07 352.19 357.76 379.29 385.08 371.30 375.92 391.63 401.96 409.12 411.74 416.69 422.50 436.05 444.25 481.67 499.63 535.56 559.89 598.78 627.88 664.86 690.12 709.96 724.37 722.01 683.00 629.47 602.11 588.04 565.31 498.42 478.19 428.38 401.03 366.22 361.35 332.12 333.30 319.04 317.38 311.61 310.73 306.23 330.88 345.40 335.99 331.82 323.82 329.56 310.84 306.91 281.79 287.86 300.91
206.15 201.12 214.23 217.29 214.00 214.76 234.50 240.40 248.61 252.01 255.05 259.16 277.32 300.25 306.55 319.54 345.20 370.30 389.04 390.99 375.93 377.35 387.51 395.82 406.85 411.29 406.67 401.59 410.30 429.32 452.91 480.74 496.08 524.38 570.99 603.04 614.03 627.91 640.84 637.84 620.80 562.40 531.13 508.35 430.83 424.94 391.67 346.69 337.03 323.82 269.97 244.06 241.19 234.21 232.85 221.98 222.83 223.07 228.99 237.89 255.26 259.50 260.80 258.20 260.83 265.13 251.04 231.18 228.90 225.76
201.23 196.40 197.93 202.44 204.83 209.01 219.74 229.58 233.14 239.40 245.97 251.12 257.45 282.46 297.46 326.17 355.29 393.61 418.85 422.51 421.28 416.63 410.03 407.23 413.50 422.93 437.31 422.92 416.15 435.04 452.83 478.70 483.26 497.51 510.50 533.83 545.88 539.73 523.26 522.63 509.95 500.74 433.71 384.47 356.69 329.07 304.50 282.03 270.01 249.92 223.84 204.92 208.51 201.29 185.99 182.68 187.75 207.03 214.65 222.76 235.55 234.00 239.47 233.98 236.13 223.58 209.33 214.32 199.54 200.80
206.29 193.04 185.49 180.87 179.38 183.28 192.20 215.51 224.28 230.45 231.76 233.70 241.08 264.53 293.50 308.68 360.05 399.71 474.00 479.86 443.56 446.20 443.87 441.45 441.35 429.81 435.60 421.59 433.32 402.10 421.43 440.80 464.94 463.51 447.06 444.33 452.99 467.40 452.69 449.32 422.81 410.13 364.90 341.79 315.71 286.05 257.75 229.29 211.15 192.08 180.95 170.27 154.85 159.14 162.09 162.76 170.54 194.20 214.12 226.76 226.76 225.29 219.45 211.72 202.26 214.70 216.93 208.89 193.09 191.04
213.78 202.30 178.08 166.11 172.12 179.66 184.74 193.44 202.46 207.25 216.81 229.25 238.65 256.43 282.04 299.05 361.75 391.09 441.82 479.05 472.85 466.04 480.29 474.22 479.14 470.69 462.18 460.54 439.42 380.50 404.01 421.33 413.70 414.64 413.05 406.88 419.42 424.06 413.21 388.56 375.13 341.53 330.45 264.77 239.71 232.50 219.15 167.32 150.59 148.26 132.94 128.71 129.30 137.01 140.67 147.88 164.00 177.33 178.70 184.13 180.83 185.05 191.06 199.42 204.66 208.59 205.61 213.64 219.15 211.08
209.62 198.80 175.71 171.75 171.73 179.07 189.08 190.88 193.84 206.53 213.28 216.39 229.01 241.16 276.15 303.55 351.87 371.38 422.33 460.88 462.51 466.22 485.00 509.18 480.36 475.90 473.62 466.04 466.35 456.02 463.04 450.42 446.15 445.53 413.18 392.22 391.99 399.74 384.01 352.32 333.49 293.88 248.44 218.06 200.41 187.75 163.32 150.79 146.87 139.02 131.90 128.62 121.84 124.63 127.94 120.52 118.83 129.69 119.13 122.26 129.03 135.54 146.84 158.21 163.51 166.35 167.39 174.35 183.82 194.86
206.92 195.39 178.81 177.52 178.53 180.46 185.19 190.64 194.48 198.83 213.02 212.73 217.94 221.79 251.22 283.69 316.60 354.67 392.94 424.30 469.72 458.93 482.49 511.59 537.60 515.69 485.03 495.55 481.76 476.24 465.03 467.88 481.45 479.93 486.92 438.13 405.75 383.33 355.58 331.46 306.94 267.47 215.02 198.13 165.19 143.95 132.22 120.59 116.02 115.77 114.37 111.25 112.62 116.81 114.30 106.76 97.38 101.41 102.52 104.93 110.68 118.77 124.66 137.57 147.04 158.28 163.47 172.88 177.30 176.89
208.92 196.33 180.68 180.78 181.74 184.10 185.06 188.19 196.22 200.67 202.41 206.84 209.88 209.96 216.75 276.02 313.82 325.17 371.64 407.09 428.95 445.47 476.66 488.58 514.94 534.83 513.15 498.29 483.76 497.58 491.62 464.88 482.66 477.20 476.27 499.70 465.14 390.85 357.72 337.66 293.98 225.36 199.61 167.67 138.40 115.46 112.46 112.32 108.24 110.75 108.63 103.47 99.78 97.91 94.52 96.82 91.51 86.08 90.97 94.05 103.64 111.94 120.18 127.49 140.51 160.57 167.71 175.66 177.98 179.78
208.53 187.69 185.64 184.56 184.20 186.09 187.63 191.09 195.15 199.76 204.05 210.34 210.24 211.40 217.36 270.74 312.94 333.96 371.39 400.21 415.13 430.51 446.22 466.08 492.34 496.08 490.02 491.13 472.99 474.04 524.18 511.51 530.69 560.38 577.34 599.29 521.79 419.32 359.82 332.83 291.84 219.01 193.18 149.94 119.52 105.20 104.52 111.13 109.00 106.87 100.25 96.07 100.99 102.04 100.64 96.36 93.18 73.76 63.43 85.06 99.18 108.83 118.86 127.72 135.61 158.55 180.21 198.48 202.02 192.93
195.45 185.83 186.56 184.44 186.84 189.09 190.89 194.96 199.57 203.67 207.51 210.95 214.17 218.73 236.96 275.57 301.25 323.51 350.25 397.97 425.76 445.12 441.91 425.66 426.52 458.56 472.75 482.14 460.98 449.97 497.09 508.26 520.97 535.71 531.90 510.11 469.18 422.63 359.34 324.51 251.02 220.94 197.67 155.15 131.36 121.01 109.76 107.25 103.53 99.08 91.63 87.38 93.78 106.05 109.64 115.40 100.29 86.60 81.06 90.22 105.36 119.24 127.30 143.99 157.05 174.39 195.18 233.51 225.17 200.02
183.09 184.69 186.68 186.45 188.15 189.62 194.18 200.24 204.82 212.07 213.62 213.65 216.05 225.71 230.96 249.57 284.22 305.25 320.95 379.84 431.95 455.60 454.26 440.82 417.19 408.98 408.43 411.35 411.28 431.91 437.56 443.13 453.79 479.95 505.89 467.88 456.97 417.39 359.18 320.63 252.80 216.62 185.38 146.16 137.82 128.58 112.87 106.51 98.05 92.67 102.17 89.24 91.54 108.19 112.53 118.81 112.40 107.79 98.18 96.26 93.83 97.70 109.31 119.36 141.94 162.63 184.41 198.85 213.58 204.04
176.67 178.93 184.15 187.64 191.01 193.16 196.49 198.52 206.53 210.56 214.94 218.88 252.75 251.76 262.32 274.24 287.92 299.87 306.35 327.57 379.21 354.89 356.41 381.54 381.72 360.25 368.58 385.55 398.42 450.12 476.17 472.00 457.04 474.19 484.98 505.50 469.52 427.45 390.87 322.16 280.91 219.02 168.92 142.49 141.40 127.90 112.81 96.40 96.14 104.83 107.23 93.93 107.79 110.50 113.45 112.01 120.22 117.55 108.35 86.46 82.95 84.85 87.83 94.71 111.56 128.90 142.64 165.90 166.29 166.06
174.35 175.12 181.32 187.27 191.11 197.19 202.88 201.64 204.60 208.96 213.56 241.62 264.02 285.70 281.80 272.64 273.25 279.09 293.04 284.97 276.66 288.29 292.65 294.26 301.54 342.48 386.49 403.62 405.07 444.21 472.46 497.02 502.28 541.58 521.50 454.57 381.75 346.55 334.13 318.79 270.51 206.88 162.29 143.01 135.10 126.26 111.08 106.31 96.62 92.06 95.47 109.88 110.68 103.49 94.54 103.25 116.33 113.50 98.30 86.66 85.14 84.23 87.39 91.63 97.21 119.29 125.21 130.64 144.63 146.57
159.46 162.63 174.73 185.31 190.54 195.96 199.83 203.55 204.78 208.56 209.63 240.31 260.82 268.14 280.17 268.53 257.59 251.38 245.06 239.78 234.83 234.70 236.09 243.85 249.87 250.88 253.47 260.77 316.94 402.08 440.19 463.04 495.93 529.84 493.51 390.85 317.73 333.66 313.99 267.69 243.35 206.94 150.84 144.13 137.00 127.72 121.82 115.41 100.63 100.27 107.70 112.05 111.08 110.63 102.86 93.91 93.21 96.38 87.90 90.58 84.98 82.53 86.27 88.25 90.04 99.42 116.17 118.79 131.07 149.33
141.18 147.70 152.87 165.43 181.95 198.45 198.76 201.62 208.10 207.36 206.65 215.89 246.56 255.82 254.69 251.74 250.23 241.26 231.74 228.89 229.06 227.46 234.11 229.44 222.87 223.92 234.36 239.37 253.97 272.75 274.41 299.78 341.90 333.63 307.60 302.99 286.57 288.78 275.44 238.27 227.40 190.54 155.52 143.30 140.98 132.91 132.27 129.12 120.87 124.78 118.72 117.66 120.87 106.56 92.41 89.93 83.38 81.32 83.00 82.39 84.45 86.67 86.07 86.79 86.36 91.69 114.43 118.95 121.07 128.27
138.57 144.79 152.24 161.78 181.44 191.01 185.90 191.12 202.11 204.13 203.90 207.06 221.62 244.30 242.33 251.82 252.99 237.88 223.90 222.52 226.90 228.40 224.00 212.80 214.19 215.83 222.60 229.65 236.36 241.61 246.90 251.43 257.19 251.19 240.27 226.88 220.41 217.21 211.55 220.31 205.46 195.37 155.32 145.01 140.96 139.56 135.49 143.08 136.35 129.77 134.49 125.41 131.72 133.50 113.81 98.73 93.34 86.43 81.30 78.34 81.39 83.11 81.63 84.34 82.40 83.28 100.72 118.72 120.67 131.34
135.51 142.19 149.98 156.29 162.07 163.14 165.93 169.68 173.87 178.99 184.54 199.76 223.56 215.69 245.08 254.14 243.67 237.91 228.14 224.23 226.26 226.12 226.84 219.54 214.19 211.77 210.89 219.14 229.57 234.48 237.78 241.65 242.01 241.04 235.19 216.43 202.91 197.60 194.30 196.62 183.21 180.28 169.20 150.85 140.38 138.18 136.25 139.72 145.05 141.83 140.65 132.33 126.44 135.36 122.31 108.11 101.52 96.82 93.49 94.84 86.44 80.57 83.62 89.58 89.84 90.80 91.32 98.75 108.48 110.55
131.66 140.05 146.36 152.16 157.34 161.62 168.21 171.41 170.18 170.10 174.22 184.15 207.71 221.10 231.98 255.51 263.48 246.77 237.79 236.93 229.69 226.37 227.05 229.00 225.92 226.70 222.26 230.47 240.34 254.38 246.83 238.22 235.79 232.16 222.12 206.44 192.92 186.64 182.42 180.32 177.10 177.68 179.20 170.47 159.94 151.85 148.47 142.50 144.27 146.79 143.17 140.87 127.30 128.69 134.88 130.67 118.53 102.70 95.21 90.62 90.75 81.32 79.21 78.97 83.22 87.15 89.53 87.56 87.22 85.86
131.99 143.07 148.90 152.62 155.71 159.56 164.35 167.06 166.69 168.25 168.52 181.94 191.35 208.99 236.24 289.47 301.00 283.60 257.46 244.49 255.60 259.04 252.82 247.53 247.46 246.81 281.82 279.33 284.14 303.48 284.09 256.57 248.14 230.54 202.95 189.16 182.32 178.35 172.08 166.03 163.19 167.05 173.55 173.82 173.48 163.73 165.57 156.72 159.59 159.30 148.85 145.26 142.58 139.92 140.80 135.31 114.15 106.60 92.02 89.64 83.01 80.61 81.90 76.77 75.62 78.21 82.06 84.66 86.11 83.81
