arc/python_arcpy/Precipitation/APHRO_MA_025deg_2006.txt
ncols	360 
nrows	280 
xllcorner	60.125 
yllcorner	-14.875 
cellsize	0.25 
NODATA_value	-99.9 
[rows 0 to 30 of 280, columns 0 to 69 of 360]
366.08 335.61 326.98 321.34 316.51 308.58 308.34 297.79 281.36 281.93 284.07 279.68 250.91 256.30 256.87 258.04 262.59 281.71 280.08 278.06 290.30 300.44 313.77 327.00 334.19 339.63 349.44 347.02 332.24 336.18 343.21 348.98 351.10 361.26 370.57 367.22 369.01 370.53 362.41 360.46 368.31 386.22 358.88 326.60 298.45 286.35 290.74 288.77 286.57 286.79 291.44 297.68 308.61 334.04 323.68 305.63 300.95 287.13 282.68 291.19 296.47 303.69 318.79 330.52 338.01 335.21 329.41 335.59 346.69 353.68
369.25 346.63 345.11 337.78 330.69 325.55 298.13 275.62 275.39 279.69 286.55 289.59 262.81 262.90 262.71 261.43 260.56 261.28 265.93 271.84 283.00 288.21 299.19 326.95 327.95 325.45 337.84 336.04 340.36 348.00 354.89 362.33 372.43 384.68 391.39 389.36 387.28 382.60 377.70 373.18 371.02 369.45 361.31 348.40 330.10 317.60 308.01 302.75 295.51 285.70 288.48 289.66 291.66 291.75 287.24 283.56 289.05 291.16 288.74 288.22 289.83 294.86 302.24 310.49 308.99 308.60 308.72 319.40 323.54 323.28
369.13 357.56 345.80 330.08 310.27 302.91 286.79 287.05 291.61 294.75 296.88 294.78 286.01 275.59 275.86 275.07 272.99 277.14 286.27 287.82 291.79 297.23 300.07 312.90 317.50 324.36 328.89 332.94 342.36 350.92 359.24 368.10 381.50 407.23 404.75 398.07 394.06 387.34 383.39 380.28 377.17 373.38 365.59 364.68 345.40 332.69 323.79 313.59 299.00 290.49 285.21 287.10 282.30 281.95 279.00 278.71 284.89 285.70 285.04 283.75 288.61 296.38 303.79 305.15 305.59 307.54 313.25 317.50 313.53 310.09
346.89 326.95 324.35 312.97 303.09 290.18 281.76 294.86 302.73 308.59 308.28 308.25 294.98 292.82 296.26 301.14 305.77 303.38 307.17 308.39 306.40 304.90 305.00 317.55 322.86 326.33 330.64 336.61 342.20 350.99 360.41 368.83 378.13 390.30 393.55 391.38 390.75 395.08 390.13 385.57 381.33 373.70 364.40 359.62 350.83 341.38 335.97 328.46 317.27 305.63 299.60 292.45 285.17 282.99 279.67 285.34 282.22 274.03 264.09 260.94 278.99 288.29 294.55 297.26 301.09 304.54 299.76 299.68 297.49 295.33
319.57 314.36 315.47 317.86 319.01 316.71 317.20 326.51 338.16 337.81 311.97 305.46 307.36 309.68 308.53 306.01 308.68 311.11 308.08 310.20 313.87 319.30 314.30 320.57 331.52 337.80 339.73 342.12 360.48 383.58 389.37 399.75 384.72 381.79 384.90 387.18 389.91 399.42 394.12 385.21 382.66 376.66 367.06 357.88 348.04 344.42 339.01 331.30 327.52 316.77 304.12 289.75 283.81 280.36 286.80 290.89 291.84 288.42 285.65 283.04 286.68 284.85 283.94 285.96 286.18 282.59 281.16 287.44 293.72 291.00
310.81 320.51 328.11 332.75 336.36 340.02 345.55 354.03 359.34 352.06 328.65 323.90 319.12 314.77 308.31 310.56 315.25 314.20 314.61 309.73 314.03 319.00 316.00 327.39 333.69 339.59 342.10 350.49 376.75 385.34 399.72 413.83 410.20 393.32 391.71 383.37 383.31 386.06 381.30 379.37 379.14 378.31 370.74 358.23 348.24 339.89 331.33 323.68 321.52 318.45 309.68 303.20 298.82 292.89 292.03 291.65 295.76 295.49 293.34 290.35 284.41 287.01 292.50 295.19 293.68 297.24 293.67 293.34 294.67 295.21
314.01 326.60 335.64 342.13 350.34 355.62 358.21 361.89 348.73 337.59 333.71 330.04 321.86 313.10 307.92 312.39 318.77 318.58 316.89 309.21 311.30 310.30 311.66 323.96 330.52 328.45 334.16 367.48 389.11 397.25 403.31 439.36 475.91 427.89 396.52 379.73 380.44 372.22 365.84 370.22 375.14 371.78 361.13 354.02 345.85 342.27 339.88 335.23 330.68 326.39 314.78 309.85 308.20 305.19 304.26 305.45 304.06 302.76 298.62 295.83 297.67 299.62 301.84 306.16 314.12 322.32 305.83 296.25 293.55 292.19
314.50 328.73 345.03 359.61 366.76 363.46 360.98 367.95 344.18 336.87 335.44 340.75 334.95 317.06 307.99 309.10 308.41 309.57 315.56 307.74 308.58 314.25 313.98 323.36 331.29 332.75 331.96 349.37 385.08 391.97 394.61 410.45 438.48 438.52 407.98 374.51 373.50 372.24 369.30 370.57 380.80 386.35 363.96 352.78 348.45 343.79 339.50 338.62 339.57 338.16 327.13 313.58 310.45 306.18 305.39 313.47 330.65 324.07 310.83 303.10 299.76 299.22 304.49 313.41 311.23 306.65 299.13 290.83 286.76 286.02
324.06 328.57 338.75 367.02 367.97 356.45 348.84 350.33 340.17 339.26 344.71 344.53 341.90 324.06 312.42 306.67 305.77 306.61 304.96 300.26 303.96 310.23 307.57 323.18 329.85 331.00 328.10 331.85 369.45 386.95 384.33 408.17 438.49 444.67 421.65 389.79 383.19 372.88 375.06 371.98 380.17 392.01 383.35 358.15 346.00 341.42 335.05 338.26 338.24 336.92 329.64 325.86 312.96 304.29 301.60 307.69 314.10 310.67 303.45 295.58 296.18 299.56 302.17 303.35 281.58 274.06 267.75 278.51 282.25 275.13
295.30 307.55 321.96 341.22 360.90 358.69 348.50 337.82 339.49 349.50 357.86 342.57 331.48 321.18 312.68 307.79 308.35 310.43 308.84 304.55 304.88 310.23 310.72 310.74 313.37 317.31 314.74 323.09 333.35 366.29 375.55 377.97 406.71 403.41 407.17 386.42 380.29 375.91 373.83 366.82 360.35 357.93 370.70 357.35 339.49 333.31 330.50 330.01 332.09 332.14 327.71 323.94 310.86 308.67 301.65 306.39 304.45 302.74 299.25 290.13 290.14 292.59 285.15 272.54 261.43 254.85 249.78 251.68 260.36 285.68
293.05 305.38 323.00 346.02 352.64 341.45 333.86 332.47 331.35 333.55 330.14 326.00 321.92 315.44 308.58 306.56 307.00 311.62 317.60 309.43 302.96 302.27 301.19 296.12 296.40 298.02 301.91 303.62 310.47 323.10 331.02 342.59 350.49 358.81 358.15 365.17 368.82 369.27 362.92 355.42 355.86 358.27 358.25 353.32 342.36 344.12 345.01 338.76 328.53 325.89 315.42 311.10 307.75 305.79 294.81 293.29 290.27 290.03 287.42 288.35 284.01 267.96 260.04 251.80 247.29 245.82 244.41 243.36 255.54 280.77
286.47 297.40 316.33 329.60 341.93 337.81 329.86 325.11 323.58 320.80 318.33 315.03 311.02 305.63 299.11 294.04 294.07 290.80 285.20 294.49 296.14 293.86 289.89 285.40 280.11 280.75 278.61 278.81 281.94 289.85 299.33 311.00 320.53 325.17 325.25 335.82 348.24 352.74 350.15 352.25 354.60 357.50 362.82 371.81 355.15 340.28 325.59 341.51 331.75 309.02 302.77 302.65 305.13 300.59 287.38 288.47 288.19 283.56 280.60 275.17 249.70 252.10 252.43 250.26 246.32 241.00 243.75 245.47 248.50 256.68
270.64 274.52 288.30 302.34 308.33 316.82 315.42 312.06 312.72 312.41 310.84 300.41 296.36 283.84 270.90 265.41 264.60 259.20 259.71 261.98 264.18 265.95 264.20 262.05 264.95 267.82 267.81 269.71 271.76 273.66 272.11 275.83 282.42 296.89 295.34 303.11 322.15 336.67 343.32 349.96 352.21 355.97 362.36 366.25 349.82 342.09 326.85 331.10 324.61 315.09 317.91 327.61 327.15 301.92 284.09 278.42 275.72 276.61 273.57 269.34 250.17 239.87 244.97 246.18 240.72 241.46 243.27 244.89 246.56 246.70
258.13 272.38 282.51 290.28 293.97 299.79 301.49 298.69 293.89 298.35 283.42 272.21 266.58 263.89 259.09 255.43 247.35 244.44 251.28 255.13 258.27 261.69 257.09 257.23 257.69 254.48 258.77 257.87 255.30 246.15 259.02 264.76 274.97 284.26 292.81 296.34 298.43 312.57 309.24 313.97 351.09 353.03 346.64 345.35 343.35 345.01 334.85 319.74 316.75 321.45 324.78 329.83 338.10 295.38 278.52 270.46 267.34 269.42 269.16 265.39 257.23 240.95 242.35 242.54 244.90 242.02 238.49 241.36 245.66 249.90
256.53 264.72 272.72 275.46 277.94 285.56 268.45 263.32 262.55 261.66 263.50 262.76 258.48 253.02 242.57 232.89 226.23 231.05 234.84 234.20 240.43 240.62 243.70 242.57 233.08 227.92 233.02 245.57 245.66 250.32 256.60 264.03 276.54 281.59 285.95 287.32 292.53 293.55 297.55 308.25 331.63 335.39 335.80 336.04 331.86 327.35 326.21 320.03 309.75 310.29 311.03 313.93 312.16 297.90 272.95 264.74 260.49 260.53 262.70 270.38 270.02 266.16 264.76 265.53 257.04 251.66 250.10 242.71 242.64 240.88
247.06 253.25 253.63 255.93 251.48 250.10 248.99 248.23 242.84 239.01 232.54 237.74 231.35 217.72 209.44 207.26 206.33 206.16 207.31 215.22 219.23 220.29 223.64 232.02 220.77 219.69 218.70 225.50 226.76 243.72 260.54 267.56 273.68 275.61 275.77 280.57 282.89 285.88 292.19 304.65 313.86 319.56 318.27 326.41 325.78 327.80 325.87 316.17 298.39 294.84 293.61 293.48 292.30 283.71 272.80 247.73 247.38 258.41 262.67 269.85 272.52 274.28 272.07 273.07 266.73 261.53 252.98 246.85 246.82 242.38
235.90 222.49 214.95 213.65 215.43 212.86 215.35 214.96 214.52 214.85 213.55 206.57 202.71 203.71 204.95 203.76 202.22 201.67 201.54 203.05 204.16 203.15 207.02 213.81 225.09 219.05 216.57 215.56 217.42 225.07 255.99 266.39 265.96 267.47 268.19 271.15 272.81 281.41 289.20 293.67 292.80 297.78 299.55 311.24 314.38 308.78 309.88 299.57 282.25 265.50 276.31 277.60 279.80 275.85 271.63 256.36 258.25 265.60 266.26 269.54 274.70 279.46 283.90 276.61 270.77 264.83 266.25 257.49 247.32 241.15
204.91 199.05 200.15 202.59 204.71 204.47 209.39 213.15 213.19 212.28 204.89 199.31 200.86 200.56 199.91 198.44 196.47 195.01 194.66 193.19 194.89 199.22 204.36 232.12 248.19 233.05 216.88 216.34 215.96 216.33 225.85 236.58 249.14 244.09 240.21 239.83 245.81 253.09 266.54 286.05 290.59 286.85 275.67 267.79 271.33 284.93 307.17 294.70 281.32 275.71 274.61 269.72 273.56 271.53 267.91 280.22 285.08 288.41 284.23 278.86 288.70 298.01 298.39 287.99 271.05 264.44 265.38 256.65 245.18 241.02
196.35 195.64 196.37 198.66 200.95 200.76 202.05 205.62 205.92 202.47 198.22 196.55 200.50 200.39 198.18 194.72 193.71 192.09 189.81 187.12 187.40 192.39 197.96 213.94 225.39 218.36 219.01 233.59 221.97 208.90 217.75 226.80 229.41 232.50 234.46 234.18 233.32 236.96 243.56 251.01 250.54 244.17 246.74 258.94 253.89 249.29 252.04 265.71 276.09 279.71 279.92 272.74 276.47 278.72 277.75 291.12 305.20 311.74 303.85 302.04 299.82 297.03 297.75 300.32 293.05 286.02 265.92 259.99 251.19 235.65
194.50 193.72 193.25 195.94 199.09 201.05 200.65 200.59 193.33 191.31 192.14 194.33 198.03 199.15 197.11 194.54 192.35 190.43 187.21 181.18 171.89 174.14 185.65 193.43 199.08 204.65 210.11 233.28 227.13 205.66 208.51 215.54 221.55 224.81 223.78 220.08 221.83 221.54 222.67 222.60 227.07 226.86 224.67 223.51 238.53 242.37 241.46 250.30 262.47 260.67 280.17 278.05 285.81 288.68 292.00 298.04 317.69 332.21 316.13 307.37 298.76 302.19 302.70 295.51 290.56 287.97 282.86 284.26 275.98 238.48
196.24 193.26 193.10 195.56 196.96 200.67 198.73 193.02 191.45 191.36 192.12 193.71 195.76 199.44 199.36 197.49 194.49 190.67 186.51 181.99 178.35 177.88 180.69 184.25 188.21 191.84 194.52 202.76 205.04 203.39 208.07 210.17 205.72 205.51 207.76 205.37 205.92 199.45 198.42 204.28 206.59 212.05 215.19 214.83 222.03 250.76 237.83 258.90 259.82 260.53 265.21 283.14 285.83 291.86 296.80 300.03 300.32 295.28 293.54 291.08 285.64 289.00 286.12 278.42 270.09 272.82 269.50 269.34 261.66 234.74
190.86 190.20 191.95 193.58 194.24 195.96 195.39 190.47 188.33 187.68 188.89 191.90 195.51 205.30 203.17 194.96 193.91 189.60 182.51 177.14 174.51 174.42 173.49 172.75 173.07 178.36 190.76 200.59 183.61 189.41 192.39 192.91 196.70 197.36 196.32 194.36 192.13 192.71 192.90 194.41 196.79 200.17 207.32 219.33 254.32 284.41 308.23 321.09 262.04 259.82 260.81 269.76 295.71 299.99 302.59 301.11 290.50 279.43 276.21 274.17 278.23 283.71 284.87 277.61 268.89 260.48 248.00 244.53 231.83 223.95
189.63 188.71 188.19 188.13 188.42 188.96 189.80 189.27 183.70 180.07 181.26 182.46 179.74 181.01 181.64 178.75 178.58 177.70 173.89 171.96 169.58 167.31 166.10 163.65 163.28 173.24 185.54 172.59 176.68 172.12 171.62 180.90 190.15 190.48 187.79 184.01 187.13 186.96 195.34 195.48 199.87 204.89 228.07 237.66 266.34 292.35 303.15 299.84 303.09 309.38 295.81 277.18 280.89 306.34 304.63 297.16 290.04 277.30 268.09 266.10 270.63 273.33 271.14 263.17 251.79 250.79 236.59 231.67 224.13 218.93
186.94 185.65 184.57 183.75 183.39 183.83 185.18 179.18 177.22 173.65 172.49 170.76 166.87 168.69 168.57 167.79 167.53 170.84 170.07 166.86 165.10 164.41 163.76 163.20 163.85 171.35 174.25 180.27 187.78 171.34 167.20 173.95 179.79 183.61 177.97 175.76 181.75 182.64 182.56 185.35 190.99 194.95 204.08 224.60 263.90 290.41 314.46 321.13 320.79 333.78 335.40 302.20 279.54 280.68 286.81 299.30 291.24 278.20 267.32 266.90 264.25 263.67 260.67 252.28 246.81 239.28 209.84 196.03 200.03 210.19
184.79 182.66 180.88 178.60 176.71 175.59 172.50 166.71 167.15 167.89 162.69 161.16 157.90 158.02 161.04 160.78 160.99 160.72 160.52 159.98 160.00 160.59 158.69 158.81 159.60 159.86 156.31 173.66 172.08 160.60 161.10 165.89 172.10 169.15 166.73 168.39 172.91 170.65 171.08 174.13 181.80 180.36 188.73 215.34 264.94 330.17 373.58 362.32 323.93 297.01 287.36 296.14 286.60 265.55 285.95 278.57 254.70 259.91 259.57 254.04 248.14 247.34 236.25 221.95 204.15 201.77 184.95 182.39 177.83 178.10
181.50 173.41 170.86 169.28 164.36 162.24 161.52 159.70 160.26 160.26 156.58 151.09 146.89 146.69 148.76 150.10 152.61 153.16 152.79 154.34 154.98 154.94 153.54 154.43 155.48 155.21 149.72 163.35 174.29 158.72 158.59 157.66 157.82 153.92 150.84 152.40 157.42 156.29 154.90 158.08 163.71 170.26 175.87 187.68 214.13 264.08 284.93 350.49 290.33 266.26 269.54 276.87 272.60 264.33 269.68 248.81 218.63 199.88 185.85 181.58 184.36 195.35 175.15 161.30 161.51 163.89 161.79 160.33 157.89 158.37
170.09 167.82 165.94 163.93 163.93 157.27 154.87 155.37 155.27 154.85 150.28 146.72 143.10 141.21 142.17 140.96 138.27 139.23 144.51 148.32 149.79 148.59 149.77 151.45 153.44 146.90 145.24 146.00 144.16 148.77 151.03 154.83 155.87 152.98 148.54 145.70 144.12 135.83 124.63 140.30 155.84 167.35 175.54 184.04 201.60 239.49 258.33 265.74 247.53 246.89 242.11 245.14 243.19 234.63 224.66 207.48 189.13 168.70 155.17 140.89 132.88 144.82 140.47 130.67 135.61 129.65 122.13 127.35 124.60 136.08
168.04 165.02 162.46 160.15 157.89 153.52 153.86 151.09 146.21 142.87 140.52 136.54 137.11 132.26 128.62 129.47 128.11 126.86 130.25 137.60 142.87 144.33 147.08 148.87 143.88 140.12 142.98 142.87 142.90 146.98 149.15 155.03 154.17 150.88 148.59 146.00 142.48 137.35 133.48 141.61 154.09 167.47 177.04 190.12 214.77 248.25 245.49 224.88 226.35 233.90 227.53 219.57 207.34 197.41 186.66 169.78 159.62 148.56 137.06 120.93 106.74 116.08 119.53 121.86 115.47 113.85 113.70 115.08 118.96 129.54
165.91 162.77 160.41 156.42 147.77 141.62 142.28 140.49 138.71 136.41 131.63 128.17 126.24 122.33 119.11 114.76 113.46 115.20 118.18 120.19 122.95 131.67 137.38 138.97 136.27 135.19 136.06 137.60 141.57 145.11 150.65 154.73 153.63 151.38 149.85 148.33 147.17 146.28 146.96 150.60 157.52 166.93 175.86 190.42 208.26 243.10 254.17 224.03 214.35 209.17 204.12 194.42 180.68 176.94 170.85 163.81 153.21 142.29 132.63 122.02 113.22 110.71 115.42 117.04 110.07 110.91 110.74 113.56 117.57 128.79
157.24 152.93 148.30 144.48 139.14 136.25 135.29 136.65 131.80 129.27 127.15 122.44 119.80 117.09 110.96 103.49 95.42 98.98 107.64 113.27 117.28 120.36 123.95 122.32 119.04 124.82 129.89 135.88 134.63 136.50 141.85 147.76 149.20 150.30 149.73 148.89 150.44 151.12 152.83 155.90 162.70 167.27 172.98 178.63 196.19 205.35 208.92 207.82 207.12 202.82 197.29 189.51 171.86 170.68 165.65 159.01 145.71 136.78 128.65 117.33 112.82 112.42 110.82 111.93 109.68 109.97 113.20 115.93 118.99 128.41
146.45 145.36 141.08 136.42 136.21 134.07 129.66 124.50 121.15 119.52 118.58 113.80 110.09 106.37 101.00 96.22 92.89 95.36 103.45 107.36 114.73 120.22 121.16 119.44 115.68 119.58 122.85 125.20 129.39 134.23 138.92 141.79 145.02 146.86 147.21 147.93 149.23 153.14 155.71 159.92 164.33 167.38 174.03 177.73 180.87 188.86 192.45 194.65 200.68 190.75 186.91 179.58 169.03 165.90 159.83 153.19 144.74 129.57 119.75 111.39 108.42 107.20 105.85 102.93 103.79 107.21 111.87 116.12 120.57 130.93
