arc/python_arcpy/Precipitation/APHRO_MA_025deg_2004.txt
ncols	360 
nrows	280 
xllcorner	60.125 
yllcorner	-14.875 
cellsize	0.25 
NODATA_value	-99.9 
[rows 93 to 123 of 280, columns 210 to 279 of 360]
837.42 879.93 902.68 910.68 908.03 926.47 954.84 973.52 991.88 988.19 1016.92 992.46 983.19 984.18 1000.97 1009.75 944.96 896.95 805.30 820.90 913.29 1009.21 1017.64 1011.85 1004.81 975.97 951.61 934.70 934.81 934.84 948.48 947.32 955.21 982.98 1000.01 1017.62 1000.70 972.79 -99.90 -99.90 -99.90 -99.90 -99.90 -99.90 -99.90 -99.90 -99.90 -99.90 -99.90 -99.90 -99.90 -99.90 -99.90 -99.90 -99.90 -99.90 -99.90 -99.90 -99.90 -99.90 -99.90 -99.90 -99.90 -99.90 -99.90 -99.90 -99.90 -99.90 2028.33 2004.15
852.91 927.69 956.43 967.91 965.81 973.14 1005.31 1020.74 1054.93 1046.27 1069.10 1123.69 1117.08 1131.33 1161.28 1179.44 1070.21 991.95 935.00 928.95 949.11 1015.16 1038.45 1051.94 1034.48 990.53 945.45 905.72 959.55 965.41 946.70 963.33 975.37 1013.09 1015.41 1041.13 1013.74 972.97 -99.90 -99.90 -99.90 -99.90 -99.90 -99.90 -99.90 -99.90 -99.90 -99.90 -99.90 -99.90 -99.90 -99.90 -99.90 -99.90 -99.90 -99.90 -99.90 -99.90 -99.90 -99.90 -99.90 -99.90 -99.90 -99.90 -99.90 -99.90 -99.90 -99.90 -99.90 -99.90
902.06 952.89 987.04 994.28 1014.11 1024.37 1055.09 1071.56 1088.18 1095.05 1128.52 1156.23 1230.94 1228.77 1257.08 1266.03 1184.83 1137.08 1065.25 1042.63 1036.77 1048.78 1069.84 1096.96 1081.18 1031.88 971.27 894.52 964.98 963.64 968.87 990.29 981.24 993.56 960.22 1007.86 982.61 968.67 -99.90 -99.90 -99.90 -99.90 -99.90 -99.90 -99.90 -99.90 -99.90 -99.90 -99.90 -99.90 -99.90 -99.90 -99.90 -99.90 -99.90 -99.90 -99.90 -99.90 -99.90 -99.90 -99.90 -99.90 -99.90 -99.90 -99.90 -99.90 -99.90 -99.90 -99.90 -99.90
929.95 978.94 1032.83 1053.64 1077.42 1114.05 1148.78 1135.43 1142.50 1152.93 1195.30 1218.90 1231.52 1228.40 1252.56 1264.10 1183.56 1113.19 1101.66 1111.26 1136.79 1178.02 1186.22 1138.75 1141.82 1114.64 1062.44 1013.88 995.85 995.57 1008.79 981.03 960.90 980.24 982.18 1005.18 1014.93 1009.09 -99.90 -99.90 -99.90 -99.90 -99.90 -99.90 -99.90 -99.90 -99.90 -99.90 -99.90 -99.90 -99.90 -99.90 -99.90 -99.90 -99.90 -99.90 -99.90 -99.90 -99.90 -99.90 -99.90 -99.90 -99.90 -99.90 -99.90 -99.90 -99.90 -99.90 -99.90 2568.45
965.56 1026.72 1124.94 1151.51 1177.57 1244.22 1348.98 1237.14 1195.48 1216.79 1222.30 1258.39 1257.31 1234.65 1220.67 1187.03 1123.56 1103.05 1152.30 1159.00 1215.00 1275.56 1269.55 1242.25 1245.87 1215.85 1148.46 1087.34 1034.24 1043.34 1051.84 1036.87 1017.13 997.52 977.40 1064.73 -99.90 -99.90 1048.89 1034.07 1031.81 1026.23 -99.90 -99.90 -99.90 -99.90 -99.90 -99.90 -99.90 -99.90 -99.90 -99.90 -99.90 -99.90 -99.90 -99.90 -99.90 -99.90 -99.90 -99.90 -99.90 -99.90 -99.90 -99.90 -99.90 -99.90 -99.90 -99.90 -99.90 -99.90
1020.33 1081.71 1147.49 1214.37 1247.37 1290.56 1324.71 1289.05 1252.06 1239.06 1242.77 1270.25 1280.95 1258.92 1186.07 1118.71 1058.71 1085.10 1168.74 1262.23 1337.10 1373.86 1358.91 1338.73 1307.88 1273.76 1214.67 1176.89 1109.32 1060.15 1065.98 1055.18 1050.61 1055.02 1081.80 1126.30 -99.90 -99.90 1094.13 1065.45 -99.90 -99.90 -99.90 -99.90 -99.90 -99.90 -99.90 -99.90 -99.90 -99.90 -99.90 -99.90 -99.90 -99.90 -99.90 -99.90 -99.90 -99.90 -99.90 -99.90 -99.90 -99.90 -99.90 -99.90 -99.90 -99.90 -99.90 -99.90 -99.90 -99.90
1075.89 1126.05 1192.59 1240.74 1288.35 1325.91 1320.52 1319.98 1311.86 1279.71 1268.01 1286.28 1266.67 1215.12 1149.02 1131.88 1108.19 1141.00 1215.75 1343.03 1370.30 1426.66 1550.49 1410.01 1302.69 1319.39 1200.25 1123.48 1094.17 1080.37 1069.55 1065.75 1063.98 1085.69 1148.09 1208.52 1180.77 1169.91 1152.40 1106.43 -99.90 -99.90 -99.90 -99.90 -99.90 -99.90 -99.90 -99.90 -99.90 -99.90 -99.90 -99.90 -99.90 -99.90 -99.90 -99.90 -99.90 -99.90 -99.90 -99.90 -99.90 -99.90 -99.90 -99.90 -99.90 -99.90 -99.90 -99.90 -99.90 -99.90
1130.22 1152.05 1218.16 1252.96 1297.52 1368.96 1346.44 1341.58 1369.25 1317.22 1257.21 1255.84 1215.31 1177.56 1151.36 1159.64 1189.24 1246.78 1319.99 1351.47 1358.49 1378.34 1409.12 1343.23 1276.06 1248.68 1164.97 1118.57 1079.40 1088.69 1084.93 1069.00 1080.00 1098.94 1184.75 1206.13 1241.03 1209.89 1177.11 1115.53 -99.90 -99.90 -99.90 -99.90 -99.90 -99.90 -99.90 -99.90 -99.90 -99.90 -99.90 -99.90 -99.90 -99.90 -99.90 -99.90 -99.90 -99.90 -99.90 -99.90 -99.90 -99.90 -99.90 -99.90 -99.90 -99.90 -99.90 -99.90 -99.90 3044.74
1159.24 1189.75 1236.11 1288.51 1330.60 1387.60 1383.15 1393.99 1370.06 1296.70 1254.38 1245.81 1247.19 1372.80 1333.50 1247.45 1254.99 1298.15 1355.40 1381.91 1409.82 1403.50 1383.69 1367.74 1287.89 1174.42 1109.49 1115.76 1097.72 1102.66 1075.42 1090.08 1116.39 1103.75 1215.98 1212.43 1227.05 1203.22 1185.16 1162.10 -99.90 -99.90 -99.90 -99.90 -99.90 -99.90 -99.90 -99.90 -99.90 -99.90 -99.90 -99.90 -99.90 -99.90 -99.90 -99.90 -99.90 -99.90 -99.90 -99.90 -99.90 -99.90 -99.90 -99.90 -99.90 -99.90 -99.90 -99.90 2636.87 -99.90
1164.80 1239.76 1311.68 1293.71 1348.37 1350.07 1381.70 1421.27 1400.57 1324.75 1191.32 1178.23 1220.19 1328.96 1378.26 1292.79 1279.40 1320.30 1396.11 1429.69 1397.54 1362.58 1395.63 1342.80 1264.34 1207.07 1138.25 1101.54 1087.23 1064.96 1077.44 1137.29 1187.96 1202.02 1300.96 1280.38 1255.82 1219.83 -99.90 -99.90 -99.90 -99.90 -99.90 -99.90 -99.90 -99.90 -99.90 -99.90 -99.90 -99.90 -99.90 -99.90 -99.90 -99.90 -99.90 -99.90 -99.90 -99.90 -99.90 -99.90 -99.90 -99.90 -99.90 -99.90 -99.90 -99.90 -99.90 -99.90 -99.90 -99.90
1194.50 1227.28 1252.39 1263.45 1303.22 1346.56 1368.37 1350.33 1312.10 1301.68 1300.65 1244.41 1128.13 1120.19 1179.66 1257.39 1269.01 1320.00 1418.74 1431.89 1391.75 1376.13 1383.49 1316.22 1296.04 1213.68 1139.27 1090.59 1086.28 1068.70 1083.73 1166.57 1297.23 1290.43 1356.44 1342.11 1298.27 1232.47 1207.43 -99.90 -99.90 -99.90 -99.90 -99.90 -99.90 -99.90 -99.90 -99.90 -99.90 -99.90 -99.90 -99.90 -99.90 -99.90 -99.90 -99.90 -99.90 -99.90 -99.90 -99.90 -99.90 -99.90 -99.90 -99.90 -99.90 -99.90 -99.90 -99.90 -99.90 -99.90
1207.85 1218.43 1226.27 1235.85 1268.87 1319.78 1339.46 1354.85 1364.62 1436.76 1333.45 1142.57 1044.34 999.32 1137.30 1255.20 1306.07 1363.68 1410.11 1414.39 1394.26 1421.74 1404.23 1314.69 1267.42 1213.47 1180.57 1162.28 1104.70 1104.72 1147.86 1364.19 1443.35 1448.55 1404.98 1416.94 1377.54 -99.90 -99.90 -99.90 -99.90 -99.90 -99.90 -99.90 -99.90 -99.90 -99.90 -99.90 -99.90 -99.90 -99.90 -99.90 -99.90 -99.90 -99.90 -99.90 -99.90 -99.90 -99.90 -99.90 -99.90 -99.90 -99.90 -99.90 -99.90 -99.90 -99.90 -99.90 -99.90 -99.90
1228.54 1239.61 1244.05 1235.99 1236.04 1314.84 1365.90 1401.48 1423.49 1391.37 1258.96 1156.47 1112.19 1125.34 1256.85 1325.76 1376.24 1434.24 1445.08 1450.16 1416.78 1410.10 1372.60 1326.10 1314.92 1293.29 1251.48 1202.75 1201.38 1210.52 1241.30 1371.71 1469.83 1548.49 1512.06 1464.10 1406.72 1328.06 -99.90 -99.90 -99.90 -99.90 -99.90 -99.90 -99.90 -99.90 -99.90 -99.90 -99.90 -99.90 -99.90 -99.90 -99.90 -99.90 -99.90 -99.90 -99.90 -99.90 -99.90 -99.90 -99.90 -99.90 -99.90 -99.90 -99.90 -99.90 -99.90 -99.90 -99.90 -99.90
1254.66 1269.26 1263.08 1273.23 1321.30 1336.47 1396.98 1416.76 1387.01 1347.02 1293.70 1261.24 1263.05 1332.99 1378.88 1413.84 1441.82 1436.34 1482.54 1467.44 1406.76 1363.62 1367.63 1369.70 1424.35 1373.12 1324.27 1250.75 1226.58 1217.04 1316.13 1446.88 1474.94 1545.19 1543.65 1480.41 1404.32 1316.42 -99.90 -99.90 -99.90 -99.90 -99.90 -99.90 -99.90 -99.90 -99.90 -99.90 -99.90 -99.90 -99.90 -99.90 -99.90 -99.90 -99.90 -99.90 -99.90 -99.90 -99.90 -99.90 -99.90 -99.90 -99.90 -99.90 -99.90 -99.90 1663.30 1864.00 1578.58 1458.48
1291.35 1325.90 1301.30 1313.46 1325.49 1365.55 1373.81 1391.21 1372.75 1393.91 1362.87 1388.93 1439.72 1398.85 1436.08 1444.22 1473.64 1430.16 1472.65 1511.10 1453.68 1384.01 1478.83 1468.38 1457.77 1418.07 1326.92 1313.84 1317.24 1316.98 1370.04 1416.84 1513.09 1502.42 1453.81 1461.72 -99.90 -99.90 -99.90 -99.90 -99.90 -99.90 -99.90 -99.90 -99.90 -99.90 -99.90 -99.90 -99.90 -99.90 -99.90 -99.90 -99.90 -99.90 -99.90 -99.90 -99.90 -99.90 -99.90 -99.90 -99.90 -99.90 -99.90 -99.90 -99.90 -99.90 1529.41 1670.54 -99.90 -99.90
1358.77 1385.00 1373.34 1377.68 1388.21 1385.51 1382.99 1428.18 1410.54 1413.20 1408.17 1429.59 1501.25 1471.49 1466.67 1469.80 1467.89 1471.28 1529.00 1552.89 1613.32 1593.99 1515.19 1487.03 1494.70 1429.87 1417.21 1419.60 1421.81 1407.57 1429.22 1439.61 1367.44 1400.56 1454.01 -99.90 -99.90 -99.90 -99.90 -99.90 -99.90 -99.90 -99.90 -99.90 -99.90 -99.90 -99.90 -99.90 -99.90 -99.90 -99.90 -99.90 -99.90 -99.90 -99.90 -99.90 -99.90 -99.90 -99.90 -99.90 -99.90 -99.90 -99.90 -99.90 -99.90 1152.12 1477.82 -99.90 -99.90 -99.90
1462.41 1484.44 1459.62 1452.14 1426.50 1419.64 1449.34 1481.24 1458.50 1427.76 1431.65 1436.94 1445.68 1468.67 1493.28 1488.65 1484.65 1515.92 1552.68 1531.45 1586.56 1493.68 1435.63 1429.96 1431.40 1422.77 1436.14 1491.11 1503.95 1435.37 1477.95 1450.24 1393.41 -99.90 -99.90 -99.90 -99.90 -99.90 -99.90 -99.90 -99.90 -99.90 -99.90 -99.90 -99.90 -99.90 -99.90 -99.90 -99.90 -99.90 -99.90 -99.90 -99.90 -99.90 -99.90 -99.90 -99.90 -99.90 -99.90 -99.90 -99.90 -99.90 -99.90 -99.90 -99.90 1366.60 1451.92 -99.90 -99.90 -99.90
1592.69 1587.29 1526.94 1510.82 1501.39 1518.79 1511.03 1454.43 1417.35 1412.11 1427.54 1432.52 1418.22 1444.17 1482.59 1488.44 1441.31 1442.83 1479.55 1515.66 1509.40 1450.06 1374.55 1377.19 1380.05 1370.13 1437.95 1487.17 1523.29 1512.78 1532.22 1453.82 1330.46 -99.90 1251.68 -99.90 -99.90 -99.90 -99.90 -99.90 -99.90 -99.90 -99.90 -99.90 -99.90 -99.90 -99.90 -99.90 -99.90 -99.90 -99.90 -99.90 -99.90 -99.90 -99.90 -99.90 -99.90 -99.90 -99.90 -99.90 -99.90 -99.90 -99.90 -99.90 1477.30 -99.90 -99.90 -99.90 -99.90 -99.90
1543.60 1559.35 1536.24 1507.92 1550.13 1498.68 1460.65 1409.46 1379.94 1362.96 1401.82 1430.34 1435.52 1457.17 1453.37 1435.24 1400.04 1434.68 1488.41 1481.97 1432.24 1421.39 1350.46 1317.63 1309.19 1378.72 1448.24 1470.43 1450.52 1487.68 1476.92 1342.73 1252.85 -99.90 -99.90 -99.90 -99.90 -99.90 -99.90 -99.90 -99.90 -99.90 -99.90 -99.90 -99.90 -99.90 -99.90 -99.90 -99.90 -99.90 -99.90 -99.90 -99.90 -99.90 -99.90 -99.90 -99.90 -99.90 -99.90 -99.90 -99.90 1838.13 -99.90 1675.50 -99.90 -99.90 -99.90 -99.90 -99.90 -99.90
1373.83 1466.35 1509.89 1516.72 1500.18 1500.49 1462.73 1438.20 1373.70 1336.88 1342.32 1379.55 1399.33 1420.71 1399.51 1399.56 1410.71 1416.04 1430.07 1427.39 1391.97 1350.75 1345.25 1299.00 1351.87 1358.36 1413.60 1456.88 1491.55 1505.75 1402.26 1336.57 -99.90 -99.90 -99.90 -99.90 -99.90 -99.90 -99.90 -99.90 -99.90 -99.90 -99.90 -99.90 -99.90 -99.90 -99.90 -99.90 -99.90 -99.90 -99.90 -99.90 -99.90 -99.90 -99.90 -99.90 -99.90 -99.90 -99.90 -99.90 -99.90 1839.61 1977.73 1956.08 -99.90 -99.90 -99.90 -99.90 -99.90 -99.90
1401.52 1439.77 1466.94 1471.03 1484.60 1528.23 1653.80 1459.30 1355.52 1326.51 1342.04 1388.74 1380.18 1381.65 1366.34 1369.69 1389.01 1401.69 1384.92 1371.26 1354.66 1329.29 1321.74 1267.17 1277.38 1318.59 1374.77 1508.13 1547.12 1450.75 1403.47 -99.90 -99.90 -99.90 -99.90 -99.90 -99.90 -99.90 -99.90 -99.90 -99.90 -99.90 -99.90 -99.90 -99.90 -99.90 -99.90 -99.90 -99.90 -99.90 -99.90 -99.90 -99.90 -99.90 -99.90 -99.90 -99.90 -99.90 1787.50 -99.90 -99.90 1980.00 2157.82 2114.62 -99.90 -99.90 -99.90 -99.90 -99.90 -99.90
1413.79 1431.05 1442.10 1430.68 1510.60 1583.25 1587.37 1434.50 1364.11 1324.29 1337.45 1306.80 1338.83 1320.98 1323.14 1326.37 1321.62 1330.35 1328.11 1312.87 1302.44 1275.40 1270.14 1203.25 1179.81 1262.93 1303.60 1317.17 1334.14 1336.33 -99.90 -99.90 -99.90 -99.90 -99.90 -99.90 -99.90 -99.90 -99.90 -99.90 -99.90 -99.90 -99.90 -99.90 -99.90 -99.90 -99.90 -99.90 -99.90 -99.90 -99.90 -99.90 -99.90 -99.90 -99.90 -99.90 1822.49 1891.90 -99.90 -99.90 1700.44 1814.30 -99.90 -99.90 -99.90 -99.90 -99.90 -99.90 -99.90 -99.90
1413.73 1414.76 1403.39 1410.85 1504.36 1551.13 1457.12 1367.31 1331.27 1290.86 1290.34 1299.37 1262.26 1267.14 1246.36 1268.36 1273.07 1247.41 1266.49 1262.29 1291.03 1248.04 1189.38 1202.81 1196.73 1193.61 1173.42 1193.25 1240.21 1295.92 -99.90 -99.90 -99.90 -99.90 -99.90 -99.90 -99.90 -99.90 -99.90 -99.90 -99.90 -99.90 -99.90 -99.90 -99.90 -99.90 -99.90 -99.90 -99.90 -99.90 -99.90 -99.90 -99.90 -99.90 -99.90 -99.90 -99.90 -99.90 -99.90 1724.59 1635.45 1658.88 -99.90 -99.90 -99.90 -99.90 -99.90 -99.90 -99.90 -99.90
1359.63 1368.30 1377.35 1360.23 1428.69 1436.06 1369.29 1300.40 1269.14 1276.30 1283.86 1229.00 1225.02 1237.23 1221.08 1238.66 1245.45 1243.56 1237.83 1232.17 1237.18 1196.74 1196.95 1184.51 1187.58 1222.77 1206.27 1190.60 1215.62 -99.90 -99.90 -99.90 -99.90 -99.90 -99.90 -99.90 -99.90 -99.90 -99.90 -99.90 -99.90 -99.90 -99.90 -99.90 -99.90 -99.90 -99.90 -99.90 -99.90 -99.90 -99.90 -99.90 -99.90 -99.90 -99.90 -99.90 -99.90 -99.90 -99.90 -99.90 -99.90 -99.90 -99.90 -99.90 -99.90 -99.90 -99.90 -99.90 -99.90 -99.90
1349.14 1354.48 1344.12 1321.31 1323.89 1328.27 1312.24 1298.44 1243.34 1253.67 1256.10 1235.14 1180.10 1183.55 1212.08 1191.30 1210.92 1238.82 1229.71 1189.39 1181.58 1202.72 1229.14 1194.69 1221.25 1183.00 1182.13 1160.46 1183.17 1293.38 -99.90 -99.90 -99.90 -99.90 -99.90 -99.90 -99.90 -99.90 -99.90 -99.90 -99.90 -99.90 -99.90 -99.90 -99.90 -99.90 -99.90 -99.90 -99.90 -99.90 -99.90 -99.90 -99.90 -99.90 -99.90 -99.90 -99.90 -99.90 -99.90 -99.90 -99.90 -99.90 -99.90 -99.90 -99.90 -99.90 -99.90 -99.90 -99.90 -99.90
1322.63 1270.06 1244.27 1307.09 1285.50 1295.07 1288.06 1241.58 1236.05 1227.27 1200.06 1172.19 1157.18 1154.44 1190.18 1179.03 1179.27 1230.92 1183.22 1127.12 1163.36 1191.06 1178.81 1166.78 1135.62 1121.67 1096.01 1153.17 1170.34 1317.77 -99.90 -99.90 -99.90 -99.90 -99.90 2747.34 2969.69 -99.90 -99.90 -99.90 -99.90 -99.90 -99.90 -99.90 -99.90 -99.90 -99.90 -99.90 -99.90 -99.90 -99.90 -99.90 -99.90 -99.90 -99.90 -99.90 -99.90 -99.90 -99.90 -99.90 -99.90 -99.90 -99.90 -99.90 -99.90 -99.90 -99.90 -99.90 -99.90 -99.90
1271.80 1233.75 1234.02 1192.72 1198.84 1226.98 1224.61 1161.18 1182.43 1178.69 1165.73 1151.77 1147.63 1144.38 1160.93 1178.30 1190.71 1207.86 1197.42 1198.59 1201.12 1216.98 1136.45 1111.30 1127.40 1121.71 1125.04 1180.14 1199.05 -99.90 -99.90 -99.90 -99.90 -99.90 1913.31 2322.68 3427.10 3172.44 -99.90 -99.90 -99.90 -99.90 -99.90 -99.90 -99.90 -99.90 -99.90 -99.90 -99.90 -99.90 -99.90 -99.90 -99.90 -99.90 -99.90 -99.90 -99.90 -99.90 -99.90 -99.90 -99.90 -99.90 -99.90 -99.90 -99.90 -99.90 -99.90 -99.90 -99.90 -99.90
1291.30 1304.37 1248.88 1225.59 1210.85 1225.28 1204.37 1212.22 1205.90 1170.24 1129.81 1123.20 1104.05 1129.65 1111.51 1143.84 1137.69 1171.10 1222.72 1238.60 1223.53 1206.25 1140.23 1078.47 1064.82 1196.59 -99.90 -99.90 -99.90 -99.90 -99.90 -99.90 -99.90 1793.48 1968.27 2187.85 3081.52 3051.69 -99.90 -99.90 -99.90 -99.90 -99.90 -99.90 -99.90 -99.90 -99.90 -99.90 -99.90 -99.90 1545.07 1764.00 -99.90 -99.90 -99.90 -99.90 -99.90 -99.90 -99.90 -99.90 -99.90 -99.90 -99.90 -99.90 -99.90 -99.90 -99.90 -99.90 -99.90 -99.90
1275.43 1282.77 1262.28 1247.88 1256.11 1276.61 1270.47 1290.47 1264.51 1191.27 1108.72 1097.83 1101.12 1078.78 1065.49 1086.62 1095.92 1180.50 1223.01 1193.99 1252.20 1176.18 1065.77 1049.77 1046.26 -99.90 -99.90 -99.90 -99.90 -99.90 -99.90 -99.90 1604.87 1754.20 2172.94 2490.94 2750.79 2984.60 -99.90 -99.90 -99.90 -99.90 -99.90 -99.90 -99.90 -99.90 -99.90 1893.78 1847.24 -99.90 -99.90 1731.19 -99.90 -99.90 -99.90 -99.90 -99.90 -99.90 -99.90 -99.90 -99.90 -99.90 -99.90 -99.90 -99.90 -99.90 -99.90 -99.90 -99.90 -99.90
1278.80 1287.43 1289.45 1297.45 1303.61 1300.61 1315.94 1383.72 1345.27 1205.57 1128.44 1100.42 1076.98 1049.55 1032.53 1065.25 1079.91 1149.38 1190.69 1163.69 1201.64 1126.15 1083.43 1086.84 -99.90 -99.90 -99.90 -99.90 -99.90 -99.90 -99.90 -99.90 1423.04 2040.70 2309.89 2475.36 2425.04 2484.79 -99.90 -99.90 -99.90 1690.59 1588.50 -99.90 1892.86 2039.54 1962.66 1949.01 -99.90 -99.90 -99.90 -99.90 -99.90 -99.90 -99.90 -99.90 -99.90 -99.90 -99.90 -99.90 -99.90 -99.90 -99.90 -99.90 -99.90 -99.90 -99.90 -99.90 -99.90 -99.90
1306.45 1315.10 1336.11 1370.31 1390.42 1378.08 1382.37 1364.12 1318.43 1213.36 1169.51 1123.25 1060.38 1025.34 1053.03 1067.31 1076.94 1116.90 1135.75 1115.28 1076.23 1054.59 1135.63 -99.90 -99.90 -99.90 -99.90 -99.90 -99.90 -99.90 -99.90 1464.30 1633.44 2229.15 2167.03 2365.36 1973.88 -99.90 -99.90 -99.90 -99.90 -99.90 -99.90 -99.90 -99.90 1899.37 1916.98 -99.90 -99.90 -99.90 -99.90 -99.90 -99.90 -99.90 -99.90 -99.90 -99.90 -99.90 -99.90 -99.90 -99.90 -99.90 -99.90 -99.90 -99.90 -99.90 -99.90 -99.90 -99.90 -99.90
