arc/python_arcpy/Precipitation/APHRO_MA_025deg_1989.txt
ncols	360 
nrows	280 
xllcorner	60.125 
yllcorner	-14.875 
cellsize	0.25 
NODATA_value	-99.9 
[rows 31 to 61 of 280, columns 0 to 69 of 360]
130.05 127.66 126.49 122.48 118.30 115.63 112.47 111.48 108.73 109.61 110.78 113.24 115.65 116.57 117.57 120.00 122.46 124.70 127.11 129.15 134.12 140.77 147.31 149.35 147.48 144.19 144.67 148.21 155.30 156.98 156.06 152.43 145.46 141.19 141.13 139.77 141.63 141.29 143.23 148.72 169.02 180.51 188.02 193.82 200.71 208.58 213.54 216.21 214.30 209.95 197.30 193.23 179.05 178.04 170.43 166.60 168.76 171.19 172.50 171.33 169.14 161.05 157.33 157.11 157.72 159.04 155.46 159.16 176.20 189.14
126.99 124.50 121.38 116.89 107.06 104.72 104.13 104.01 104.91 104.22 105.65 109.69 111.48 112.09 114.73 115.86 116.36 117.18 117.30 123.74 129.44 134.12 139.94 142.69 142.14 138.58 138.28 139.92 141.26 139.60 136.73 132.76 129.03 124.88 125.17 129.46 132.62 134.04 137.99 143.17 150.30 169.25 178.96 185.69 191.61 196.05 202.10 197.47 192.77 187.00 181.12 174.19 161.54 160.56 158.00 152.65 151.27 149.66 147.68 144.60 138.75 140.27 146.33 150.59 150.75 147.83 143.95 150.78 165.52 179.15
118.80 116.17 114.19 102.87 100.30 99.38 97.06 96.81 98.90 99.79 100.54 104.15 106.14 108.61 111.74 112.41 112.61 112.34 117.43 119.94 126.96 130.58 133.48 136.26 131.78 133.62 134.84 140.62 139.27 136.56 132.67 127.86 120.57 113.43 114.05 122.27 127.05 129.50 132.53 138.25 143.69 150.76 169.80 174.63 175.91 177.43 177.06 166.28 156.00 152.50 154.47 143.28 136.42 138.66 140.68 140.09 137.92 136.84 135.36 -99.90 132.64 130.61 131.07 136.68 136.52 133.07 129.58 124.72 146.67 162.88
114.00 111.23 107.67 98.21 96.63 95.51 92.05 92.02 94.72 96.74 97.84 99.66 101.61 103.81 108.39 110.61 111.52 113.63 118.45 122.92 125.72 127.27 124.42 126.89 129.01 128.54 127.78 137.44 140.77 138.06 132.43 124.83 118.61 114.67 112.73 116.59 121.46 124.28 124.63 127.65 132.18 136.76 140.59 141.14 143.51 142.90 132.61 133.22 134.79 135.41 125.60 118.71 117.07 118.23 120.37 120.23 120.59 120.37 -99.90 123.10 126.84 124.28 122.99 122.69 124.33 130.00 129.41 135.52 147.46 157.27
107.41 105.21 100.31 93.79 87.51 83.39 83.97 89.11 92.67 94.38 95.30 95.33 96.39 99.55 101.19 103.28 107.23 112.69 119.85 125.15 126.38 126.62 125.05 128.24 131.19 129.84 128.73 132.66 142.54 137.91 127.51 120.14 116.51 114.83 113.96 112.38 111.89 112.46 115.61 119.68 127.12 129.94 127.63 126.19 126.32 125.60 117.96 115.75 117.40 112.75 110.18 108.78 107.64 105.73 106.05 105.76 -99.90 111.75 114.16 115.96 116.74 117.19 118.84 119.63 118.88 125.42 134.89 152.79 152.76 156.96
95.64 89.83 80.36 73.85 74.58 75.59 76.97 84.13 87.14 90.32 92.93 94.56 95.84 99.00 101.12 102.88 107.63 114.63 116.76 119.88 124.86 126.88 127.21 129.89 132.16 133.69 133.66 131.76 131.95 128.26 122.65 119.24 115.60 113.40 114.21 112.54 109.12 109.38 109.67 111.13 114.94 115.90 115.00 116.72 117.30 111.56 108.48 106.55 104.47 101.45 104.06 105.62 102.20 97.78 96.14 -99.90 103.84 105.46 107.82 110.78 114.13 119.53 122.79 124.73 125.09 127.98 140.22 154.36 152.16 157.43
78.52 71.71 67.69 65.42 64.55 64.16 65.13 71.01 75.00 86.79 90.41 94.06 95.51 97.74 101.31 105.33 112.32 116.35 118.59 120.75 124.19 126.92 130.14 131.60 132.96 135.94 134.79 133.39 129.59 123.95 120.06 118.52 116.78 114.77 114.04 109.34 108.61 108.35 109.21 110.03 109.65 109.48 108.25 107.41 107.42 105.92 105.61 106.08 103.67 100.34 101.89 103.13 101.72 97.13 95.57 -99.90 102.06 104.84 107.26 109.32 114.07 125.83 130.98 136.73 141.33 146.21 155.53 165.41 164.94 174.12
-99.90 61.98 60.46 59.62 60.17 60.73 62.00 65.73 68.53 77.45 88.72 92.32 94.87 97.38 102.16 107.40 111.76 116.84 120.37 122.39 124.46 129.67 132.07 133.43 136.29 135.02 132.89 130.30 128.24 125.19 121.45 117.61 114.96 113.44 111.47 109.91 106.65 107.13 107.74 108.56 108.23 107.20 106.46 105.70 105.93 110.79 109.59 109.72 107.55 106.11 105.74 105.22 104.75 102.54 96.90 97.31 100.02 105.54 110.02 116.59 126.56 134.01 135.73 145.66 150.26 153.81 171.93 182.30 187.20 193.95
-99.90 57.05 54.74 53.54 54.72 56.41 59.63 62.56 66.31 72.03 87.02 89.86 93.37 99.27 102.07 108.26 111.44 115.21 119.85 124.05 127.76 133.08 134.45 135.48 136.99 134.38 131.73 129.02 126.84 122.04 119.39 116.23 115.14 112.01 108.08 107.16 105.23 106.13 106.37 107.41 107.26 106.74 105.96 104.97 106.54 110.41 112.92 111.56 110.34 111.58 112.14 113.23 112.36 110.56 107.82 102.00 103.88 111.65 116.90 119.79 125.30 133.94 142.14 149.96 157.27 164.64 179.73 191.09 202.46 216.93
-99.90 53.56 48.47 45.55 47.98 53.09 57.46 61.15 65.04 69.21 80.28 89.78 93.33 98.22 103.83 108.48 111.58 115.22 119.59 125.52 131.35 141.25 143.86 137.74 136.77 133.84 131.30 129.07 126.32 118.04 113.88 112.14 110.97 105.26 106.62 106.20 106.07 103.65 103.70 105.57 104.80 105.63 106.61 105.37 106.37 112.11 115.27 117.61 117.53 119.85 122.69 125.21 125.41 124.35 124.00 123.60 121.36 122.26 125.77 130.32 139.80 150.13 152.15 156.15 164.68 169.73 177.08 191.32 202.00 213.81
-99.90 52.90 44.94 33.13 42.97 52.81 58.67 63.21 67.25 71.43 78.47 90.34 94.08 96.42 104.45 108.08 111.31 114.76 118.50 124.47 131.05 138.26 140.79 138.30 135.88 132.92 130.32 127.64 122.86 117.20 114.34 111.18 109.05 108.03 109.49 111.86 107.15 102.63 101.85 104.58 104.94 106.61 107.09 107.43 107.77 116.78 120.15 122.76 128.90 130.89 132.67 137.85 138.36 139.58 139.41 137.82 136.52 139.89 144.02 151.18 163.77 166.61 168.57 169.09 169.74 169.91 174.78 178.14 179.51 204.76
59.80 56.20 50.54 46.23 49.30 56.17 61.09 65.21 69.11 73.00 77.26 85.51 93.55 95.15 95.29 100.79 108.07 111.34 114.22 118.47 124.66 127.64 133.61 135.28 133.61 131.36 129.51 127.66 121.49 116.91 114.28 112.77 110.12 110.09 117.62 123.63 119.21 107.47 110.54 113.38 114.17 114.60 113.73 113.19 114.56 121.36 123.83 127.58 132.77 139.52 145.87 155.87 155.67 153.72 153.42 157.01 153.34 155.72 162.78 170.30 174.94 175.30 172.93 170.66 169.05 168.32 173.37 174.50 197.60 218.40
64.17 60.87 58.23 57.43 57.23 60.72 64.29 68.31 72.03 75.06 78.47 87.63 91.15 92.41 93.05 98.81 103.33 105.86 108.64 114.12 118.88 122.09 123.60 127.90 130.83 128.88 127.56 124.28 119.01 117.98 123.66 145.02 135.16 110.84 115.87 128.63 132.32 123.42 123.18 123.02 122.42 126.10 129.70 130.35 129.09 131.61 135.57 141.84 147.44 156.89 177.63 181.83 173.09 167.43 174.18 192.99 207.65 218.39 217.35 213.82 217.59 219.86 206.86 190.34 188.05 187.38 188.22 191.21 206.88 202.45
69.85 65.93 65.37 64.93 63.72 65.89 69.72 74.42 77.67 78.91 85.90 92.29 93.71 93.76 93.33 95.77 99.99 102.74 105.47 111.17 114.76 117.59 118.95 120.43 122.61 121.03 118.25 114.77 115.38 116.49 131.48 175.93 196.56 228.38 235.35 216.03 160.99 163.22 162.97 133.24 130.97 134.50 139.95 144.97 145.35 145.25 156.41 164.61 174.43 191.15 209.58 221.03 224.18 232.50 230.69 237.42 275.73 289.76 286.05 291.58 267.40 250.58 231.69 222.02 218.89 214.69 232.58 282.25 297.44 273.23
86.16 72.86 70.21 70.29 69.71 71.08 74.96 85.23 86.53 89.75 96.81 97.00 96.45 96.04 95.40 94.61 96.42 102.66 106.77 108.64 111.98 114.32 115.28 112.67 116.49 114.71 111.55 111.40 112.16 113.41 117.17 175.62 198.00 251.60 317.12 398.68 286.84 239.02 237.18 164.02 141.94 148.13 159.43 160.83 163.67 163.38 171.05 176.76 196.69 223.93 242.47 253.77 258.69 269.10 274.46 300.82 327.54 334.97 339.56 347.70 324.41 274.38 258.82 235.98 247.15 326.47 412.94 466.91 546.53 451.87
95.00 94.77 85.76 76.06 74.17 75.71 78.83 85.40 90.15 95.12 97.97 98.62 98.27 97.71 96.49 94.70 93.62 97.29 101.08 105.99 108.07 105.20 102.69 100.81 103.84 109.83 110.95 108.94 107.70 107.76 133.53 163.87 175.23 228.79 278.75 322.85 317.67 291.33 262.49 228.46 215.60 179.64 178.63 187.38 202.46 200.79 191.28 215.28 235.79 241.52 252.37 258.65 273.52 307.16 311.76 315.88 337.21 365.04 371.95 385.64 370.30 341.55 325.05 300.55 337.12 414.14 585.42 797.13 828.28 702.96
94.62 95.58 97.38 95.21 91.36 89.56 94.90 95.32 96.40 98.24 99.27 99.71 99.70 99.14 97.28 94.97 92.41 90.37 95.67 97.04 96.34 94.99 98.90 101.30 102.88 106.88 107.67 107.97 105.72 104.88 129.48 151.77 162.45 217.58 253.63 271.83 282.05 294.61 294.67 317.75 349.88 330.70 308.03 287.10 268.31 242.90 220.81 235.60 236.65 251.35 264.61 273.09 308.09 328.68 347.66 355.47 375.13 381.13 394.76 405.27 380.95 396.08 361.78 305.31 359.18 455.19 634.45 828.68 867.25 848.37
98.30 100.32 101.07 100.34 99.70 96.23 97.26 96.42 97.40 98.53 100.18 102.06 103.38 103.06 99.44 96.32 93.49 91.50 92.38 92.45 92.47 91.53 91.22 93.41 97.93 105.53 104.31 101.12 99.26 101.10 105.50 114.20 130.18 165.58 230.76 255.34 279.32 303.89 353.22 407.25 457.65 482.40 462.22 399.51 361.39 281.79 250.60 259.70 261.12 282.19 276.11 312.46 335.06 365.29 397.63 417.68 417.56 418.73 419.76 428.74 427.96 420.86 409.19 336.14 397.41 503.77 712.57 779.23 776.16 776.00
105.98 104.51 101.15 98.84 97.93 92.01 96.85 98.34 98.60 99.09 101.33 103.67 108.40 109.87 101.79 96.96 94.34 93.37 94.64 95.09 94.82 91.71 91.59 92.42 95.55 104.37 106.59 105.74 104.53 106.90 112.20 124.51 128.21 158.68 214.29 245.51 277.71 342.21 413.96 492.21 556.86 594.73 579.71 516.98 434.66 351.01 260.12 242.17 255.08 312.84 346.60 372.10 400.96 443.82 465.95 507.70 528.98 547.50 553.96 505.99 469.46 443.78 433.22 325.02 317.34 319.80 374.23 370.48 361.78 393.47
110.54 103.38 101.18 100.11 95.73 91.50 95.77 97.52 98.60 99.95 100.20 102.15 106.04 106.55 100.47 96.63 94.10 93.48 94.04 95.26 96.26 94.15 92.91 94.92 100.19 106.89 112.66 112.47 112.71 113.45 123.63 132.73 142.61 182.32 248.61 261.19 303.18 372.86 458.64 547.37 643.39 707.14 711.68 644.42 540.82 479.94 449.08 360.00 310.17 353.17 376.41 401.09 450.26 487.58 519.20 518.97 482.23 510.71 519.91 520.09 465.61 392.07 337.91 256.55 191.08 204.67 232.64 -99.90 -99.90 -99.90
109.95 105.71 101.11 97.90 91.81 91.40 94.45 96.62 97.19 99.79 99.95 99.06 98.97 98.61 96.14 94.14 92.58 92.45 90.41 92.94 95.79 96.51 97.24 100.38 105.41 110.59 117.48 118.30 120.70 124.43 134.92 150.94 170.50 226.20 281.51 306.73 352.75 425.33 508.35 581.67 691.98 742.98 716.75 633.12 575.98 569.58 567.60 586.21 569.96 491.01 494.28 457.35 480.30 460.89 434.01 413.97 403.63 406.76 349.73 344.50 361.54 275.66 250.55 265.54 297.35 265.47 236.77 224.97 214.28 218.04
105.29 104.53 101.40 97.86 91.46 90.62 93.49 97.60 96.21 96.96 98.64 98.09 98.29 96.10 94.39 93.14 92.92 88.95 84.47 89.94 94.27 99.66 102.85 105.30 109.06 116.13 120.28 126.05 128.26 139.45 155.62 167.32 203.01 272.18 305.09 340.15 389.78 450.28 523.21 642.73 737.20 735.05 624.78 459.48 441.22 446.70 655.64 746.24 682.19 629.84 445.36 343.62 383.01 435.56 407.25 458.87 410.04 288.14 259.58 298.81 324.46 316.31 295.02 305.69 299.89 291.42 271.94 245.33 212.64 197.87
100.67 98.80 98.41 95.47 91.17 90.77 93.78 94.97 96.24 96.94 97.52 98.44 98.71 97.11 94.39 93.16 93.32 90.13 86.21 92.22 97.49 101.38 106.05 118.09 130.34 138.06 137.88 145.43 150.78 164.41 170.72 199.10 219.15 270.25 319.30 357.46 395.25 445.46 558.81 709.60 816.43 750.13 540.65 395.37 319.27 416.98 517.97 576.93 600.82 645.53 566.51 589.08 534.48 607.15 571.93 509.07 439.73 403.72 377.56 316.47 294.75 302.94 292.61 271.10 275.62 262.85 251.69 235.21 217.32 194.12
100.09 95.42 95.07 93.35 90.40 90.92 94.17 96.28 96.69 99.35 100.83 100.35 98.68 95.33 93.83 92.37 92.89 91.78 91.66 94.86 100.80 106.80 115.73 130.05 143.98 156.70 158.32 164.96 167.45 176.59 198.61 224.33 241.73 274.36 304.46 326.11 372.27 417.41 516.06 709.06 823.46 785.42 546.50 364.52 230.30 221.78 269.29 304.72 403.27 539.08 662.85 705.74 583.80 661.71 676.62 591.76 488.13 411.10 354.53 308.17 284.08 276.34 264.47 263.94 259.73 264.49 254.09 225.53 208.98 194.53
101.96 98.63 98.10 95.36 92.96 92.49 97.16 99.26 100.01 100.84 102.04 99.29 97.33 94.12 92.10 91.57 90.42 90.34 92.83 99.15 105.42 125.30 139.63 150.20 157.30 165.39 195.22 201.46 212.43 234.22 267.65 269.76 267.35 272.85 294.13 307.58 335.39 367.30 464.67 665.78 723.16 681.26 540.89 411.88 300.12 231.43 159.91 155.90 189.62 344.17 415.66 477.15 513.66 581.58 678.19 717.53 533.47 430.94 346.07 296.98 278.75 259.47 248.23 248.31 256.59 263.01 257.15 233.52 206.36 188.98
96.07 93.36 95.89 97.01 96.44 99.11 102.13 103.61 106.04 106.72 104.85 102.26 100.19 95.77 93.64 91.11 88.94 90.25 93.46 99.88 113.95 135.93 151.01 164.49 181.69 232.15 248.55 257.17 276.93 272.57 270.66 270.22 270.22 265.53 274.92 281.79 301.33 329.96 377.12 479.39 575.92 542.89 385.11 334.59 365.72 224.75 127.61 122.17 143.19 209.46 297.83 329.69 376.00 468.16 554.11 609.66 504.97 400.40 323.58 277.85 261.61 250.55 252.68 254.22 253.64 255.35 250.31 230.45 205.23 181.99
88.07 89.92 91.89 93.08 95.45 100.13 104.58 107.52 115.77 118.25 108.35 105.00 102.98 99.25 95.85 89.39 88.60 89.08 93.23 102.61 126.23 137.90 163.15 213.88 259.15 288.53 316.30 293.58 277.08 268.22 262.91 262.39 262.20 256.37 247.50 245.81 262.07 274.08 348.99 420.21 332.43 168.24 149.64 121.85 130.37 136.53 120.46 124.07 136.86 165.10 228.80 271.80 322.35 376.00 465.17 478.62 431.35 341.16 289.02 257.34 234.25 244.83 248.58 248.28 248.08 245.94 239.57 225.61 200.14 159.75
86.69 88.97 90.96 92.55 94.91 98.67 102.74 105.19 111.12 111.18 106.82 104.96 101.79 99.34 90.21 86.93 87.94 88.65 91.74 105.38 121.02 140.27 199.61 257.80 279.96 319.48 362.00 347.23 332.92 298.31 258.26 251.47 245.67 243.28 243.53 245.02 237.03 228.00 215.47 159.26 113.04 102.16 104.25 106.30 106.55 114.50 130.96 129.51 157.56 186.77 225.53 271.40 311.19 352.17 412.37 425.14 393.12 306.23 266.23 235.72 227.32 232.51 237.48 232.49 223.08 212.37 184.40 139.86 113.81 94.24
83.75 87.36 89.31 90.83 92.91 94.58 93.75 97.83 103.17 103.29 102.98 101.32 98.86 95.41 85.43 85.16 87.61 87.67 87.17 98.47 109.53 132.35 195.88 246.73 272.64 307.98 324.02 325.91 310.78 299.68 263.83 251.59 246.05 240.48 241.65 246.04 243.11 219.93 216.57 180.77 151.01 126.22 102.98 118.36 169.72 254.94 249.97 240.81 230.58 249.90 241.46 255.04 283.43 325.40 326.60 367.75 332.68 273.20 233.64 223.01 203.31 171.49 153.46 149.78 137.05 134.29 123.55 107.86 96.86 85.85
81.27 85.52 87.59 89.04 89.70 90.04 90.03 93.61 98.93 100.42 99.47 97.48 95.38 90.16 84.51 84.52 84.68 86.46 83.01 92.81 110.05 130.56 193.92 249.22 269.23 288.65 306.65 313.78 322.97 301.10 284.21 293.76 282.73 257.66 252.81 254.95 285.70 305.01 308.71 231.08 204.43 179.91 170.34 214.46 285.87 485.35 490.41 455.86 305.98 324.21 314.29 284.29 314.55 328.15 288.66 249.58 237.57 220.16 216.49 187.78 173.76 158.83 140.42 126.47 120.52 114.85 100.09 94.86 92.33 85.71
80.15 85.52 87.04 86.87 87.24 87.19 88.46 91.17 97.11 96.92 96.57 94.60 91.49 85.04 85.27 89.59 86.59 84.89 83.42 98.88 110.17 126.46 177.03 234.74 272.89 315.63 334.28 336.96 333.31 332.94 355.57 360.31 332.72 308.49 299.18 321.84 315.52 305.44 290.45 260.50 252.25 266.55 344.47 349.41 443.88 553.83 486.16 382.92 311.22 256.94 274.20 255.53 263.90 288.20 254.02 210.76 196.58 184.99 175.17 156.22 158.48 149.58 127.90 106.38 91.14 90.85 86.03 84.62 82.41 80.62
