arc/python_arcpy/Precipitation/APHRO_MA_025deg_2002.txt
ncols	360 
nrows	280 
xllcorner	60.125 
yllcorner	-14.875 
cellsize	0.25 
NODATA_value	-99.9 
[rows 62 to 92 of 280, columns 70 to 139 of 360]
125.44 128.96 126.11 122.02 116.85 115.97 112.47 113.18 113.80 111.27 108.43 103.84 98.18 95.99 93.88 87.62 86.65 85.54 81.93 74.62 71.08 69.53 67.70 65.61 61.88 60.30 57.33 50.90 47.69 47.66 47.60 47.43 47.15 47.32 47.30 46.89 46.56 45.86 43.73 43.47 42.81 42.65 42.21 42.64 43.36 44.67 44.85 44.18 43.88 43.77 45.77 45.94 45.60 45.94 44.15 43.85 48.09 52.68 54.32 54.36 51.83 54.64 58.39 60.07 64.74 69.67 67.45 70.62 77.39 79.37
124.69 126.04 122.37 118.46 112.40 112.52 110.79 111.17 109.66 109.77 108.35 104.05 94.63 87.88 83.33 81.91 80.29 78.67 76.58 71.25 69.75 68.11 65.48 61.57 54.41 54.45 52.71 47.47 47.11 46.62 46.56 46.46 46.19 45.95 45.81 46.00 45.63 43.85 43.01 42.93 42.18 41.56 40.10 41.14 43.33 44.11 44.28 45.52 46.16 44.38 43.93 45.89 46.07 51.14 54.83 57.58 59.42 58.61 56.68 55.88 56.09 56.93 58.32 62.33 67.04 74.02 64.04 70.52 79.81 86.66
124.52 121.75 118.61 117.43 110.45 108.19 108.16 107.38 107.30 106.81 103.69 98.64 87.52 83.94 82.27 82.39 80.59 78.70 70.92 70.13 68.34 65.19 61.27 57.66 51.97 51.46 47.26 46.22 46.71 46.68 46.44 46.26 45.94 45.19 44.82 44.63 44.15 43.34 42.92 42.68 41.88 41.04 39.63 41.31 44.14 46.10 47.62 47.83 44.99 45.12 45.69 46.65 50.97 59.24 59.12 58.25 58.37 60.64 57.35 56.73 55.74 54.52 52.99 56.40 62.39 66.70 67.79 73.49 77.67 84.64
119.51 115.75 115.31 115.51 108.42 106.34 105.26 107.08 107.02 102.64 96.62 92.34 84.10 82.72 81.41 81.01 79.29 75.28 70.13 69.21 67.88 65.57 61.32 58.92 56.51 51.35 47.05 46.68 46.50 46.27 45.62 44.96 44.67 44.63 43.99 42.96 41.99 42.15 42.64 42.66 42.16 42.06 43.61 46.18 46.04 47.22 47.07 43.88 44.07 44.53 44.80 45.92 59.34 58.40 57.07 57.11 58.17 58.10 57.57 57.07 55.97 54.51 52.05 52.46 61.24 68.74 75.50 80.24 87.62 98.30
115.93 113.05 113.12 112.55 107.38 103.38 106.19 103.65 100.93 96.88 92.31 90.05 83.07 81.69 80.87 79.61 77.80 70.27 69.72 68.04 66.96 66.21 62.54 60.67 54.92 51.20 49.19 47.54 46.76 46.13 44.99 43.40 42.33 42.94 42.55 41.64 41.92 42.07 42.27 42.76 43.71 44.95 46.74 43.95 46.19 46.76 43.50 43.51 44.94 45.43 44.91 46.98 55.61 56.35 56.95 57.86 58.01 57.95 57.59 57.21 56.32 55.51 55.69 57.67 61.99 67.35 72.68 79.26 99.16 107.16
112.66 111.09 109.68 108.38 102.61 103.27 100.00 97.51 94.49 93.58 89.73 88.51 82.40 80.85 79.95 79.22 74.02 69.59 68.46 67.93 64.35 63.66 62.91 59.49 54.13 52.03 50.65 47.86 47.49 46.52 45.11 42.43 39.83 41.60 41.77 42.52 43.35 43.98 45.00 45.58 46.25 47.50 47.20 46.44 45.47 42.87 43.39 43.84 44.39 44.52 45.17 49.22 55.18 55.86 57.54 58.13 58.08 58.03 57.80 57.38 56.68 56.62 57.30 59.07 62.17 66.19 71.80 82.60 91.32 103.85
108.34 108.29 106.56 102.53 99.84 97.43 92.88 93.32 93.01 89.78 87.78 84.79 81.15 80.51 79.73 77.77 71.80 70.22 68.57 67.40 66.57 64.02 60.33 55.81 54.80 52.74 50.42 47.82 47.22 47.12 46.57 45.05 43.68 42.62 43.59 46.28 47.20 48.16 47.32 47.20 48.38 46.44 46.43 45.33 41.35 41.60 42.61 43.50 45.22 46.57 47.22 50.40 58.89 57.82 57.66 58.27 57.96 57.45 57.12 57.11 57.13 57.14 57.49 58.85 61.46 65.30 73.96 86.04 95.34 106.80
107.11 105.90 101.92 99.57 96.64 93.73 91.62 90.50 89.14 86.13 84.94 80.55 80.16 80.24 79.96 77.65 72.97 71.05 69.29 67.29 65.79 64.72 60.66 55.19 54.49 53.46 50.05 48.99 48.23 47.69 47.61 47.53 46.00 46.23 47.16 48.27 48.61 48.85 49.28 47.68 47.21 44.00 45.36 41.31 41.40 41.91 42.04 44.76 45.47 46.29 46.71 49.95 62.76 63.34 61.14 59.32 58.04 57.47 57.03 57.10 56.74 56.35 56.53 57.47 59.57 63.66 75.48 85.03 92.96 102.68
103.06 100.13 96.76 94.66 93.69 91.14 92.35 89.44 85.32 81.93 79.18 77.93 79.24 80.19 80.90 78.46 75.50 73.29 70.33 67.74 65.10 63.48 59.16 55.75 54.97 53.48 51.28 50.85 49.98 49.94 49.06 48.25 48.48 48.05 48.73 49.15 49.15 49.35 49.81 49.35 45.50 45.15 44.37 40.94 41.30 41.37 41.74 45.42 45.40 45.47 45.65 49.34 63.00 62.66 63.07 63.12 63.60 58.83 56.96 56.67 55.84 54.98 54.47 54.63 58.31 67.47 74.32 81.11 88.26 96.24
97.25 99.05 95.77 94.72 92.04 91.44 89.83 87.30 83.49 74.63 73.80 76.80 79.07 80.78 82.72 81.25 79.20 75.91 72.25 68.93 64.53 61.16 58.75 56.71 56.42 55.98 53.18 52.53 52.44 50.96 49.25 50.05 51.17 51.11 49.83 49.44 49.96 50.40 50.48 50.62 45.71 40.69 39.75 40.68 40.93 40.74 43.17 45.42 45.32 45.61 45.77 56.24 63.47 63.73 64.22 64.22 64.66 62.29 57.89 56.33 55.04 53.49 51.93 54.34 57.65 62.60 69.44 76.14 83.96 91.61
106.92 111.15 106.53 97.64 91.54 88.97 87.82 84.16 82.80 79.04 77.56 78.87 80.13 81.81 83.75 83.37 86.80 78.99 73.60 70.42 66.99 63.84 59.92 58.97 57.91 57.78 71.66 57.97 61.23 81.01 83.80 52.18 49.56 54.71 74.71 68.91 61.06 51.76 49.78 48.33 41.20 37.60 37.64 40.51 41.04 40.22 46.36 44.71 45.12 45.53 48.63 63.53 63.81 65.57 64.73 64.71 63.87 63.38 61.74 58.91 54.95 55.56 56.78 50.36 40.55 53.48 64.36 71.55 80.75 86.83
126.91 126.59 111.38 106.67 102.27 91.59 88.39 86.52 83.82 81.62 81.14 80.82 81.21 81.97 82.04 82.99 81.03 77.89 75.35 72.67 69.61 72.59 73.21 70.98 66.85 91.65 108.79 113.61 117.44 116.11 115.24 107.46 82.78 108.49 111.42 111.63 110.96 111.52 108.86 67.82 41.05 37.91 37.84 39.49 47.17 85.52 89.09 65.85 53.28 63.01 78.62 76.40 102.34 122.34 97.83 69.62 63.95 62.74 61.45 61.18 65.60 66.96 61.64 53.18 47.75 55.25 63.10 69.53 76.36 82.67
133.77 127.19 115.93 111.23 115.82 102.80 96.39 93.95 86.84 89.95 89.21 89.00 83.51 81.68 81.05 80.65 80.38 79.66 85.70 90.61 91.22 105.60 112.07 115.68 117.42 119.84 122.33 120.42 119.34 119.13 119.17 120.44 118.03 116.48 115.91 115.51 116.38 117.74 119.10 116.17 71.37 96.31 83.10 73.53 103.25 103.36 106.71 112.46 122.33 124.92 118.96 122.21 127.44 127.83 127.59 105.81 76.85 81.43 79.25 79.14 76.08 73.72 70.88 65.55 62.87 63.14 66.10 70.95 74.13 78.31
133.00 134.47 135.74 128.76 124.00 111.66 115.48 110.88 106.48 100.56 101.88 94.74 92.62 86.52 83.76 85.27 88.88 96.00 109.07 113.77 115.15 116.48 118.20 119.67 122.86 123.65 122.70 122.18 122.47 125.34 126.15 124.22 120.33 119.22 118.58 119.69 120.58 119.48 118.08 118.03 126.54 110.01 108.86 108.80 106.46 107.71 131.99 135.43 125.02 131.87 142.01 141.65 143.07 149.33 155.24 141.05 144.96 141.71 121.97 107.33 107.82 97.41 95.48 93.70 86.07 83.34 85.93 87.22 84.18 88.06
135.02 133.80 137.96 143.85 142.55 137.33 125.47 127.79 123.60 122.61 110.23 101.80 103.07 103.09 101.17 100.99 106.15 114.61 114.73 115.74 119.84 120.27 121.32 122.57 122.69 123.08 122.77 123.05 123.73 125.39 125.45 120.79 120.49 121.13 119.71 118.44 118.26 117.47 122.41 127.48 131.27 125.34 124.22 136.53 132.91 138.49 146.38 152.82 147.72 147.96 162.55 155.43 163.79 174.96 164.07 164.98 157.50 152.24 138.46 137.77 152.31 148.12 121.65 109.69 106.78 107.72 99.90 100.81 104.42 107.07
134.55 136.11 135.51 143.02 143.80 134.16 127.02 126.38 125.25 111.41 103.00 103.30 103.05 102.15 104.50 109.61 116.20 120.33 117.28 122.40 122.86 123.23 123.79 123.07 122.46 122.18 122.39 123.12 124.13 124.41 124.05 124.27 126.74 139.30 149.04 132.15 124.61 134.62 135.21 133.00 131.33 133.41 152.56 150.07 154.93 175.72 182.16 179.76 185.68 182.64 180.35 181.15 177.32 176.29 177.11 176.84 173.89 171.51 171.10 167.65 171.82 163.53 154.16 133.97 147.66 158.98 156.29 167.87 166.82 171.08
137.07 137.82 137.08 137.22 137.54 136.75 127.50 111.12 103.06 103.92 103.68 104.05 103.26 108.08 123.11 121.39 123.56 121.22 125.41 124.31 123.56 123.93 123.95 123.58 123.62 123.72 123.79 123.80 124.12 125.23 136.92 156.27 174.68 174.21 174.63 174.09 169.74 159.25 146.69 134.90 131.53 149.20 161.61 172.15 200.82 201.96 194.54 198.70 198.63 188.72 184.41 184.95 188.15 194.13 194.89 198.59 197.09 193.64 205.54 206.08 203.05 205.23 196.50 173.44 169.94 173.21 199.99 210.91 213.19 215.58
143.23 139.21 136.77 133.95 134.71 134.82 127.73 113.01 103.29 103.29 103.66 104.26 104.35 116.03 122.78 124.52 124.72 126.01 125.25 126.31 124.49 123.99 124.50 125.72 126.35 132.86 128.24 131.98 147.81 166.32 180.44 179.90 182.20 180.28 178.63 182.73 185.57 185.04 184.09 178.18 187.33 209.91 220.41 224.40 240.83 235.92 219.81 209.84 215.94 209.93 206.78 209.78 213.58 222.98 226.36 224.39 223.63 219.28 216.47 219.20 222.65 228.51 236.97 230.02 224.71 223.82 217.73 219.32 222.35 225.22
144.18 138.99 139.16 138.40 135.25 130.78 116.86 105.13 104.05 103.52 103.93 103.44 107.00 119.48 121.35 123.25 122.87 124.65 125.16 125.19 126.91 126.22 128.53 143.70 150.39 153.79 162.29 177.17 183.85 184.39 185.06 185.97 185.87 185.83 185.06 191.16 195.47 195.03 198.69 211.69 222.02 234.09 242.93 250.56 255.26 253.96 253.71 255.95 255.33 257.49 253.47 252.05 252.82 252.91 254.60 247.34 235.38 236.63 248.62 247.03 246.19 247.68 248.38 249.29 250.60 256.93 252.21 244.95 245.98 236.12
131.78 138.66 140.24 138.76 124.27 109.90 106.85 106.09 105.69 105.61 105.35 105.32 112.82 120.96 124.14 128.27 125.42 124.09 124.85 135.45 126.14 134.77 149.81 155.54 158.52 162.71 178.64 181.12 184.90 185.83 187.89 188.43 189.33 191.19 197.39 201.64 202.27 205.66 209.83 233.16 237.16 256.42 271.64 270.53 266.45 263.94 264.90 269.05 273.65 272.14 274.24 273.89 275.25 282.72 284.85 286.87 280.82 267.86 263.77 263.95 266.70 275.52 274.97 267.11 262.62 260.26 265.50 261.44 256.35 248.60
138.29 134.73 128.57 121.32 114.38 108.04 107.15 107.24 107.10 105.85 105.40 106.26 111.81 121.06 126.78 126.44 124.86 128.63 127.68 130.68 142.72 157.14 160.14 159.61 159.47 173.10 179.87 181.48 188.92 189.30 189.80 190.00 196.10 204.30 205.97 207.37 210.15 214.66 226.25 237.13 243.28 271.74 276.61 278.37 283.46 280.46 281.52 282.21 284.50 290.29 289.13 289.21 288.93 288.68 291.36 298.91 301.47 300.33 292.51 289.44 286.41 291.26 293.72 293.62 294.71 283.60 288.09 280.98 272.14 298.34
116.46 115.95 114.13 114.22 108.99 108.83 108.91 108.36 108.96 108.04 108.31 107.69 111.26 122.57 123.68 123.23 125.56 131.20 144.01 129.65 140.18 159.18 161.13 163.38 166.29 170.46 185.11 187.54 186.45 187.04 188.76 188.62 201.16 204.93 206.03 208.10 213.62 213.68 236.84 252.07 269.49 273.69 277.30 280.19 287.31 291.81 292.53 293.06 293.01 302.55 315.26 316.41 317.27 320.35 325.25 326.58 324.89 326.70 326.26 321.77 310.00 311.53 309.35 309.86 308.75 320.14 317.54 308.03 313.34 318.90
110.20 114.70 109.55 106.56 108.22 110.36 110.54 111.22 110.95 110.47 110.84 113.33 115.21 120.84 121.90 123.38 125.43 126.38 126.75 133.81 136.30 140.70 147.54 162.56 172.30 185.10 188.97 185.18 185.34 187.18 186.90 185.70 198.19 198.99 206.30 209.93 209.44 219.36 252.45 271.72 278.06 279.67 283.32 284.96 295.94 303.19 311.10 309.31 311.94 319.24 330.09 335.80 340.07 340.06 341.05 343.59 343.76 345.55 345.16 340.74 340.00 331.86 331.25 327.79 334.74 351.57 357.46 344.98 334.63 359.09
121.39 107.69 104.16 117.01 110.33 109.67 110.80 112.32 112.84 114.51 114.90 117.86 117.78 121.91 122.89 126.07 132.09 128.87 129.63 145.76 150.47 158.15 166.45 167.98 169.85 174.35 184.12 179.20 177.12 184.39 189.10 191.36 193.95 197.98 209.43 217.38 246.67 269.64 275.05 278.56 281.82 284.13 284.93 290.21 304.68 314.44 317.96 318.17 321.47 332.34 336.93 342.21 346.15 349.22 352.82 358.27 358.67 362.20 364.86 360.29 362.92 361.21 355.31 359.73 368.56 376.60 390.24 392.77 379.93 385.18
199.79 203.60 219.18 233.74 188.60 158.90 144.12 127.42 112.91 113.78 118.67 119.89 121.95 125.28 147.87 164.64 178.10 180.90 169.35 160.64 151.98 153.41 167.66 172.24 179.43 180.48 186.09 177.09 181.26 178.00 180.52 186.19 184.45 202.14 204.73 221.61 260.72 274.03 278.46 281.26 285.53 288.48 291.26 298.05 310.77 324.01 326.94 322.52 325.80 333.83 341.83 347.29 353.62 363.11 367.41 370.70 374.04 378.77 381.38 385.81 384.89 385.99 402.84 394.42 403.54 411.35 416.12 418.23 412.70 411.02
267.28 263.12 268.54 271.84 227.16 211.44 163.69 128.29 118.13 118.58 122.58 126.20 137.89 152.22 163.54 180.29 187.71 187.06 192.02 194.51 194.82 191.24 194.63 194.08 187.02 180.03 180.11 179.25 180.79 181.54 173.33 172.16 174.51 194.85 201.77 214.62 253.93 273.14 281.01 285.56 291.97 296.70 300.00 307.94 315.37 328.84 332.55 331.90 335.35 336.90 345.89 353.00 361.49 374.06 381.38 387.77 393.83 397.02 399.05 404.22 408.65 428.62 429.82 432.44 434.98 430.56 429.71 433.03 432.83 429.79
355.82 357.94 342.38 348.91 307.49 239.63 151.77 119.16 115.29 123.68 155.77 177.74 170.55 161.45 169.52 187.88 189.59 192.47 195.23 198.53 196.08 195.79 200.56 196.90 190.26 180.43 183.50 187.40 190.53 180.82 170.14 167.87 173.73 185.55 202.37 221.74 255.63 274.60 283.85 287.23 291.58 298.09 304.55 313.59 320.54 331.35 331.56 337.45 342.50 347.29 350.54 363.19 372.84 384.97 396.00 404.92 409.41 416.44 430.55 450.21 453.76 452.28 455.62 458.40 453.80 446.44 451.77 449.65 446.95 441.34
392.53 405.71 390.36 415.76 326.56 167.93 165.59 163.44 126.37 125.83 146.72 180.90 176.68 176.02 186.08 191.30 196.42 197.65 200.05 200.23 198.97 201.50 206.25 197.76 192.95 189.28 194.52 197.36 192.73 184.49 175.94 167.88 176.32 185.54 192.30 224.52 252.90 274.87 285.13 287.93 293.77 297.97 308.24 317.81 328.47 329.25 338.71 343.30 348.56 352.00 358.35 367.95 383.66 399.40 414.99 422.16 423.57 428.52 455.52 473.52 470.48 473.16 471.20 483.10 489.53 474.18 473.94 467.07 460.32 455.77
462.64 529.25 515.33 410.80 304.78 216.02 180.22 176.76 179.52 173.30 178.43 192.44 190.53 195.30 194.11 196.02 200.81 202.49 205.81 200.10 201.10 208.12 209.86 203.06 195.36 193.21 199.52 210.70 203.90 188.01 173.92 171.30 171.14 182.67 186.06 214.00 246.61 271.16 286.33 289.64 292.45 303.75 316.53 323.71 328.67 330.23 344.62 352.58 357.68 364.70 369.39 377.33 396.36 415.79 445.16 436.68 436.14 449.30 483.73 493.21 495.82 499.09 508.00 516.59 512.04 510.07 502.90 485.70 473.68 473.19
639.88 632.58 558.99 430.09 373.09 295.73 203.21 195.47 233.60 222.15 219.89 217.31 205.45 208.33 207.56 202.56 204.75 210.97 205.43 203.29 206.15 210.93 212.18 206.06 198.00 195.71 201.52 225.92 205.32 180.15 172.37 171.17 170.72 180.89 186.32 207.10 246.14 263.20 289.36 294.53 301.74 311.88 326.82 328.46 328.91 332.02 348.46 358.16 361.03 367.20 375.08 384.69 402.75 426.50 443.27 452.12 454.81 469.25 503.01 513.44 517.09 517.93 521.76 527.22 522.05 511.03 520.49 527.72 506.02 496.21
764.67 675.98 567.69 468.49 461.28 385.11 300.10 300.99 320.37 316.01 289.89 276.06 217.81 216.87 217.37 210.55 210.35 212.94 206.00 204.73 213.65 218.96 224.85 207.10 200.06 193.35 191.62 190.52 183.65 177.61 174.95 172.47 172.10 175.75 186.72 206.11 242.48 265.27 284.82 298.06 311.17 320.28 328.62 326.63 335.01 339.06 347.04 357.08 360.53 365.76 372.27 383.86 394.75 415.31 450.15 467.66 478.00 478.25 499.79 513.76 525.16 536.19 538.94 532.55 524.04 522.11 526.88 541.69 515.42 506.59
