arc/python_arcpy/Precipitation/APHRO_MA_025deg_2006.txt
ncols	360 
nrows	280 
xllcorner	60.125 
yllcorner	-14.875 
cellsize	0.25 
NODATA_value	-99.9 
[rows 31 to 61 of 280, columns 140 to 209 of 360]
95.64 109.48 105.92 117.45 119.83 129.85 133.90 138.12 138.43 135.42 127.58 129.03 132.99 131.85 130.75 132.31 136.18 143.15 152.83 167.70 173.53 176.78 183.66 191.23 193.86 198.92 201.26 203.76 203.13 201.68 202.67 195.18 188.84 185.78 177.51 175.21 182.13 177.50 168.99 172.63 170.31 165.20 160.00 162.38 160.46 162.56 160.58 161.03 157.93 155.12 158.20 163.19 166.68 167.22 164.65 161.36 160.11 163.70 163.13 168.46 169.03 170.01 173.83 180.45 179.00 176.06 175.67 172.58 170.25 168.20
88.47 104.99 114.39 117.58 121.92 126.20 129.03 130.21 131.06 123.52 121.43 120.48 114.95 116.29 116.02 124.14 125.30 125.97 138.65 146.30 149.67 158.43 168.20 174.02 180.69 184.86 187.38 191.04 190.67 192.72 190.18 186.43 181.42 175.38 167.27 161.02 160.63 162.70 159.59 152.24 151.90 154.87 151.25 151.12 149.50 150.12 151.21 150.80 144.34 143.78 142.79 150.57 155.60 157.74 158.42 154.91 155.71 156.56 155.49 160.52 163.65 167.20 167.24 170.80 171.40 171.48 169.13 165.85 162.83 159.48
71.78 84.92 106.14 120.07 128.49 126.17 124.13 113.13 113.64 110.78 108.14 105.43 103.04 104.43 108.26 115.56 116.34 116.96 116.46 116.75 125.60 140.60 155.66 160.84 170.22 176.28 181.59 188.65 190.21 188.59 185.31 180.41 170.91 164.09 161.21 156.27 151.07 149.63 147.19 141.63 139.07 138.92 142.37 143.73 140.30 142.18 138.07 138.49 139.65 135.72 137.36 138.95 141.54 146.02 151.82 153.64 153.39 154.19 153.86 155.10 153.61 155.66 161.18 161.24 157.98 155.77 156.42 155.32 156.34 155.39
69.83 73.73 80.19 100.64 120.94 122.61 115.07 103.20 100.30 102.31 100.60 98.26 95.92 98.10 102.18 107.19 108.61 106.83 112.82 119.44 127.69 133.43 145.94 153.96 161.92 168.79 172.04 175.44 176.24 174.54 172.61 165.12 157.71 149.40 145.54 141.71 140.47 142.45 134.56 131.41 123.23 118.50 122.76 130.79 124.66 119.20 121.29 125.08 129.12 133.14 139.98 139.14 138.75 136.31 139.00 147.55 149.91 149.33 147.50 146.83 145.92 151.41 154.40 152.12 150.31 148.38 147.14 147.27 146.80 146.36
64.97 68.63 71.49 76.07 96.18 105.00 102.38 100.20 97.06 93.60 94.20 82.56 89.87 91.82 94.04 95.52 94.55 96.16 103.15 105.68 108.09 119.19 134.58 141.93 149.26 158.47 159.03 164.54 163.81 164.40 162.02 156.66 144.54 137.47 131.70 124.83 124.38 118.32 112.14 112.33 110.95 111.57 111.69 113.11 111.88 113.89 116.32 118.80 121.87 120.42 118.44 119.85 120.07 120.27 121.12 121.35 122.44 124.58 128.96 127.18 130.33 136.68 141.05 140.44 140.45 138.82 139.39 137.40 132.29 134.34
69.74 71.02 79.78 78.19 77.90 76.28 76.06 66.77 71.08 78.78 84.50 68.46 68.87 75.65 83.92 88.69 89.22 87.90 91.20 97.50 101.16 103.76 115.70 121.76 134.60 134.76 142.12 145.61 144.23 147.33 146.43 143.07 132.45 121.00 110.74 107.20 105.91 105.84 105.87 105.51 107.34 108.24 106.63 103.81 101.49 103.93 109.82 113.51 115.93 115.72 115.10 113.73 110.90 113.94 116.83 116.99 116.96 115.69 118.51 122.78 127.53 128.53 130.34 130.16 129.36 127.53 125.19 120.32 114.13 113.94
79.80 78.95 75.28 72.80 81.24 82.63 82.55 79.68 66.38 65.45 64.18 61.82 62.84 63.59 71.17 68.94 79.80 86.30 88.74 91.01 92.37 96.32 98.32 103.61 115.44 122.15 127.22 128.15 128.19 128.71 129.53 121.72 114.27 106.50 100.82 92.84 92.26 94.82 99.41 99.95 103.49 104.95 104.26 102.72 100.88 103.13 107.86 109.60 111.10 110.90 109.95 108.89 107.74 110.20 112.75 112.48 115.16 114.15 112.01 115.21 120.83 123.44 124.26 124.66 123.09 122.68 119.88 117.31 112.15 104.91
64.58 65.58 65.08 63.55 63.75 64.05 69.18 73.99 76.78 75.95 70.78 74.08 75.39 71.57 75.43 79.22 82.25 85.16 87.23 88.85 91.41 95.50 95.11 95.33 98.16 101.91 110.17 115.49 112.22 106.44 105.16 102.81 102.00 98.62 91.70 84.61 85.84 87.62 90.93 92.96 94.58 95.33 97.42 100.46 102.72 104.01 106.46 107.35 105.83 105.97 105.94 106.90 108.56 111.59 111.30 111.73 113.48 113.76 111.72 109.58 115.27 115.35 109.02 116.49 118.67 117.98 117.54 116.47 115.12 115.02
62.88 60.15 60.50 58.23 55.00 55.27 52.76 53.09 51.37 60.29 59.26 58.44 68.57 70.06 77.28 82.05 83.17 84.05 86.43 90.98 91.97 92.05 93.81 96.96 95.09 96.00 95.65 97.10 97.37 96.01 95.83 96.24 96.55 92.90 86.83 86.40 85.68 83.97 91.69 90.81 91.09 90.24 87.34 84.48 92.65 102.38 104.90 103.80 105.23 106.59 107.20 108.35 113.35 113.89 110.67 110.98 112.20 112.44 111.52 110.66 94.76 84.83 92.30 108.98 115.64 116.34 117.97 119.07 119.23 119.68
66.00 60.72 58.12 52.72 51.58 50.38 48.97 47.65 44.72 45.53 46.41 54.09 61.24 64.64 68.32 61.11 59.79 65.97 81.26 88.15 87.58 90.37 96.73 96.86 93.94 100.66 107.73 96.21 91.53 92.48 93.27 93.02 88.64 77.53 76.28 71.36 67.66 68.10 67.35 66.01 67.74 70.17 67.10 67.19 68.06 75.36 81.69 83.95 93.21 94.28 106.56 110.80 115.45 115.86 115.47 116.23 113.46 103.78 98.08 87.62 82.55 82.07 88.07 104.18 110.61 115.45 118.25 120.46 121.95 123.95
48.09 53.46 54.30 51.30 50.41 49.52 47.85 45.26 47.50 48.16 47.93 49.22 50.81 52.96 59.98 59.28 62.30 76.57 78.83 75.77 61.29 61.79 70.20 80.57 84.82 87.70 88.32 90.72 86.28 88.36 90.68 84.87 63.73 63.42 64.81 66.45 68.57 67.30 66.22 66.28 66.30 66.87 67.64 67.34 66.90 68.17 69.76 72.04 75.70 75.79 82.68 90.96 95.03 99.05 98.66 101.17 96.27 86.50 84.80 84.86 84.48 83.36 85.63 97.96 109.64 112.21 116.80 123.01 126.19 128.92
35.48 40.67 43.67 46.75 46.87 45.55 45.73 44.55 44.96 45.94 48.57 48.73 50.80 52.90 55.25 57.09 57.36 63.01 70.07 76.87 71.33 75.63 72.56 62.86 60.25 60.83 63.49 70.41 76.97 76.22 82.52 82.34 63.26 64.80 67.40 68.51 67.59 67.65 67.74 67.55 67.33 67.68 68.29 68.32 68.98 71.28 72.60 74.85 77.71 80.92 86.23 89.71 94.93 94.90 82.39 83.07 85.46 85.61 86.50 86.70 85.72 84.71 86.54 90.25 105.55 114.83 119.98 125.62 128.02 131.87
27.08 29.76 33.17 37.50 39.84 42.18 43.14 42.79 43.97 46.50 46.99 49.03 51.65 51.60 50.66 52.11 54.17 54.90 55.49 56.90 56.43 54.96 54.83 56.74 56.00 56.13 56.31 56.58 56.51 56.77 57.75 58.96 60.48 62.61 67.66 68.57 69.12 69.46 69.47 69.28 68.97 69.16 69.74 70.02 70.90 71.58 73.45 75.09 77.07 80.90 80.60 80.67 84.42 82.37 80.88 85.81 86.64 87.03 87.12 87.68 87.96 86.27 89.17 109.81 122.60 123.16 126.83 129.08 131.27 134.47
16.96 21.82 25.71 29.00 31.97 34.31 37.41 40.85 41.20 42.77 44.44 45.86 47.62 47.56 47.76 49.62 51.55 54.08 55.09 54.73 53.42 54.45 56.44 56.96 54.68 54.01 53.97 54.95 54.31 55.39 69.26 72.11 74.80 79.98 73.80 66.59 69.12 71.27 71.50 71.08 70.63 70.90 71.82 71.84 72.44 73.57 74.89 76.46 78.87 82.79 83.31 84.59 82.71 80.77 85.42 86.68 86.01 86.34 87.24 92.68 93.57 93.21 101.04 116.99 127.90 128.93 132.55 135.71 135.87 138.12
16.34 19.51 24.00 27.65 30.31 31.64 34.30 37.21 38.92 40.45 41.55 42.19 43.00 43.68 45.06 46.59 50.82 52.76 53.36 53.06 54.70 57.02 56.57 63.34 59.44 54.77 54.55 57.14 58.34 59.14 69.93 68.00 73.64 74.97 82.69 95.79 79.93 77.01 76.04 73.50 72.58 72.76 73.06 73.76 73.97 75.40 77.93 80.44 82.83 85.62 87.83 87.65 88.68 88.83 90.46 85.44 83.65 84.07 87.83 101.18 104.26 114.40 124.49 128.04 131.93 134.25 136.12 138.48 141.11 144.34
28.04 25.72 27.64 29.69 33.74 40.16 42.85 40.37 40.62 40.67 41.25 41.71 42.73 43.79 45.33 46.36 49.32 51.82 52.54 53.85 55.78 57.34 59.61 59.43 55.93 53.58 53.92 53.82 52.91 53.21 56.79 62.30 65.47 63.99 64.90 74.76 89.49 80.00 76.39 75.73 74.81 74.61 74.00 73.82 76.30 79.15 83.01 88.13 92.37 91.52 94.62 103.14 102.97 104.47 103.37 98.07 91.72 94.27 106.25 114.64 123.52 129.59 131.97 134.46 136.00 138.29 140.66 145.76 146.86 147.11
35.58 33.32 32.61 33.79 35.00 40.88 40.75 41.05 42.58 44.48 43.35 44.25 45.37 43.87 45.36 46.60 48.30 50.29 52.05 55.40 59.90 59.23 60.65 56.02 55.43 54.03 54.38 56.02 55.38 56.71 57.28 60.48 61.90 64.92 66.98 68.03 71.54 79.47 93.47 83.12 80.16 83.87 81.71 80.18 80.41 82.01 85.58 91.74 108.44 112.28 109.10 105.38 105.96 104.88 106.68 107.68 98.55 108.92 125.15 132.97 132.70 136.59 138.16 139.34 140.65 143.04 150.98 153.02 153.34 153.59
37.70 38.72 37.64 35.16 39.44 37.91 35.49 39.77 41.54 44.11 45.34 45.77 47.05 44.18 45.38 47.55 48.45 49.05 51.75 56.45 65.78 63.15 57.13 53.35 51.98 52.20 52.88 53.47 54.08 55.54 57.67 58.91 60.08 61.10 63.85 68.40 72.28 75.19 85.89 80.69 80.76 85.25 89.25 85.67 85.28 85.06 85.29 96.38 110.60 113.66 112.74 110.40 115.98 125.28 126.34 129.77 129.66 131.82 137.80 142.28 143.44 147.94 147.69 146.32 146.77 147.53 153.04 157.98 158.94 159.09
36.63 34.35 34.92 38.11 42.77 41.67 39.63 41.42 45.35 46.39 47.50 45.93 46.93 47.57 49.51 51.15 49.26 50.49 52.24 54.70 56.23 55.12 52.41 50.12 50.50 52.24 52.04 52.53 54.24 57.98 60.24 61.33 61.04 61.52 62.84 68.69 71.19 77.48 80.08 79.71 82.01 85.73 86.31 87.42 87.80 88.48 93.86 107.84 111.99 119.43 131.03 136.38 138.56 137.28 137.18 146.58 147.82 150.12 155.17 158.88 176.21 169.51 162.37 158.32 157.81 164.00 169.69 172.06 171.20 171.13
38.30 36.09 37.71 38.74 39.04 39.61 41.16 44.75 46.42 47.19 48.19 47.91 49.14 51.83 53.94 54.18 51.98 51.43 51.96 51.58 50.41 49.14 47.77 46.83 46.88 48.92 50.26 54.13 55.76 57.88 61.03 62.71 64.50 64.66 64.97 71.86 75.30 79.54 80.55 81.57 87.46 88.72 88.91 90.81 93.43 93.91 106.20 107.41 124.75 138.12 141.26 143.74 143.68 143.44 152.33 160.41 158.39 162.58 168.84 173.62 186.52 178.86 171.24 176.32 186.45 189.80 189.61 189.61 187.97 189.14
38.26 39.03 39.59 40.43 41.19 41.83 42.20 44.17 48.09 49.05 50.17 52.02 52.44 52.98 53.42 53.46 52.55 51.04 50.83 51.07 50.64 48.78 46.49 43.99 43.25 45.35 48.93 52.42 53.93 55.57 59.21 62.23 65.15 67.59 67.83 72.58 75.30 80.21 83.12 84.91 89.18 93.40 93.79 93.02 92.94 102.62 112.43 125.13 136.14 140.02 143.24 145.28 146.94 152.91 165.13 170.24 169.82 172.11 176.29 178.70 183.24 189.68 194.72 194.17 200.81 202.97 204.23 204.78 202.16 198.88
39.86 41.13 42.07 42.74 43.08 43.60 44.73 45.63 46.88 50.35 52.41 52.75 53.05 53.19 53.57 55.73 52.48 51.62 52.34 51.91 50.59 48.85 47.26 44.87 42.07 45.54 46.72 50.47 52.49 54.32 58.75 61.70 64.66 67.24 68.52 70.09 72.84 80.84 84.11 85.30 92.17 94.50 93.36 94.34 103.70 118.35 129.59 131.21 135.88 140.90 144.99 148.54 151.89 159.61 173.43 179.25 180.04 179.24 183.02 189.41 199.88 205.88 218.94 223.85 226.80 225.65 221.47 220.86 224.78 226.89
41.65 42.20 42.83 43.32 44.06 45.72 47.90 48.58 49.07 50.87 52.38 52.62 52.77 53.14 54.84 56.79 56.50 53.06 51.94 50.96 49.74 49.01 49.74 47.85 47.70 48.62 48.31 49.99 48.00 48.68 55.05 61.67 64.11 65.78 68.67 71.42 75.45 81.51 83.00 84.04 90.25 96.35 95.12 92.89 117.86 123.91 129.12 136.06 139.04 143.61 148.06 154.31 164.23 172.39 175.92 179.20 184.07 187.16 192.94 201.95 219.30 236.10 238.36 240.27 241.16 236.87 230.93 231.40 238.29 237.50
42.74 43.21 43.95 45.30 47.37 48.82 49.31 49.79 50.14 50.25 52.16 53.67 53.47 53.15 56.26 56.48 56.28 55.70 51.68 50.84 50.67 51.98 50.70 49.85 50.32 50.60 49.49 49.80 45.00 39.84 52.92 62.35 64.56 66.46 69.75 73.63 79.46 84.79 88.77 91.44 91.29 94.22 94.94 101.28 123.10 120.13 130.46 139.46 145.45 149.39 155.32 164.30 170.28 172.67 179.15 189.00 195.81 201.17 213.63 230.60 243.75 251.00 253.15 254.17 255.63 254.16 251.50 253.11 255.01 254.47
43.79 44.58 46.39 47.97 49.12 49.71 50.38 50.86 51.01 50.86 52.34 56.20 56.56 54.17 55.79 56.37 56.01 55.62 52.55 53.29 54.27 52.56 51.71 52.65 52.39 51.99 54.16 55.54 55.27 56.81 62.47 64.63 67.21 71.16 74.00 77.70 85.17 94.04 96.92 95.74 93.58 95.69 95.62 117.92 127.05 129.43 137.58 145.21 147.47 153.05 157.80 165.21 169.26 174.29 183.70 196.86 206.00 224.49 241.95 256.17 262.26 265.62 267.91 274.53 275.79 273.65 271.82 276.58 272.97 270.43
44.86 45.72 47.36 48.74 49.57 50.32 51.04 51.67 52.00 52.56 56.23 57.44 56.96 56.80 55.39 54.54 55.02 55.64 56.25 54.67 54.27 53.49 53.43 56.15 56.15 55.81 59.89 62.03 64.44 66.44 69.00 70.88 71.44 73.53 76.74 82.27 91.70 103.81 109.31 101.95 100.55 99.42 116.44 127.96 133.18 137.12 138.95 146.98 161.86 164.65 166.11 170.85 174.72 176.78 190.47 201.36 221.71 244.44 266.84 275.35 275.92 275.93 280.99 283.79 286.05 291.06 299.99 296.49 287.66 288.94
45.38 46.48 47.51 50.01 51.93 52.39 52.45 53.23 54.61 56.16 59.00 58.91 58.81 58.35 58.98 58.43 56.35 56.46 55.28 57.54 56.25 55.12 56.92 59.13 59.23 59.21 62.38 66.91 69.89 72.62 76.38 80.29 81.83 76.30 80.57 87.65 94.95 105.36 108.69 106.20 105.49 116.41 127.09 129.47 137.24 134.93 142.67 149.04 157.86 165.41 170.85 177.25 181.85 190.78 199.75 213.58 238.63 251.72 275.80 294.61 279.71 278.99 282.80 288.03 296.30 314.05 327.14 329.99 325.31 322.52
46.66 47.25 48.04 50.82 53.17 54.11 55.70 57.47 59.64 59.60 60.93 60.20 60.29 59.92 61.72 60.73 58.30 52.31 51.45 61.20 65.43 65.99 63.25 62.18 63.34 63.29 64.95 70.53 73.91 80.07 85.55 85.71 87.15 88.48 86.35 89.76 94.72 100.30 105.45 109.55 126.02 131.91 132.17 120.98 123.09 135.26 144.63 152.66 157.70 162.91 168.41 183.03 195.56 202.02 211.85 227.71 240.30 257.36 270.54 277.21 276.56 280.56 285.30 291.66 304.85 326.61 336.82 336.35 341.55 342.90
47.14 47.40 48.60 51.43 54.47 55.74 57.94 60.21 61.69 61.69 62.41 61.96 62.13 64.29 64.60 60.62 59.66 58.71 60.97 67.98 73.04 74.91 71.78 68.51 69.39 70.21 71.41 71.39 82.25 89.88 93.09 95.36 97.14 97.60 98.17 93.36 99.50 118.76 120.28 122.57 130.47 126.42 116.65 117.27 118.12 138.71 147.54 155.81 163.15 168.85 174.41 189.41 200.53 209.19 229.20 240.43 255.49 266.61 276.49 284.69 285.55 289.22 291.45 300.43 320.19 331.07 337.78 342.15 359.30 381.23
44.60 44.31 43.45 51.69 59.96 60.89 61.90 63.07 67.72 67.10 66.90 69.06 70.10 70.18 68.19 65.80 66.40 69.51 70.82 73.59 77.52 79.73 80.47 80.69 81.17 80.04 79.21 82.43 90.34 99.00 99.53 106.20 110.76 118.12 113.06 117.22 111.01 123.85 129.58 136.30 137.03 123.36 114.39 111.97 130.06 147.39 156.36 163.83 172.17 175.70 181.26 192.92 207.47 226.27 235.80 250.38 263.16 269.81 277.93 291.91 293.74 290.19 289.86 306.66 326.46 332.84 344.11 355.52 369.59 382.32
40.40 46.74 51.31 52.81 63.18 77.19 76.97 74.25 105.25 136.22 128.99 103.30 87.47 76.67 73.80 73.26 74.47 76.48 77.49 80.14 82.88 85.28 87.40 88.89 92.64 93.82 98.90 104.47 107.21 117.82 121.64 130.59 124.48 120.56 119.47 122.28 124.24 125.53 125.79 124.50 125.48 120.55 113.66 120.85 142.63 151.16 160.55 169.27 180.16 183.96 186.60 196.99 221.86 236.35 249.40 259.79 265.76 265.72 267.09 274.53 282.94 286.50 294.70 297.52 316.41 328.25 341.70 349.09 367.51 370.64
