arc/python_arcpy/Precipitation/APHRO_MA_025deg_1997.txt
ncols	360 
nrows	280 
xllcorner	60.125 
yllcorner	-14.875 
cellsize	0.25 
NODATA_value	-99.9 
[rows 93 to 123 of 280, columns 70 to 139 of 360]
1616.03 1383.16 658.31 533.70 526.66 502.16 546.98 529.23 363.10 332.10 294.80 250.91 217.80 190.36 191.79 191.54 182.36 176.93 173.67 182.33 183.55 187.45 187.63 180.25 181.46 180.31 179.74 177.66 170.98 174.84 174.38 174.81 174.67 174.59 180.16 190.78 221.90 240.99 258.79 266.70 274.63 296.34 304.21 310.11 324.62 336.17 343.60 348.46 355.20 359.35 368.10 380.98 386.35 405.83 437.53 463.38 484.06 487.45 496.39 502.42 501.72 516.45 516.00 504.64 487.31 480.04 489.40 501.98 497.44 480.41
1280.23 1020.00 659.40 567.23 561.03 525.64 667.46 619.12 524.71 508.07 445.17 306.32 276.71 225.33 203.44 187.89 173.10 174.10 174.24 182.61 188.82 191.57 189.76 192.72 186.22 178.94 185.03 170.80 166.84 169.91 173.45 171.52 172.06 172.86 177.80 186.75 220.90 230.75 254.68 256.51 261.10 282.90 289.40 294.15 314.22 322.45 331.54 334.56 341.93 345.87 360.59 379.55 388.21 399.98 425.91 460.89 485.80 498.67 508.11 510.51 510.58 521.72 522.28 514.36 496.66 479.65 504.33 516.08 512.21 495.43
1028.39 955.31 848.31 733.69 674.62 762.12 826.42 718.16 555.36 577.67 621.21 468.10 373.85 326.99 252.27 179.76 172.32 177.11 178.37 179.99 185.18 189.27 199.29 203.52 185.33 186.18 175.68 168.60 170.16 169.89 174.23 172.22 169.87 175.15 176.89 195.61 226.66 250.00 261.95 259.04 262.69 272.69 279.83 291.74 293.36 307.73 320.55 323.20 336.85 345.66 350.55 368.95 381.53 393.74 412.80 438.14 470.29 489.87 505.25 506.65 513.29 527.10 537.64 537.97 527.06 522.06 526.96 524.48 531.23 523.97
1051.40 1123.65 1203.49 1088.61 998.29 967.85 910.85 924.93 714.59 669.80 636.26 496.33 405.30 321.79 208.82 192.33 188.67 191.77 186.05 191.42 189.75 192.65 225.63 204.68 203.73 192.50 169.24 167.88 166.85 171.20 171.80 173.79 173.39 174.43 179.06 201.72 233.38 254.59 261.97 256.64 262.95 272.33 281.66 281.67 285.73 297.89 305.87 314.43 321.61 338.82 350.86 361.35 377.73 391.18 400.82 413.71 459.02 476.32 486.02 497.40 515.02 537.92 570.09 579.28 552.02 554.76 545.39 530.46 526.70 512.29
1354.09 1573.41 1523.63 1403.47 1167.33 1200.21 1358.84 1327.33 1172.66 864.42 667.47 551.46 307.88 253.71 206.18 163.94 199.27 207.25 215.73 227.95 231.12 250.89 278.83 245.33 218.69 183.73 178.97 170.29 176.24 175.62 174.03 176.18 180.25 176.54 181.73 194.88 248.35 241.44 257.49 258.06 262.40 264.45 273.11 276.50 286.98 295.70 296.99 295.61 302.96 312.13 336.34 353.95 366.12 373.03 400.51 410.14 458.18 469.89 477.75 490.78 508.91 539.32 592.16 624.65 565.37 555.60 549.41 545.61 531.26 528.57
1435.98 1765.19 2075.77 1336.00 1025.20 1071.56 1346.79 1486.05 1481.44 920.35 852.14 730.13 447.38 272.74 220.46 144.00 221.55 232.29 239.14 272.89 350.14 429.92 379.23 257.89 194.30 184.39 190.17 190.82 192.65 191.83 191.55 199.41 188.57 187.21 182.53 206.08 245.95 252.48 246.66 255.00 256.52 258.58 268.66 271.95 284.19 284.10 293.32 292.05 296.51 303.69 321.74 327.48 338.49 374.09 398.49 396.30 435.63 452.68 468.74 480.38 500.90 523.16 557.32 569.17 561.61 564.23 578.51 576.44 590.02 588.37
1121.96 1214.91 1456.86 1448.57 1152.74 1094.61 1331.08 1364.95 1345.11 1375.39 1466.29 1431.23 1146.93 590.80 269.67 295.05 388.70 446.84 406.99 506.86 554.27 544.61 404.41 232.50 179.66 172.44 187.60 199.80 194.85 204.61 214.04 231.92 209.34 188.06 190.60 233.18 230.58 243.13 243.41 253.71 262.18 261.37 266.48 271.83 281.46 285.43 293.25 286.97 288.07 297.25 302.00 317.95 339.66 338.13 366.40 394.12 422.69 453.30 466.12 474.00 489.88 514.23 527.76 526.47 535.50 552.64 552.79 547.25 559.88 631.65
946.55 910.34 931.07 1370.77 1442.92 1376.59 1372.67 1207.55 1200.60 1475.59 1855.29 1886.03 1746.35 1282.11 632.30 550.57 595.40 727.76 737.24 677.88 623.01 538.50 366.56 202.09 173.23 173.19 185.95 200.14 203.31 209.38 237.40 237.23 226.71 195.15 237.29 266.14 236.17 234.32 243.53 254.64 267.58 263.13 264.86 270.94 280.06 294.88 310.61 297.19 286.35 284.86 292.94 313.44 316.30 328.37 371.22 410.90 446.08 465.87 445.90 462.31 473.63 494.30 496.72 521.49 538.49 557.69 544.84 524.92 542.80 584.57
791.83 808.96 855.39 1071.55 1310.76 1403.27 1494.72 1401.83 1159.26 1278.27 1530.41 1552.02 1685.69 1772.00 1442.81 1134.74 746.56 626.28 652.37 680.46 654.02 520.13 311.61 190.60 167.37 174.97 186.78 199.67 203.37 227.72 258.93 262.39 246.70 270.84 266.11 292.65 267.84 240.69 244.58 242.75 273.14 255.38 268.63 281.57 294.47 291.58 337.06 292.18 290.74 278.12 268.41 279.42 294.32 332.66 353.91 368.95 372.62 387.45 414.25 434.26 450.80 464.51 469.43 476.63 475.82 511.40 530.20 546.31 528.16 563.66
768.40 834.21 839.37 921.23 998.48 1127.66 1282.12 1676.46 1552.35 1245.11 1277.67 1314.52 1335.75 1514.85 1458.37 1294.52 705.45 538.27 674.61 799.54 616.64 547.07 348.55 235.01 188.36 169.13 177.40 207.17 220.38 252.74 264.71 318.82 393.50 375.92 300.71 281.33 271.88 281.90 280.94 286.28 294.35 306.74 313.76 311.66 322.85 333.01 333.87 316.58 290.48 260.73 266.51 270.66 314.65 342.08 343.91 360.86 358.51 367.78 388.00 414.68 442.95 446.37 435.39 446.40 472.93 490.59 524.56 571.83 569.48 598.30
763.01 813.65 824.69 823.58 827.24 920.79 991.85 1253.19 1446.38 1412.62 1486.23 1499.45 1495.06 1347.36 1371.43 1185.29 900.85 706.40 868.91 967.41 752.52 644.15 478.36 298.05 208.10 167.54 177.75 224.42 247.18 284.41 395.81 560.68 515.12 436.20 347.19 294.30 280.89 287.91 278.21 279.47 322.96 319.61 324.03 326.58 329.72 329.00 310.18 285.89 256.85 260.80 260.64 287.00 298.96 302.00 325.90 346.23 349.06 359.31 377.27 413.98 479.61 454.79 451.66 454.53 480.48 527.87 562.07 614.22 654.46 1113.41
737.10 765.71 756.83 758.71 762.61 799.79 917.37 968.74 1055.97 1187.99 1275.56 1452.67 1732.85 1697.13 1574.91 1236.54 1194.00 1033.60 1156.25 1389.96 990.83 659.10 776.66 672.52 327.17 238.18 293.56 325.27 397.93 562.17 701.40 647.88 567.63 479.72 391.32 359.36 281.11 277.61 264.23 257.64 276.15 308.16 305.85 301.47 301.29 294.91 289.03 268.40 251.52 258.33 262.55 293.96 298.13 299.35 313.05 328.05 341.65 347.95 363.59 379.52 397.10 408.08 410.61 422.07 432.72 475.05 646.38 721.30 1235.57 1826.42
714.94 713.12 735.51 704.26 676.78 752.33 884.92 899.99 941.12 1067.46 1114.82 1282.38 1522.01 1575.29 1758.47 1668.34 1476.08 1238.05 1396.64 1601.58 1569.23 1364.72 1472.48 1561.75 1070.41 733.16 840.59 887.35 887.21 857.60 667.43 689.15 602.18 514.40 443.38 390.20 335.65 310.10 321.43 350.95 368.50 382.09 369.43 317.85 317.68 300.63 298.89 285.06 279.37 272.90 266.72 280.67 278.07 289.10 312.64 336.50 348.82 356.18 358.18 367.03 377.82 397.13 411.82 449.56 514.56 579.10 845.74 1045.86 1506.66 1718.22
654.28 697.29 753.70 749.31 725.29 803.41 882.13 901.51 998.50 1090.36 1035.58 1104.41 1170.16 1194.77 1225.56 1461.60 1648.22 1410.53 1154.41 1352.61 1693.00 1795.99 2387.07 1808.23 2407.80 3072.17 2101.81 1905.39 1041.01 1208.78 712.83 661.95 550.30 566.33 521.64 405.99 398.45 386.04 371.21 399.67 389.48 445.84 409.27 392.33 346.83 331.19 328.26 317.06 308.19 296.70 320.01 328.97 327.92 316.91 332.16 367.73 365.98 364.26 364.06 358.90 370.81 410.04 500.91 680.79 867.24 1079.49 1251.60 1037.17 2009.37 2172.79
616.84 697.19 748.87 765.33 764.32 783.07 867.17 895.51 937.48 1008.49 1022.26 1008.55 1004.28 1035.31 1112.36 1255.03 1302.37 1266.09 1375.62 1417.77 1375.08 1481.39 1737.34 1846.32 2230.26 2619.02 2584.17 1962.49 1747.99 1640.77 1436.91 1078.88 1202.36 874.99 627.44 555.90 449.84 424.09 472.61 652.91 530.13 574.05 559.15 490.66 441.85 391.25 374.54 367.94 349.52 379.54 470.67 426.25 380.60 370.21 417.77 383.83 382.26 390.24 375.37 376.34 381.69 454.13 880.94 1317.91 1441.49 1343.62 1928.79 1756.86 2348.16 2396.74
659.05 686.80 719.91 727.10 717.79 716.14 780.83 838.99 852.44 879.25 898.74 923.38 969.00 1047.70 1123.72 1189.56 1195.47 1250.96 1325.38 1348.57 1272.46 1234.71 1401.29 1384.16 1463.33 1731.73 1682.10 1494.16 1424.11 1643.50 1969.47 2300.18 2364.59 2492.28 1537.63 818.75 670.72 625.85 751.16 1696.70 909.55 791.28 669.93 542.14 547.11 448.97 427.50 404.11 422.43 471.20 619.12 495.80 433.84 453.41 768.15 551.67 467.63 443.00 399.33 399.68 470.48 738.81 1222.38 1420.42 1607.49 1720.11 1857.06 2307.46 2190.16 2334.22
651.70 706.58 704.17 699.49 673.84 660.81 705.52 761.30 787.29 809.38 850.86 881.75 949.69 1021.15 1114.36 1146.03 1215.30 1176.72 1196.14 1164.17 1149.21 1187.01 1299.83 1579.83 1657.86 1795.02 1913.87 1713.49 1596.07 1585.42 1622.31 1615.31 1301.30 1615.27 1687.26 1321.26 1343.26 1326.61 2073.44 2871.49 1362.63 1424.08 805.55 1133.73 1067.85 513.79 451.03 475.02 522.24 1128.34 952.33 1011.09 775.73 568.81 1084.47 947.34 890.41 638.93 499.61 583.32 952.90 1326.48 1393.03 1161.05 1558.80 1544.03 1996.77 2452.38 2297.33 2128.43
613.48 704.22 740.31 717.75 704.09 688.93 694.75 706.55 725.40 745.27 838.48 881.55 950.31 998.02 1078.23 1094.88 1139.87 1127.19 1096.37 1023.11 977.45 980.82 1081.58 1201.80 1300.21 1489.34 1560.90 1460.96 1418.09 1653.44 1904.81 1985.51 1606.39 1271.34 1150.12 1248.10 1520.93 1866.17 2002.72 1877.61 1937.77 2048.84 1602.86 2012.92 1811.61 678.10 643.49 755.77 709.41 1160.89 1459.32 1307.07 1099.07 569.40 847.79 1037.67 1073.57 583.87 781.74 1121.45 1326.46 1612.68 1570.41 1233.65 1788.85 2202.45 2773.59 2691.51 2301.53 2042.09
672.81 686.98 754.87 757.57 717.23 709.24 698.85 689.59 710.58 683.59 742.44 863.27 942.77 954.57 971.90 1022.31 1073.66 1083.19 955.04 876.28 840.77 845.86 977.01 1043.55 1002.11 1123.77 1266.10 1281.05 1125.27 1248.11 1466.90 1653.08 1864.58 1512.12 1275.26 1117.15 1175.29 1267.27 1120.74 1111.34 1216.39 1676.71 2070.88 2450.42 2364.35 2320.24 1812.54 1360.54 1036.76 1405.07 1897.41 1685.38 1717.26 1145.94 1245.94 1629.01 1273.42 1138.23 1364.49 1327.98 1706.50 1948.50 1859.19 1879.90 2198.27 2556.39 2765.41 2456.45 2098.73 1896.46
664.41 701.70 691.66 718.51 744.30 750.41 730.58 696.48 686.51 674.80 738.68 816.36 850.46 915.66 865.64 917.65 984.63 1001.88 898.90 842.34 808.55 790.66 832.81 883.75 900.34 987.48 1039.19 1071.97 1069.45 1114.17 1192.51 1291.63 1238.17 1191.50 1218.82 1204.87 1225.89 1251.92 1397.93 1118.64 1236.87 1758.83 2461.79 2842.14 2876.18 3100.90 2845.33 3044.78 2319.44 2053.80 2146.27 2690.72 2385.91 2170.05 2359.19 2481.58 2297.91 2248.50 2290.91 2076.91 1947.42 1980.42 2145.46 2212.52 2126.77 2131.14 2103.80 2006.91 1871.06 1824.26
669.25 702.00 700.45 702.89 745.32 744.57 732.36 701.66 649.35 643.64 679.86 703.65 724.71 788.48 816.41 863.20 861.48 815.65 813.70 801.98 740.34 735.05 770.40 802.27 846.20 908.63 889.45 912.65 992.34 1006.11 1041.65 1125.43 1033.53 1034.36 978.62 1093.47 1233.49 1405.58 1586.29 1580.59 1806.52 1943.27 1947.70 2408.82 2707.18 2653.73 2553.67 2773.26 2915.43 2399.31 2254.10 2109.47 2274.96 2256.81 2305.83 2163.53 2013.09 1809.25 1628.55 1679.34 1606.27 1635.34 1851.45 1870.82 1749.98 1713.05 1706.93 1711.66 1722.36 1751.39
671.96 691.20 710.84 699.22 725.51 699.32 698.23 682.23 648.20 639.33 657.43 691.01 738.20 758.07 789.98 776.82 730.39 700.71 740.32 746.92 687.05 738.12 757.88 796.23 876.06 877.55 838.85 921.78 1048.90 1029.31 992.78 1096.66 982.15 856.02 874.29 907.65 1015.58 1135.17 1284.54 1383.90 1529.30 1692.33 1727.25 1967.20 2265.51 2371.12 2237.10 2413.67 2425.09 2031.50 1850.55 1778.15 1966.44 1859.82 1630.85 1616.51 1504.69 1397.63 1291.96 1381.93 1413.45 1454.47 1594.96 1548.00 1487.37 1493.66 1544.38 1588.30 1624.00 1665.58
703.29 719.90 730.78 739.44 744.78 724.35 727.76 709.22 705.26 712.63 761.17 816.41 815.60 736.28 742.17 770.22 761.23 752.43 738.88 720.61 683.00 765.84 775.87 872.57 953.47 818.99 853.27 1035.80 1117.55 1114.11 998.27 994.50 1030.48 932.04 843.29 884.79 944.77 1008.01 1105.31 1185.44 1347.12 1545.00 1626.48 1720.43 1810.12 2013.90 2077.33 2201.23 2133.95 1840.84 1589.90 1642.10 1887.34 1701.11 1434.61 1552.97 1473.06 1428.10 1340.59 1360.80 1348.47 1295.66 1255.05 1300.85 1367.09 1372.33 1434.15 1482.16 1503.81 1601.03
723.96 737.79 748.71 769.20 765.55 776.51 796.90 806.88 740.90 723.78 765.85 771.54 778.17 714.59 763.37 775.68 801.36 807.87 792.91 733.35 690.30 748.57 785.49 939.00 981.16 860.25 889.76 1056.55 1142.52 1156.13 1128.01 1096.42 1053.49 1054.14 908.40 855.59 947.18 983.53 1051.17 1187.64 1250.39 1352.79 1450.46 1523.54 1569.28 1725.92 1850.77 1937.01 1941.95 1823.93 1626.62 1837.57 1998.01 1951.26 2063.13 2168.43 2380.31 2175.16 1972.07 1708.40 1411.16 1151.15 1032.26 1079.41 1164.42 1241.44 1384.76 1417.31 1436.71 1539.03
717.04 726.72 746.22 780.93 798.56 819.86 834.66 875.67 796.14 715.36 716.62 732.83 792.78 780.23 794.58 778.48 802.92 840.98 806.86 770.85 750.10 757.59 847.10 925.63 919.55 886.06 913.37 994.34 1062.36 1100.01 1221.74 1057.81 1000.91 1084.24 1012.11 915.81 956.84 985.37 1044.74 1156.87 1166.78 1227.99 1313.65 1392.95 1531.95 1646.94 1715.04 1745.45 1805.41 1861.19 2110.85 2471.01 2332.15 3355.52 5171.53 5106.00 4009.58 2739.10 2616.53 2082.77 1622.10 1223.69 1045.90 1022.44 1118.44 1286.01 1363.91 1367.48 1402.62 1530.91
755.15 748.83 752.59 797.90 827.28 767.90 793.05 861.01 853.46 824.21 860.00 911.34 857.87 862.01 882.63 844.85 838.23 852.60 837.27 814.51 805.01 797.61 861.80 891.94 895.28 890.74 895.98 971.09 1033.54 1054.16 1042.82 986.98 974.07 1002.82 946.67 956.19 1029.07 1054.23 1063.47 1139.74 1135.24 1213.22 1329.89 1390.94 1501.98 1645.65 1710.26 1761.71 1841.66 1929.20 2041.94 2416.43 2866.48 3582.63 5133.82 6605.54 6138.79 4138.27 3390.24 2472.95 1928.65 1578.09 1188.00 1311.64 1376.33 1321.25 1199.35 1260.01 1329.07 1500.43
806.64 811.86 821.07 807.08 783.30 817.18 890.62 975.95 978.35 978.65 1052.80 1058.93 941.86 971.13 954.24 946.98 913.44 845.41 852.75 858.58 868.94 890.04 865.97 893.02 936.50 923.20 926.07 973.70 1014.26 1000.18 1022.96 962.69 965.70 995.89 947.68 997.03 1076.88 1066.56 1081.86 1203.37 1259.55 1314.25 1459.43 1466.22 1518.15 1587.56 1640.89 1710.02 1739.65 1796.44 1792.13 1863.90 2384.48 2873.72 3220.69 3634.89 3938.91 3595.08 3268.56 2785.34 2351.87 2002.71 1735.04 1635.56 1537.66 1347.99 1210.66 1252.45 1349.73 1668.82
879.33 858.80 885.15 935.00 900.33 898.09 933.04 1011.92 1060.73 1058.90 1256.64 1250.39 1072.20 1023.41 1011.75 1041.22 1008.98 927.57 886.92 897.81 938.54 948.88 916.02 863.12 932.77 1017.25 1047.56 1027.52 1004.13 1044.64 1073.50 1027.77 995.99 955.05 1037.49 1126.52 1050.93 1043.83 1107.14 1264.94 1406.29 1423.96 1443.44 1431.46 1464.80 1498.38 1560.54 1623.23 1584.98 1642.14 1740.64 1840.40 2174.50 2616.89 2910.69 3131.08 3231.23 3144.54 2940.60 2650.38 2371.11 2245.98 2013.68 1641.73 1477.07 1300.70 1232.20 1297.07 1506.91 2036.99
895.98 884.11 925.76 1017.29 1011.64 955.03 961.01 1034.10 1083.25 1131.86 1266.95 1237.91 1128.83 1122.09 1136.25 1179.73 1198.69 1126.05 1001.05 955.72 986.49 998.93 979.84 954.26 1012.05 1051.29 1112.09 1121.89 1043.33 1046.73 1074.09 1085.07 1041.93 991.94 1131.01 1220.41 1163.31 1136.33 1206.28 1469.88 1537.79 1405.59 1389.47 1421.93 1488.88 1515.26 1536.65 1529.97 1515.47 1595.99 1703.93 1816.07 1868.43 2005.93 2180.71 2393.92 2419.47 2469.84 2427.41 2289.07 2178.72 2073.25 1831.75 1465.62 1378.53 1257.35 1459.20 1651.07 1970.43 2125.93
906.87 888.34 913.17 1005.18 1034.51 1001.18 1053.53 1156.64 1140.10 1118.79 1176.07 1162.11 1144.07 1161.60 1237.67 1294.48 1324.89 1324.89 1095.31 1004.75 1029.89 1027.87 1012.31 1001.63 1021.23 1038.79 1119.77 1157.22 1119.25 1138.12 1100.87 1091.26 1085.60 1086.64 1181.12 1242.86 1231.07 1239.15 1295.98 1564.57 1631.80 1454.00 1380.10 1439.91 1614.69 1619.06 1560.17 1487.50 1539.43 1659.45 1661.74 1657.26 1728.06 1794.70 1845.63 1974.08 2028.65 2106.92 2140.28 2056.73 1916.13 1800.14 1477.11 1303.00 1346.32 1605.93 1856.46 2041.79 2021.10 2059.97
935.78 940.40 963.61 1025.11 1056.19 1039.06 1099.42 1214.42 1151.25 1118.87 1115.76 1140.05 1180.01 1214.58 1263.63 1330.43 1304.40 1254.07 1172.09 1089.27 1074.06 1076.34 1067.25 1070.80 1102.20 1110.96 1112.85 1121.93 1188.63 1222.69 1192.01 1199.95 1172.45 1163.38 1222.32 1258.68 1275.67 1306.61 1333.16 1439.91 1490.25 1491.77 1448.31 1439.11 1504.73 1586.45 1567.31 1459.62 1514.20 1611.14 1564.02 1531.40 1572.47 1629.95 1670.32 1847.29 1856.82 2008.78 1987.91 1984.96 1825.47 1586.33 1246.90 1202.24 1365.00 1600.93 1977.43 2062.76 1942.11 1899.19
