arc/python_arcpy/Precipitation/APHRO_MA_025deg_1994.txt
ncols	360 
nrows	280 
xllcorner	60.125 
yllcorner	-14.875 
cellsize	0.25 
NODATA_value	-99.9 
[rows 62 to 92 of 280, columns 0 to 69 of 360]
66.58 69.24 74.89 80.23 88.36 94.52 97.53 101.04 102.99 104.95 106.85 108.64 106.69 105.52 103.71 109.56 119.34 126.34 141.28 163.46 181.95 232.82 305.31 333.83 359.49 415.49 447.76 472.60 482.20 474.53 473.29 445.97 485.65 492.34 419.03 454.13 400.24 332.46 242.28 219.32 249.13 330.72 406.07 441.79 467.68 442.65 390.88 471.24 448.18 417.96 444.97 433.42 335.59 256.85 236.04 193.91 171.95 157.11 135.44 105.85 78.96 70.68 60.79 44.45 44.90 51.28 52.04 50.77 49.29 48.39
71.40 72.60 76.84 78.20 85.67 91.46 93.44 98.56 102.33 106.35 105.48 102.04 102.99 103.14 105.41 111.91 119.67 128.95 151.20 165.24 198.59 273.74 325.62 363.34 380.49 414.31 440.49 471.63 523.60 557.42 588.36 606.31 625.38 580.60 632.12 591.37 520.37 497.62 406.03 397.83 410.29 458.41 460.65 460.10 451.14 481.03 471.61 554.65 490.46 429.96 500.26 422.71 298.01 205.96 185.84 170.94 158.03 143.30 146.25 133.53 104.12 73.67 59.82 50.89 47.73 46.67 46.17 46.10 44.64 43.87
78.01 80.49 82.01 81.67 84.96 88.10 88.55 93.27 100.22 100.12 98.39 100.29 100.75 101.77 104.56 108.08 114.08 132.71 148.81 162.84 218.72 282.59 336.36 364.10 383.98 397.27 436.36 502.48 548.28 632.75 605.09 624.45 697.60 722.92 812.00 715.59 687.77 633.22 577.93 563.96 542.10 535.49 546.29 546.83 530.62 575.52 572.08 673.50 760.39 664.52 501.39 400.93 242.78 170.13 168.07 163.01 154.07 147.69 140.83 142.26 128.03 91.14 72.90 59.63 48.66 46.23 45.12 42.89 41.38 38.49
81.48 83.92 91.06 91.45 92.65 92.64 92.00 91.19 96.39 97.68 97.89 99.27 99.89 101.95 101.51 100.91 111.93 128.21 143.94 164.50 209.39 268.56 312.69 345.30 367.50 382.77 428.79 544.78 588.62 614.87 566.52 503.81 560.72 606.21 642.11 677.84 662.49 665.70 623.84 617.36 600.60 568.33 530.23 495.18 517.70 557.44 578.13 501.97 549.12 577.45 394.40 237.18 183.35 174.57 157.32 155.18 151.08 142.49 140.53 133.80 139.32 116.18 96.93 85.59 57.76 48.76 43.93 40.71 36.28 33.11
96.73 100.46 101.93 98.06 99.20 97.67 98.88 96.85 98.28 99.87 98.44 97.09 99.32 99.83 101.08 106.33 116.16 119.78 136.43 153.66 198.27 252.23 287.57 318.23 351.52 367.66 399.81 469.80 520.70 527.47 495.78 394.05 433.29 509.83 552.24 613.16 631.22 627.26 637.06 672.88 658.84 586.38 496.20 427.38 375.48 347.48 387.28 430.83 407.84 290.85 212.61 200.01 166.59 162.40 157.26 149.52 150.05 145.13 142.36 131.51 134.00 119.42 103.54 88.50 77.36 59.63 47.01 39.56 31.05 26.34
124.78 116.22 114.97 107.48 104.49 105.47 106.13 105.27 104.99 103.42 98.95 93.52 97.88 100.97 114.40 121.57 121.65 124.72 131.19 141.89 165.57 193.33 251.79 275.08 302.06 326.78 386.70 398.00 357.26 344.36 322.85 347.74 394.59 405.28 439.32 451.74 534.53 549.49 560.04 595.44 647.93 570.69 516.65 436.49 394.23 317.24 358.37 321.62 272.52 257.99 194.88 173.61 164.98 157.84 151.99 142.12 136.08 129.78 129.96 123.55 102.46 105.34 101.15 86.13 74.23 66.42 51.25 40.07 34.08 32.58
149.39 125.10 117.72 112.16 107.63 110.62 111.00 112.95 114.02 112.24 107.66 104.25 107.60 121.36 123.34 121.91 123.05 122.46 129.11 147.05 132.45 151.88 203.00 226.36 243.00 266.66 345.18 290.34 273.37 269.20 261.98 287.39 346.00 369.76 353.61 365.64 416.58 437.71 445.13 527.28 561.10 556.51 469.96 407.21 342.00 300.14 258.71 290.30 308.02 257.04 194.46 168.31 162.18 156.57 151.34 146.43 141.15 132.22 120.25 113.95 74.34 70.58 78.04 70.99 62.61 51.25 44.02 38.82 37.74 36.60
144.27 128.96 124.13 118.79 112.24 109.92 115.38 122.63 147.07 140.00 130.59 130.75 126.06 124.42 126.42 125.47 124.05 125.87 134.41 154.07 144.25 144.57 169.73 158.62 154.97 184.35 224.52 194.79 186.77 207.12 228.56 246.69 261.55 271.75 275.51 293.44 342.10 340.21 384.54 468.19 512.84 507.56 443.26 379.89 344.75 325.92 259.85 227.41 253.35 198.88 170.22 164.55 162.54 161.43 154.00 149.03 142.35 135.54 121.06 114.33 83.32 71.08 71.38 71.55 64.73 60.53 51.13 44.77 38.94 37.32
155.33 123.77 115.92 131.76 135.64 120.86 116.31 129.83 146.52 143.10 138.33 136.94 132.64 129.23 128.07 131.24 129.73 132.25 138.88 169.73 170.68 154.26 154.12 126.18 129.05 137.08 142.72 151.79 154.81 159.31 175.00 198.63 198.83 227.63 238.13 260.02 303.83 299.87 345.30 452.88 522.35 508.74 457.55 358.67 303.13 284.49 232.98 221.92 212.64 176.05 176.67 170.00 162.34 159.41 156.28 157.62 153.90 142.27 132.76 125.90 119.97 97.46 95.29 81.84 72.06 75.28 59.56 48.34 44.36 40.34
175.23 147.93 129.66 132.19 136.82 138.20 137.72 141.64 144.77 145.70 142.03 143.75 139.38 141.57 148.30 157.06 158.03 161.36 161.34 177.21 169.21 151.72 147.89 141.06 133.58 135.39 139.24 146.55 150.52 153.66 163.53 173.83 173.22 205.51 219.64 243.55 256.82 297.89 359.72 447.10 439.33 441.89 394.22 353.87 279.22 245.06 233.90 199.47 213.04 205.70 187.47 186.17 179.23 172.66 164.77 156.15 154.21 157.10 154.78 148.76 138.71 130.53 138.90 117.28 114.61 110.00 86.01 54.88 57.78 54.66
192.19 162.25 142.47 131.41 132.27 142.70 144.90 149.25 157.64 157.10 160.64 165.01 181.64 182.55 178.38 174.84 173.68 179.28 172.98 172.57 163.38 165.70 155.01 149.76 143.03 135.85 137.81 146.17 156.95 162.35 161.61 165.02 173.51 205.30 227.81 244.38 263.94 314.96 360.14 398.01 414.99 405.63 379.79 336.46 318.34 275.50 217.78 226.47 211.40 210.09 208.67 186.26 178.61 163.81 166.78 163.41 168.52 156.14 155.93 156.98 154.19 149.97 146.96 133.05 141.67 132.41 131.37 103.49 101.03 108.53
187.98 167.46 168.97 154.05 157.64 182.24 187.45 187.68 193.84 191.72 200.12 203.54 199.31 199.92 195.39 185.49 182.14 185.34 176.50 175.66 183.70 185.98 180.18 154.74 150.43 142.06 154.42 157.66 187.14 208.48 191.33 191.63 198.83 210.96 242.56 245.87 272.79 306.12 371.71 439.96 451.51 408.70 410.19 366.79 349.25 278.65 217.41 239.87 279.54 259.45 233.14 204.85 202.62 191.08 179.75 182.12 183.87 170.16 156.18 150.44 158.28 165.10 159.38 153.23 139.72 149.73 152.21 144.51 140.56 138.92
169.56 169.39 186.04 186.05 192.53 204.22 205.93 208.96 211.40 213.35 215.13 227.93 230.05 227.12 223.51 218.73 206.12 191.74 189.75 184.80 193.10 198.63 191.59 165.41 163.42 164.94 163.77 162.92 211.62 233.11 209.11 205.14 231.23 233.27 236.27 253.39 303.32 354.18 447.00 454.88 468.75 495.89 441.86 437.52 419.89 367.75 383.83 351.28 321.81 294.67 264.28 248.22 223.08 209.30 203.10 192.85 191.37 174.02 183.53 167.82 177.56 162.45 171.61 168.28 152.54 155.85 152.40 159.72 151.46 149.86
153.48 172.76 191.86 198.48 216.42 215.83 207.49 214.16 226.77 236.21 232.89 246.34 245.04 235.43 231.87 226.21 216.86 198.03 200.41 199.57 193.77 201.79 206.85 195.05 188.33 182.39 171.95 168.37 186.63 199.75 212.64 232.47 234.31 253.10 227.23 251.84 295.84 413.80 447.72 532.43 546.83 602.32 563.54 543.11 474.94 482.95 470.15 469.90 404.69 328.93 312.25 282.37 250.09 232.88 216.14 194.94 178.59 167.56 213.83 212.27 234.55 224.71 204.59 184.43 179.49 169.08 168.73 161.87 157.63 157.83
179.59 179.50 184.47 198.38 202.83 205.22 214.47 224.08 234.14 243.78 250.58 245.03 247.79 243.71 234.62 231.98 228.87 218.17 211.62 202.94 197.67 203.00 225.54 227.79 201.56 190.52 188.31 192.70 201.16 201.36 233.32 241.91 259.72 290.39 239.03 266.45 366.28 463.15 512.96 597.50 626.35 626.22 625.72 581.60 602.98 562.41 560.80 530.03 478.40 412.30 378.07 334.08 278.03 240.64 236.23 223.96 188.01 178.12 211.71 257.68 301.21 275.96 267.99 252.55 239.13 214.66 183.80 178.30 170.53 158.76
173.83 173.02 172.48 183.33 181.21 195.22 219.28 222.17 228.44 235.57 247.37 254.86 260.14 253.47 244.11 233.36 230.10 228.43 225.35 213.43 201.06 205.53 205.83 224.66 225.04 236.41 218.49 207.87 230.83 238.22 248.60 252.32 359.51 298.94 278.98 315.63 404.65 499.73 658.67 725.58 650.35 653.89 663.47 682.79 691.76 735.92 704.73 670.73 663.17 568.93 478.69 392.24 329.45 251.70 227.71 227.80 259.13 261.78 252.37 297.94 325.79 313.85 297.54 283.65 285.14 230.57 212.91 199.84 198.38 198.02
175.85 167.23 168.10 169.81 180.35 190.90 215.20 226.15 230.16 233.06 240.11 249.89 257.68 258.61 245.93 230.31 224.89 225.66 225.69 217.11 214.53 210.35 207.33 210.57 222.97 208.35 235.74 241.94 255.17 280.20 257.02 251.75 259.59 331.58 469.45 563.28 612.89 636.51 703.02 735.97 816.31 729.67 832.88 851.02 887.87 977.29 1027.18 1041.74 975.53 787.47 713.77 553.27 483.34 391.00 284.71 261.44 278.35 287.77 323.92 420.18 380.46 361.41 320.96 291.37 277.17 240.58 241.31 234.04 227.78 220.71
164.32 163.29 158.87 161.84 171.91 188.65 202.07 222.34 227.47 231.38 238.65 243.31 249.03 251.47 242.88 230.09 222.94 220.53 219.45 218.96 206.30 212.46 205.84 211.30 214.56 212.24 258.94 279.15 275.84 292.13 224.23 274.76 338.98 507.72 572.35 563.11 545.54 525.46 691.28 758.56 787.04 743.55 883.84 948.39 1011.74 1052.49 1215.83 1472.75 1238.55 1081.27 1038.77 1003.77 889.32 580.58 468.38 368.14 341.04 324.38 313.71 486.16 451.95 396.64 348.77 310.13 272.91 243.90 242.46 241.93 236.98 235.04
161.89 151.91 150.27 154.87 162.43 178.51 201.81 216.37 221.65 226.02 232.99 236.22 237.01 231.07 228.58 228.69 224.09 214.22 214.20 215.72 212.26 206.15 205.76 212.14 241.01 255.05 249.80 274.38 280.69 296.47 296.72 309.81 391.41 464.69 454.00 557.25 470.29 482.05 529.96 711.60 703.15 674.32 991.63 934.15 851.60 1012.60 1146.03 1270.86 1290.81 1209.29 1327.20 1364.36 1185.38 898.60 873.18 677.96 540.39 511.20 466.20 527.12 577.99 468.81 392.53 284.65 252.30 246.23 243.16 240.09 240.10 230.32
141.72 146.68 144.03 146.48 154.39 159.72 181.58 195.87 206.21 213.04 215.78 217.07 220.67 223.33 225.22 222.83 208.82 210.81 209.65 209.88 199.42 204.27 230.76 236.27 238.74 235.70 262.84 257.76 289.59 327.40 352.63 394.69 450.97 460.12 522.93 557.58 424.06 483.72 476.19 510.17 463.40 517.13 618.31 695.88 797.93 759.93 944.79 975.87 1047.03 1308.30 1410.48 1510.81 1522.69 1385.23 1168.21 1077.78 909.95 876.04 782.89 746.30 741.20 585.39 435.99 309.00 267.40 253.50 248.93 234.41 227.38 227.66
127.46 129.04 137.32 144.54 146.14 150.87 163.47 179.86 186.05 189.70 192.72 197.22 198.83 202.62 198.56 194.43 190.27 196.95 196.47 205.16 191.33 224.93 243.22 246.18 249.19 249.81 260.53 270.46 281.83 291.68 290.27 318.96 376.66 422.34 455.58 448.77 420.60 505.70 553.88 527.20 493.08 414.93 430.67 494.82 611.34 652.52 699.83 802.25 939.62 1157.38 1343.63 1580.76 1715.60 1685.50 1346.51 1081.53 982.91 1004.12 900.84 838.91 864.52 719.33 517.92 343.83 273.34 245.22 237.01 230.08 226.81 232.14
120.82 114.92 114.54 123.41 128.38 141.91 159.30 166.60 176.06 182.17 181.40 177.70 172.14 177.81 181.02 187.69 190.80 191.11 192.49 196.08 191.36 257.51 286.79 288.23 280.92 270.35 280.52 298.74 298.04 279.98 340.57 345.67 344.53 373.76 381.35 374.88 406.82 559.44 602.58 684.34 728.77 699.36 604.59 566.92 591.04 578.01 593.83 709.61 858.00 1009.36 1166.03 1403.26 1629.11 1652.61 1194.87 935.27 986.97 1127.33 918.09 897.95 962.43 837.15 622.84 361.84 248.29 237.57 239.35 244.72 245.03 245.71
106.20 106.89 110.79 124.45 129.43 136.07 153.70 161.25 160.68 165.91 161.02 159.49 157.15 158.17 161.19 164.17 169.64 171.84 177.07 222.13 265.67 291.66 286.00 285.68 288.31 298.46 310.06 320.22 327.21 342.03 371.94 357.82 380.43 381.51 384.21 364.88 402.07 520.70 560.79 696.40 826.82 848.88 840.56 771.76 685.86 615.35 649.69 757.12 857.66 1074.70 1143.30 1300.02 1501.00 1558.68 1136.65 878.86 842.37 969.67 930.49 873.82 902.80 968.56 803.61 496.50 273.14 246.94 243.00 233.12 229.11 229.34
107.15 109.12 111.25 116.27 121.36 123.90 129.78 136.73 138.59 139.07 140.35 135.51 139.75 143.93 149.63 156.66 160.29 158.76 174.63 260.25 263.86 283.97 286.45 287.78 282.46 289.55 287.08 343.47 363.74 350.84 381.37 368.85 377.75 349.47 359.77 383.06 409.00 448.70 527.63 607.09 680.89 675.75 757.77 724.47 647.23 665.08 697.99 733.43 791.31 887.64 1066.42 1220.99 1275.12 1323.33 1234.05 1102.42 814.87 892.63 902.75 1201.88 1363.67 1331.28 1046.84 879.43 437.46 239.13 244.77 245.82 233.58 222.32
129.61 115.21 111.99 109.98 120.97 124.00 126.81 128.29 128.52 129.60 129.98 128.95 123.04 120.08 129.23 141.63 149.04 152.58 243.94 264.99 262.35 265.87 281.85 296.87 286.79 296.32 324.84 357.84 363.44 367.81 375.02 384.97 357.06 339.06 332.42 342.88 380.21 436.74 483.01 535.34 552.65 560.57 550.04 601.56 589.29 605.42 616.05 666.71 716.59 776.77 964.51 1063.58 1124.40 1193.89 1305.85 1272.53 975.52 1094.75 1222.96 1410.71 1471.51 1318.49 1211.59 1099.68 858.40 467.79 390.36 373.49 370.11 354.01
136.55 125.25 111.70 112.60 116.02 121.70 124.89 126.93 125.88 120.84 110.62 101.06 105.27 111.66 120.53 128.64 145.38 160.72 268.89 259.33 249.51 264.37 274.58 274.61 297.26 306.02 332.29 362.39 378.23 374.57 364.49 306.79 284.71 318.30 347.91 343.72 382.12 393.98 460.49 514.83 516.05 466.96 490.13 516.48 570.02 604.44 573.22 583.65 612.44 670.42 717.56 813.96 930.22 1028.99 1165.14 1278.00 1323.16 1442.57 1488.43 1665.22 1425.30 1376.90 1297.88 1195.14 940.94 994.37 769.68 705.54 582.79 477.14
131.28 126.10 112.68 105.79 108.68 112.86 116.67 104.07 89.10 71.80 68.99 63.11 70.90 75.73 108.12 121.05 126.97 167.11 242.52 234.10 266.73 264.00 276.15 286.07 288.34 299.15 330.88 377.00 318.15 307.40 302.47 286.77 281.90 309.85 335.07 356.72 347.16 393.94 442.86 468.92 463.89 426.52 433.45 466.78 512.74 521.42 524.45 520.68 515.34 515.36 547.69 570.59 658.96 772.81 854.91 990.99 1136.22 1373.73 1663.63 1919.86 1822.85 1502.93 1287.78 1263.36 1766.79 1322.87 922.86 765.64 641.31 599.91
133.47 124.86 110.57 106.93 106.58 93.47 77.77 72.25 65.09 61.22 59.11 58.29 59.07 65.15 86.72 103.24 108.84 186.83 197.20 219.94 252.15 229.37 244.68 258.10 283.87 302.13 327.85 347.43 309.01 294.31 296.33 291.62 280.04 284.30 325.27 329.84 343.56 391.41 423.30 436.61 446.80 416.32 384.05 403.78 424.42 423.43 448.78 449.43 438.48 407.63 413.75 439.85 483.81 538.33 626.98 720.38 844.55 1096.03 1182.01 1310.59 1520.99 1501.59 1462.78 1413.66 2604.82 1727.13 1034.62 872.19 704.50 671.26
127.77 113.92 105.12 80.92 72.38 72.14 66.65 60.40 58.79 58.59 58.53 58.36 58.24 58.38 58.77 64.73 107.05 170.18 175.81 181.29 195.03 227.14 238.26 263.32 291.49 306.18 307.93 325.64 331.08 302.07 297.55 281.30 283.53 296.76 313.27 299.69 326.03 340.81 361.90 360.45 358.42 356.77 361.96 382.22 397.63 387.23 380.33 381.24 369.42 348.18 343.85 344.45 355.43 400.85 467.38 544.35 615.06 777.67 824.52 905.56 962.95 1117.72 1327.38 1715.31 2932.22 3019.31 1859.90 1023.63 976.22 907.09
125.98 99.08 79.90 70.41 66.86 60.81 59.09 58.81 58.67 58.25 57.78 57.31 56.93 56.93 56.93 57.22 86.57 119.41 143.77 167.47 190.62 238.75 241.60 253.55 275.38 292.76 311.75 310.63 326.11 322.28 296.67 285.71 278.13 273.26 267.54 268.91 286.01 312.52 317.76 330.86 321.13 319.48 333.45 349.54 342.68 339.11 337.71 328.30 317.11 297.16 264.84 268.11 290.70 314.39 354.08 429.68 502.22 566.32 619.34 669.68 778.95 907.28 1142.55 1463.56 2372.31 3181.26 2198.25 1149.63 1205.09 1044.90
116.35 84.21 70.17 66.17 63.25 58.75 58.71 57.87 57.34 57.14 57.14 57.41 57.67 58.02 58.33 58.28 92.77 110.99 122.07 155.64 202.27 232.09 223.03 228.89 257.78 292.25 310.88 319.97 327.80 328.79 294.58 282.42 274.93 270.50 261.80 266.05 300.82 304.14 311.57 320.36 297.14 287.20 312.60 334.80 317.01 300.59 281.28 278.84 270.13 253.57 238.57 228.47 242.27 275.79 313.29 378.01 451.83 522.02 546.92 589.13 674.55 776.81 912.67 1163.18 1525.63 1637.03 1742.11 1404.34 1083.52 935.49
