arc/python_arcpy/Precipitation/APHRO_MA_025deg_1993.txt
ncols	360 
nrows	280 
xllcorner	60.125 
yllcorner	-14.875 
cellsize	0.25 
NODATA_value	-99.9 
[rows 62 to 92 of 280, columns 210 to 279 of 360]
321.51 318.39 336.81 353.28 347.93 333.71 333.67 338.24 336.62 337.26 335.72 360.74 388.43 392.13 384.61 387.12 384.03 379.26 388.05 398.34 411.71 427.99 435.09 440.47 466.45 467.29 460.31 464.25 -99.90 -99.90 -99.90 -99.90 -99.90 -99.90 -99.90 459.33 465.28 472.37 483.21 501.63 506.29 -99.90 539.56 -99.90 -99.90 -99.90 -99.90 -99.90 755.77 -99.90 -99.90 706.46 685.12 694.52 697.95 715.00 729.26 788.12 850.58 913.77 892.52 -99.90 -99.90 -99.90 -99.90 -99.90 -99.90 -99.90 -99.90 -99.90
331.11 324.97 352.40 407.99 462.27 385.21 349.94 353.21 353.46 347.26 336.65 346.39 363.87 369.29 366.34 373.24 378.11 400.28 438.28 354.27 403.23 414.53 418.83 413.53 422.91 448.39 458.23 -99.90 -99.90 -99.90 -99.90 -99.90 -99.90 -99.90 -99.90 466.70 468.20 481.19 484.89 491.00 498.99 516.66 539.59 -99.90 -99.90 -99.90 -99.90 -99.90 -99.90 -99.90 725.07 682.64 681.43 681.73 694.44 713.49 720.83 820.14 932.76 1073.78 1031.58 999.45 -99.90 -99.90 -99.90 -99.90 -99.90 -99.90 -99.90 -99.90
304.55 314.05 370.19 435.31 473.02 412.31 351.72 353.89 352.62 344.58 335.78 330.53 348.47 357.97 358.01 367.56 380.84 385.77 404.21 406.63 413.82 -99.90 -99.90 -99.90 -99.90 -99.90 -99.90 -99.90 -99.90 -99.90 -99.90 -99.90 -99.90 -99.90 476.24 486.13 479.18 480.02 -99.90 -99.90 -99.90 -99.90 -99.90 -99.90 -99.90 -99.90 -99.90 -99.90 -99.90 -99.90 633.49 667.19 685.31 687.99 691.48 727.76 785.05 868.36 947.83 1060.23 1113.35 1186.23 1223.99 -99.90 -99.90 -99.90 -99.90 -99.90 -99.90 -99.90
299.57 310.04 342.33 372.35 399.26 382.31 355.76 356.94 355.52 351.70 346.91 356.64 367.02 363.40 364.40 371.42 388.86 407.38 421.90 427.01 424.36 -99.90 -99.90 -99.90 -99.90 -99.90 -99.90 -99.90 -99.90 -99.90 -99.90 -99.90 -99.90 -99.90 499.85 -99.90 -99.90 -99.90 -99.90 -99.90 -99.90 -99.90 -99.90 -99.90 -99.90 -99.90 -99.90 -99.90 -99.90 586.79 588.96 623.62 665.24 679.39 698.55 730.25 810.85 871.67 950.27 1109.90 1182.35 1235.38 1272.40 1214.26 -99.90 -99.90 -99.90 -99.90 -99.90 -99.90
328.99 338.32 357.22 365.51 376.30 368.47 363.19 377.50 376.03 366.06 363.57 373.83 383.34 384.15 385.87 398.76 427.00 468.83 471.21 463.77 445.41 449.51 -99.90 -99.90 -99.90 -99.90 -99.90 -99.90 -99.90 -99.90 -99.90 -99.90 -99.90 502.39 -99.90 -99.90 -99.90 -99.90 -99.90 -99.90 -99.90 -99.90 -99.90 -99.90 -99.90 -99.90 -99.90 -99.90 -99.90 576.31 585.14 624.57 696.97 744.78 743.05 777.08 835.04 897.43 984.22 1062.56 1094.20 1108.10 1124.92 1258.97 1416.65 -99.90 -99.90 -99.90 -99.90 -99.90
342.52 353.02 355.53 361.61 382.48 394.96 420.09 414.87 396.45 384.37 379.86 391.42 407.50 402.75 405.89 433.70 479.92 510.52 514.94 513.28 512.50 523.67 520.79 521.60 534.60 549.51 -99.90 -99.90 -99.90 -99.90 -99.90 -99.90 -99.90 -99.90 -99.90 -99.90 -99.90 -99.90 -99.90 -99.90 -99.90 -99.90 -99.90 -99.90 -99.90 -99.90 -99.90 -99.90 479.16 551.92 590.57 654.27 791.47 845.72 807.43 776.54 840.61 920.56 1022.01 1096.62 1044.74 1008.70 1059.49 1252.91 1351.27 -99.90 -99.90 -99.90 -99.90 -99.90
357.43 357.04 352.53 369.36 392.93 410.72 455.33 449.48 426.65 416.99 411.57 425.16 433.61 429.08 443.27 472.21 523.29 547.12 550.18 557.70 560.46 554.60 558.68 561.97 575.46 583.85 598.38 -99.90 -99.90 -99.90 -99.90 -99.90 557.47 552.62 -99.90 -99.90 -99.90 -99.90 -99.90 -99.90 -99.90 -99.90 -99.90 -99.90 -99.90 -99.90 -99.90 -99.90 389.03 517.66 567.10 651.37 783.10 868.43 865.76 862.60 811.94 892.93 1031.91 1167.53 1169.66 1054.84 1026.44 1138.64 1446.05 1465.18 -99.90 -99.90 -99.90 -99.90
372.45 380.43 394.53 413.13 421.12 457.84 488.33 483.38 469.46 455.70 463.97 478.26 476.55 485.85 512.01 542.20 563.19 578.25 588.22 605.38 602.16 596.74 602.77 599.85 604.47 610.01 626.13 -99.90 -99.90 -99.90 622.93 612.15 593.62 587.47 580.93 585.94 -99.90 -99.90 587.83 -99.90 -99.90 -99.90 -99.90 -99.90 -99.90 -99.90 -99.90 -99.90 -99.90 -99.90 -99.90 695.72 740.00 -99.90 906.71 990.67 925.24 942.91 1106.00 1184.73 1203.30 1216.02 1154.48 1415.63 1689.23 1705.03 1565.74 -99.90 -99.90 -99.90
436.77 437.32 457.21 484.09 510.05 531.10 532.54 514.73 514.15 522.90 546.38 579.10 547.03 557.66 599.56 619.69 592.69 609.89 620.44 629.90 630.46 621.26 619.67 622.49 620.91 617.71 635.26 -99.90 -99.90 642.51 637.16 643.35 645.47 638.92 619.61 608.12 583.89 575.81 597.78 609.05 591.16 -99.90 -99.90 -99.90 -99.90 -99.90 -99.90 -99.90 -99.90 -99.90 -99.90 -99.90 -99.90 -99.90 -99.90 875.33 924.09 936.15 919.79 1111.92 1154.54 1198.70 1312.73 1484.63 1573.91 1676.35 1525.86 1491.72 -99.90 -99.90
517.63 511.63 528.71 539.48 558.37 562.47 553.51 531.55 529.81 548.27 571.72 579.89 563.53 571.28 617.05 644.29 645.22 640.50 644.44 647.48 659.64 655.92 660.46 665.90 653.38 642.93 642.82 650.23 659.14 663.97 669.49 674.70 693.08 692.23 676.15 645.10 618.80 615.07 630.54 629.09 615.95 -99.90 -99.90 -99.90 -99.90 -99.90 -99.90 -99.90 -99.90 -99.90 -99.90 -99.90 -99.90 837.98 855.00 852.46 864.02 939.70 1002.35 1083.31 1162.48 1239.26 1357.74 1364.37 1437.59 1489.92 1544.18 1461.64 -99.90 -99.90
522.79 532.27 551.67 565.36 568.80 589.18 572.64 553.17 546.08 548.57 549.51 567.97 570.00 591.03 630.44 657.13 674.87 677.22 700.53 720.65 718.56 700.62 693.46 695.04 683.53 670.65 675.18 675.78 680.13 681.19 685.27 698.85 730.64 739.48 748.34 696.31 665.29 660.67 654.15 674.56 648.85 -99.90 -99.90 -99.90 -99.90 -99.90 -99.90 -99.90 -99.90 -99.90 -99.90 -99.90 -99.90 -99.90 863.43 828.74 940.81 1014.92 1072.57 1086.01 1120.87 1183.51 1305.89 1424.44 1354.17 1391.43 1493.38 1452.78 -99.90 -99.90
537.67 542.32 558.22 579.09 584.31 598.81 601.91 586.26 572.32 564.05 564.40 559.13 569.19 601.81 639.56 672.76 706.49 776.86 841.08 820.93 806.14 759.60 748.62 746.64 721.44 699.08 704.82 689.44 679.58 678.47 683.75 698.44 713.10 733.68 742.49 711.53 -99.90 -99.90 -99.90 -99.90 -99.90 -99.90 -99.90 -99.90 -99.90 -99.90 -99.90 -99.90 -99.90 -99.90 -99.90 -99.90 -99.90 -99.90 842.51 851.83 992.42 1145.64 1190.38 1175.94 1221.62 1262.81 1273.41 1153.60 1255.86 1324.14 1434.70 1411.63 -99.90 -99.90
558.45 560.64 576.83 590.87 613.58 612.03 601.01 602.53 599.49 584.57 568.80 563.54 573.56 621.56 663.34 710.90 761.35 840.22 940.01 878.32 831.34 812.58 789.39 762.49 725.12 711.01 699.57 689.32 684.34 682.22 681.10 687.56 704.07 705.51 -99.90 -99.90 -99.90 -99.90 -99.90 -99.90 -99.90 -99.90 -99.90 -99.90 -99.90 -99.90 -99.90 -99.90 -99.90 -99.90 -99.90 -99.90 -99.90 -99.90 -99.90 942.59 1126.98 1267.84 1331.68 1382.59 1368.27 1361.83 1256.40 1216.55 1232.22 1328.11 1367.73 1346.20 -99.90 -99.90
564.58 559.00 580.70 627.16 649.15 608.45 613.70 643.85 617.03 595.74 583.44 579.67 581.45 627.84 693.40 737.29 790.60 835.11 866.07 859.75 841.96 814.81 790.38 756.97 744.57 732.75 717.96 705.41 700.90 695.80 707.47 703.20 707.94 -99.90 -99.90 -99.90 -99.90 -99.90 -99.90 -99.90 -99.90 -99.90 -99.90 -99.90 -99.90 -99.90 -99.90 -99.90 -99.90 -99.90 -99.90 -99.90 -99.90 -99.90 -99.90 -99.90 1211.20 1336.12 1390.50 1422.33 1397.60 1451.26 1366.88 1273.92 1233.29 1291.43 1317.69 1277.49 1278.57 -99.90
575.13 581.24 602.13 636.87 635.83 617.10 621.08 625.00 614.87 602.43 593.39 602.73 621.20 654.35 686.87 719.46 784.61 830.33 842.03 843.81 843.13 827.42 801.33 769.21 757.97 751.29 736.87 731.47 721.10 717.34 745.90 747.80 -99.90 -99.90 -99.90 -99.90 -99.90 -99.90 -99.90 -99.90 -99.90 -99.90 -99.90 -99.90 -99.90 -99.90 -99.90 -99.90 -99.90 -99.90 -99.90 -99.90 -99.90 -99.90 -99.90 1251.20 1282.73 1343.04 1412.08 1454.95 1468.99 1479.16 1431.47 1247.01 1170.91 1257.84 1325.14 1263.17 1261.90 -99.90
586.94 597.28 612.44 633.70 628.41 637.14 634.58 625.78 613.85 612.49 614.61 629.95 643.74 656.58 674.01 709.16 767.09 823.78 807.16 820.84 847.57 832.74 791.82 775.35 768.47 761.77 756.77 738.29 751.26 750.19 -99.90 -99.90 -99.90 -99.90 -99.90 -99.90 -99.90 -99.90 -99.90 -99.90 -99.90 -99.90 -99.90 -99.90 -99.90 -99.90 -99.90 -99.90 -99.90 -99.90 -99.90 -99.90 -99.90 -99.90 -99.90 1221.54 1286.18 1398.58 1425.91 1434.44 1470.22 1418.10 1369.08 1304.28 1342.65 1348.52 1410.18 1431.08 -99.90 -99.90
596.85 593.00 600.13 581.33 585.34 624.37 624.82 628.64 628.62 641.01 665.59 707.30 678.83 668.15 677.49 695.58 723.44 755.99 777.26 787.39 803.97 800.13 809.13 808.37 801.22 787.24 770.68 769.66 758.91 -99.90 -99.90 -99.90 -99.90 -99.90 -99.90 -99.90 -99.90 -99.90 -99.90 -99.90 -99.90 -99.90 -99.90 -99.90 -99.90 -99.90 -99.90 -99.90 -99.90 -99.90 -99.90 -99.90 -99.90 -99.90 1137.60 1140.28 1172.52 1295.06 1368.67 1382.51 1532.59 1473.30 1471.53 1434.85 1414.04 1401.80 1436.50 1440.87 -99.90 -99.90
569.64 534.88 535.64 551.55 574.30 595.39 606.41 607.59 620.66 643.55 664.80 688.57 684.56 653.83 663.68 667.74 689.27 715.46 729.90 734.76 761.89 779.50 812.83 847.46 826.11 811.32 821.96 807.33 -99.90 -99.90 -99.90 -99.90 -99.90 -99.90 -99.90 -99.90 -99.90 -99.90 -99.90 -99.90 -99.90 -99.90 -99.90 -99.90 -99.90 -99.90 -99.90 -99.90 -99.90 -99.90 -99.90 -99.90 -99.90 -99.90 1061.97 1056.74 1070.14 1140.52 1335.76 1442.55 1528.19 1523.21 1484.13 1561.40 1564.48 1344.06 1512.40 -99.90 -99.90 -99.90
557.62 540.28 533.58 532.95 536.75 563.57 586.80 607.26 604.35 603.80 613.31 629.05 643.85 634.75 634.97 649.88 673.74 680.78 693.62 701.88 723.61 729.60 774.83 805.38 815.33 843.47 866.92 823.13 -99.90 -99.90 -99.90 -99.90 -99.90 -99.90 -99.90 -99.90 -99.90 -99.90 -99.90 -99.90 -99.90 -99.90 -99.90 -99.90 -99.90 -99.90 -99.90 -99.90 -99.90 -99.90 -99.90 -99.90 -99.90 1147.27 1060.17 1081.14 1129.06 1240.53 1386.80 1532.68 1567.04 1685.32 1610.82 1635.36 1710.65 -99.90 -99.90 -99.90 -99.90 -99.90
577.39 577.48 573.08 550.06 536.02 544.42 550.53 559.89 570.24 570.80 577.48 588.67 602.74 611.44 625.65 657.90 659.94 655.87 661.81 684.05 706.81 711.61 732.50 748.86 752.86 786.33 805.62 715.38 725.95 -99.90 -99.90 -99.90 -99.90 -99.90 -99.90 -99.90 -99.90 -99.90 -99.90 -99.90 -99.90 -99.90 -99.90 -99.90 -99.90 -99.90 -99.90 -99.90 -99.90 -99.90 -99.90 1106.84 -99.90 1109.35 1083.44 1147.09 1271.18 1427.00 1473.52 1549.42 1567.38 1663.44 1678.41 1691.18 1792.62 -99.90 -99.90 2076.79 -99.90 -99.90
618.88 614.83 580.56 577.93 570.63 547.63 538.16 540.67 553.02 568.58 569.77 573.05 573.36 586.82 609.29 626.43 665.11 686.36 706.18 708.88 720.27 708.16 713.51 704.39 717.16 715.02 695.67 670.72 657.54 704.50 748.09 784.03 -99.90 -99.90 -99.90 -99.90 -99.90 -99.90 -99.90 -99.90 -99.90 -99.90 -99.90 -99.90 -99.90 -99.90 -99.90 -99.90 -99.90 -99.90 -99.90 -99.90 -99.90 -99.90 1157.06 1291.96 1422.43 1486.83 1502.76 1551.65 1604.90 1657.01 -99.90 -99.90 -99.90 -99.90 2228.00 2060.90 -99.90 -99.90
628.28 589.80 579.83 567.50 555.75 538.21 545.28 547.75 553.01 565.62 570.02 586.12 598.47 608.23 622.03 650.09 667.41 679.13 704.36 712.68 725.24 725.43 730.19 764.30 783.97 776.85 717.43 672.84 655.50 700.55 730.41 796.33 -99.90 -99.90 -99.90 -99.90 -99.90 -99.90 -99.90 -99.90 -99.90 -99.90 -99.90 -99.90 -99.90 -99.90 -99.90 -99.90 -99.90 -99.90 1254.69 -99.90 -99.90 -99.90 1317.08 -99.90 1466.34 1497.63 -99.90 1521.16 -99.90 -99.90 -99.90 -99.90 -99.90 -99.90 2304.09 2320.67 -99.90 -99.90
643.12 579.97 541.15 573.21 568.88 555.24 564.71 568.53 565.57 568.60 575.34 589.84 604.63 624.73 648.67 672.54 675.81 666.86 665.09 704.67 746.84 784.17 792.44 832.09 831.28 786.27 663.16 711.60 716.44 734.56 780.78 881.03 -99.90 -99.90 -99.90 -99.90 -99.90 -99.90 -99.90 -99.90 -99.90 -99.90 -99.90 -99.90 -99.90 -99.90 -99.90 -99.90 -99.90 -99.90 -99.90 -99.90 -99.90 -99.90 -99.90 1501.61 -99.90 -99.90 -99.90 -99.90 -99.90 -99.90 -99.90 -99.90 -99.90 -99.90 -99.90 -99.90 2070.17 1827.01
668.58 619.12 596.92 605.40 611.96 599.22 591.41 587.54 604.46 613.88 628.29 640.39 667.80 686.64 706.54 718.30 714.99 734.26 710.74 741.64 802.83 872.98 878.88 870.05 883.63 895.87 851.17 804.92 797.96 822.96 914.26 968.94 926.09 -99.90 -99.90 -99.90 -99.90 -99.90 -99.90 -99.90 -99.90 -99.90 -99.90 -99.90 -99.90 -99.90 -99.90 -99.90 -99.90 -99.90 -99.90 -99.90 -99.90 -99.90 -99.90 -99.90 1566.17 1692.80 -99.90 -99.90 -99.90 -99.90 -99.90 -99.90 -99.90 -99.90 -99.90 -99.90 2028.26 1856.05
679.42 666.50 651.07 652.18 655.63 641.00 619.95 609.10 626.58 670.48 687.27 706.85 725.75 752.95 780.37 789.03 805.61 815.06 812.65 839.22 888.88 937.48 953.76 944.13 982.26 972.56 947.25 907.19 894.10 937.15 972.35 986.78 983.18 -99.90 -99.90 -99.90 -99.90 -99.90 -99.90 -99.90 -99.90 -99.90 -99.90 -99.90 -99.90 -99.90 -99.90 -99.90 -99.90 -99.90 -99.90 -99.90 -99.90 -99.90 1373.82 1527.19 1912.63 1893.39 -99.90 -99.90 -99.90 -99.90 -99.90 -99.90 -99.90 -99.90 2200.23 2272.99 2357.00 2363.18
727.99 707.90 698.91 698.48 706.94 697.82 649.39 634.10 668.37 707.88 742.05 776.76 790.64 825.71 838.98 841.43 847.44 863.98 909.43 943.44 956.34 975.85 991.20 1016.99 1034.48 1002.20 995.05 1000.96 997.72 1012.17 1025.90 1024.03 1022.44 1043.46 -99.90 -99.90 -99.90 -99.90 -99.90 -99.90 -99.90 -99.90 -99.90 -99.90 -99.90 -99.90 -99.90 -99.90 -99.90 -99.90 -99.90 -99.90 -99.90 -99.90 1445.45 1573.28 1842.49 -99.90 -99.90 -99.90 -99.90 -99.90 -99.90 -99.90 -99.90 -99.90 2289.97 2344.74 2470.19 2621.17
750.49 748.64 736.94 736.29 745.40 755.38 715.04 714.92 747.98 776.91 814.22 835.47 863.32 908.18 882.52 873.47 886.58 912.30 941.75 962.97 985.95 1006.52 1022.88 1067.92 1082.20 1048.00 1040.48 1038.48 1033.94 1059.76 1068.00 1087.95 1078.69 1088.81 -99.90 -99.90 -99.90 -99.90 -99.90 -99.90 -99.90 -99.90 -99.90 -99.90 -99.90 -99.90 -99.90 -99.90 -99.90 -99.90 -99.90 -99.90 -99.90 -99.90 -99.90 -99.90 -99.90 -99.90 -99.90 -99.90 -99.90 -99.90 -99.90 -99.90 2428.54 2486.65 2405.10 -99.90 2428.59 2525.04
743.19 758.00 775.05 784.22 808.70 816.98 825.84 820.28 860.44 881.96 886.19 899.29 937.89 972.82 961.42 919.78 907.68 937.54 937.08 962.16 1009.82 1049.00 1079.96 1103.77 1092.20 1080.43 1079.49 1077.92 1082.92 1080.34 1086.10 1101.32 1102.61 1113.08 1130.27 -99.90 -99.90 -99.90 -99.90 -99.90 -99.90 -99.90 -99.90 -99.90 -99.90 -99.90 -99.90 -99.90 -99.90 -99.90 -99.90 -99.90 -99.90 -99.90 -99.90 -99.90 -99.90 -99.90 -99.90 -99.90 -99.90 -99.90 -99.90 -99.90 2463.43 2517.43 -99.90 -99.90 -99.90 2653.96
757.48 771.42 806.57 866.84 884.85 907.90 923.10 928.76 938.37 956.89 974.84 993.04 1014.84 1038.17 1023.07 1001.42 983.29 977.63 966.77 959.25 1011.86 1074.40 1136.03 1153.01 1128.59 1123.29 1114.81 1116.47 1131.74 1131.98 1146.14 1168.04 1142.38 1147.78 1153.31 1164.43 -99.90 -99.90 -99.90 -99.90 -99.90 -99.90 -99.90 -99.90 -99.90 -99.90 -99.90 -99.90 -99.90 -99.90 -99.90 -99.90 -99.90 -99.90 -99.90 -99.90 -99.90 -99.90 -99.90 -99.90 -99.90 -99.90 -99.90 -99.90 -99.90 -99.90 -99.90 -99.90 -99.90 2936.81
766.42 781.03 843.64 893.21 942.83 959.17 970.29 990.42 988.59 1015.88 1055.82 1087.45 1108.69 1101.04 1078.22 1073.30 1043.96 1032.24 1030.81 1012.94 1015.99 1049.96 1139.09 1172.55 1169.43 1166.01 1164.17 1163.12 1159.73 1168.06 1206.30 1222.07 1227.53 1223.31 1213.08 1204.02 1179.32 -99.90 -99.90 -99.90 -99.90 -99.90 -99.90 -99.90 -99.90 -99.90 -99.90 -99.90 -99.90 -99.90 -99.90 -99.90 -99.90 -99.90 -99.90 -99.90 -99.90 -99.90 -99.90 -99.90 -99.90 -99.90 -99.90 -99.90 -99.90 -99.90 -99.90 -99.90 -99.90 -99.90
815.44 838.66 880.01 922.16 954.10 985.29 1029.77 1053.06 1059.40 1065.82 1125.80 1173.40 1206.13 1202.04 1171.18 1164.82 1139.07 1095.40 1073.67 1028.70 1048.48 1096.40 1170.87 1189.77 1214.76 1227.40 1180.41 1163.33 1168.59 1189.35 1244.42 1280.30 1272.38 1283.89 1265.41 1242.36 1233.77 1228.14 -99.90 -99.90 -99.90 -99.90 -99.90 -99.90 -99.90 -99.90 -99.90 -99.90 -99.90 -99.90 -99.90 -99.90 -99.90 -99.90 -99.90 -99.90 -99.90 -99.90 -99.90 -99.90 -99.90 -99.90 -99.90 -99.90 -99.90 -99.90 -99.90 -99.90 -99.90 3387.99
