arc/python_arcpy/Precipitation/APHRO_MA_025deg_2001.txt
ncols	360 
nrows	280 
xllcorner	60.125 
yllcorner	-14.875 
cellsize	0.25 
NODATA_value	-99.9 
[rows 0 to 30 of 280, columns 210 to 279 of 360]
425.42 427.76 422.39 412.22 407.97 396.42 388.23 375.90 365.87 350.06 337.24 336.14 335.11 327.85 326.01 335.03 337.53 319.72 326.18 337.43 342.20 352.81 362.16 355.57 352.03 368.88 367.79 367.91 371.61 381.33 391.40 397.07 394.69 386.03 384.48 382.40 383.12 395.37 402.66 405.36 425.92 428.80 434.37 436.49 436.87 442.77 440.32 435.92 438.81 440.74 439.77 445.16 454.22 450.42 457.59 467.58 482.53 472.05 482.78 481.25 483.36 484.29 488.15 495.61 498.02 510.31 517.42 513.29 507.57 509.41
433.06 430.55 446.79 428.27 399.64 379.36 374.44 377.92 359.08 341.61 337.54 337.04 333.29 327.74 330.11 328.03 321.66 316.88 321.40 335.83 362.16 371.28 378.86 378.87 377.13 381.62 390.81 404.16 409.32 417.61 420.90 422.41 426.81 418.05 409.88 404.23 413.08 410.30 414.50 429.53 432.36 431.29 434.23 430.70 429.44 433.80 435.82 436.89 444.47 456.35 453.23 459.32 455.15 457.36 447.14 449.30 449.45 445.56 447.24 451.31 451.47 466.01 474.64 482.32 485.28 496.99 504.70 502.45 500.83 502.34
403.27 412.33 404.20 384.89 373.46 367.38 361.69 360.01 347.14 343.02 342.84 336.41 331.86 328.30 327.73 314.50 305.00 311.96 321.36 334.38 364.72 381.87 382.19 383.92 384.86 394.20 420.03 427.74 423.64 436.54 444.32 443.63 444.35 440.50 430.72 423.61 423.10 415.12 421.06 420.23 425.70 421.53 415.53 417.95 413.78 414.51 426.68 438.90 432.29 439.11 455.03 464.79 468.56 474.24 460.32 443.68 440.47 439.61 444.38 440.98 421.46 435.60 466.84 477.88 482.37 486.91 493.96 497.45 497.85 500.31
381.70 376.66 373.00 371.35 365.10 359.61 354.80 354.52 351.05 345.99 336.64 340.91 343.62 335.33 334.77 323.17 318.42 324.95 326.93 332.63 368.63 364.23 373.07 397.08 408.21 405.89 419.49 430.00 441.12 451.45 448.57 453.92 442.55 436.05 427.64 415.83 401.88 397.97 406.05 409.84 414.16 409.69 407.12 401.68 397.51 388.89 400.59 418.40 414.19 414.41 426.67 431.64 440.49 438.65 446.65 440.22 435.31 440.67 438.08 446.19 442.15 448.03 453.85 466.01 478.35 474.20 474.75 492.68 505.00 509.17
368.60 362.88 354.49 350.28 351.59 356.70 358.10 352.99 344.72 342.51 344.48 342.79 341.76 337.91 335.28 341.68 328.41 327.02 338.76 359.30 369.38 371.52 384.25 396.83 394.60 411.00 418.98 436.76 441.73 448.59 450.06 445.69 433.33 422.10 423.67 420.28 404.99 400.36 406.76 410.58 416.20 416.36 415.29 411.80 413.25 407.25 415.45 426.51 426.59 418.59 417.91 418.60 423.74 425.61 424.28 425.08 421.66 422.00 414.64 428.74 451.75 456.93 463.20 459.16 472.32 448.41 448.99 498.99 508.71 511.28
349.61 347.61 345.20 345.35 346.64 344.49 347.32 355.57 355.81 352.99 344.40 340.79 342.29 341.15 341.08 339.04 334.59 343.01 344.44 356.81 373.74 368.81 381.49 373.99 367.80 378.96 405.69 427.82 432.70 437.14 440.74 437.07 434.57 431.17 427.58 423.08 421.90 418.44 422.19 429.31 430.29 430.56 426.95 425.47 429.58 433.02 438.60 438.81 439.59 428.94 423.87 425.80 430.15 427.80 420.98 416.70 408.90 400.31 394.02 391.23 401.57 411.88 430.31 426.40 428.69 429.06 444.41 455.87 463.34 469.95
318.01 324.85 333.04 335.88 338.57 340.72 337.89 341.51 345.11 349.86 346.37 348.44 345.97 343.99 337.83 336.45 343.67 344.94 353.04 363.22 373.34 375.75 375.24 366.59 373.46 388.03 393.55 399.06 406.27 423.77 438.67 440.74 438.28 435.89 431.45 426.72 430.81 442.05 446.86 450.98 447.69 445.42 443.81 444.54 445.55 449.87 447.36 442.97 445.23 439.57 433.91 435.77 434.39 435.14 423.48 414.38 406.23 402.08 402.64 399.68 396.16 397.23 402.92 410.31 415.72 427.22 442.61 445.67 451.11 453.89
301.56 310.90 323.28 325.39 330.96 335.61 337.22 336.17 339.42 340.42 343.07 346.72 341.66 341.12 344.53 346.29 356.91 359.73 366.31 364.32 373.82 369.93 368.32 374.63 370.21 377.50 381.29 393.47 423.69 439.03 438.90 447.94 444.06 449.66 447.59 445.97 455.15 465.35 467.72 466.75 467.12 464.89 459.91 460.95 459.66 461.31 460.59 458.33 455.72 446.47 437.03 430.98 429.39 427.98 424.41 415.32 408.80 409.84 404.09 398.25 392.30 393.81 398.73 397.30 400.15 429.39 439.97 442.44 447.26 459.20
318.58 322.51 324.07 320.29 333.84 335.84 336.64 335.01 333.15 331.74 330.13 329.96 326.77 332.27 337.53 339.35 343.05 348.26 356.76 363.55 367.90 370.16 373.32 374.97 371.33 367.95 388.74 405.92 412.09 441.65 444.14 447.81 464.53 461.01 466.79 464.60 471.43 471.29 475.28 482.36 478.79 474.54 471.65 476.51 478.60 473.73 466.56 466.94 462.55 456.95 440.90 435.62 434.69 430.05 422.32 419.86 416.98 411.30 407.19 397.99 392.38 388.68 399.87 404.17 401.67 415.75 427.36 441.25 450.91 458.25
320.77 321.72 320.11 320.99 333.37 335.32 333.39 333.79 331.26 317.43 310.51 313.25 320.68 322.36 324.26 324.57 326.03 321.74 331.81 350.78 361.95 366.46 370.09 372.99 366.52 372.05 387.16 400.63 420.87 425.35 438.87 453.63 460.15 466.69 478.43 481.14 475.13 478.37 489.41 494.06 476.55 482.32 476.56 488.08 487.59 484.14 489.98 488.00 483.01 473.05 455.83 444.00 438.48 427.83 418.70 419.47 415.46 410.70 406.39 403.32 403.95 403.25 412.64 411.33 413.27 417.90 428.37 435.13 444.99 453.23
334.05 338.12 345.14 347.29 342.33 345.82 345.43 337.58 332.25 323.83 323.54 326.12 316.66 312.77 311.19 308.58 307.45 308.06 318.35 333.95 353.46 363.15 361.14 363.72 363.32 382.00 379.49 396.13 404.90 421.54 423.79 448.25 445.66 472.29 475.72 467.34 481.82 484.96 491.78 495.64 493.76 497.72 493.32 503.87 495.18 493.62 491.93 489.33 500.17 487.18 464.44 447.35 434.78 425.10 421.33 410.98 411.48 407.79 408.15 402.04 407.80 408.98 408.08 409.11 414.43 420.35 423.56 428.21 439.36 460.54
341.64 355.39 375.30 386.15 373.82 359.10 347.16 344.86 338.75 333.83 327.75 324.64 315.66 307.43 300.87 297.03 299.07 298.33 308.37 321.47 340.88 348.85 353.76 358.60 366.33 372.12 377.11 387.01 394.31 410.29 420.53 421.64 428.78 450.30 462.89 473.95 475.97 479.26 489.20 507.45 516.84 508.87 498.09 493.20 487.34 487.49 486.68 489.39 483.79 480.21 463.74 446.94 436.51 423.59 413.40 401.62 395.69 400.42 401.29 392.55 398.21 404.18 404.10 409.38 416.06 422.49 422.94 425.48 431.43 433.10
368.95 373.57 376.04 386.29 372.54 358.04 354.12 345.80 336.63 329.55 321.32 312.47 309.15 297.70 287.76 288.09 289.70 297.12 303.99 310.17 316.30 327.43 334.55 343.42 341.31 350.95 359.86 370.25 381.00 385.04 383.97 395.95 402.32 426.69 442.46 449.29 467.13 462.41 471.49 479.61 487.77 491.05 490.07 488.37 483.97 490.99 494.97 485.55 473.37 470.33 452.02 435.04 428.02 417.12 409.75 402.48 405.23 394.06 389.92 385.60 389.31 404.29 413.52 417.48 420.82 424.26 426.28 431.13 427.64 419.13
392.43 382.69 376.05 369.96 363.26 356.02 343.14 332.92 333.23 325.63 319.30 312.24 301.12 288.96 288.69 286.12 278.12 284.50 291.02 297.27 305.80 310.02 315.98 316.41 327.43 343.05 354.08 363.34 371.35 370.83 375.18 387.65 408.28 407.93 419.04 437.03 440.05 446.63 463.00 470.49 470.38 471.52 470.33 471.21 477.20 482.27 482.48 477.89 467.41 459.40 446.10 427.36 411.85 405.36 406.79 398.86 394.17 388.79 388.94 389.04 400.78 414.80 419.23 422.13 422.81 427.07 431.48 432.83 431.62 439.10
398.24 381.88 377.90 362.59 357.14 348.69 342.49 332.28 325.94 313.45 306.78 301.60 293.41 285.44 287.01 280.95 279.24 287.07 285.11 289.21 291.59 296.04 297.12 302.22 308.55 324.27 339.10 360.03 386.88 366.34 366.46 379.84 386.34 400.17 404.64 417.96 420.84 421.05 431.28 449.33 457.53 456.37 469.80 467.90 470.05 466.48 459.30 460.33 454.66 440.47 428.19 412.32 404.28 405.98 403.08 393.52 386.93 386.95 402.17 405.69 413.76 422.47 429.16 426.62 427.14 428.97 433.03 429.74 438.14 447.51
381.41 377.87 367.63 353.15 342.31 337.57 330.92 317.70 307.32 301.53 293.86 288.37 280.43 279.90 277.75 276.53 277.08 278.53 277.98 281.23 285.84 292.73 289.04 288.52 296.73 300.42 314.26 322.67 336.36 343.54 350.81 363.63 367.11 384.49 396.40 392.84 392.43 408.46 428.37 430.81 436.65 431.63 452.85 454.86 452.54 445.63 443.32 449.75 439.79 433.46 419.15 411.30 405.74 397.67 395.52 392.86 390.73 397.92 406.00 409.29 418.96 421.97 422.56 423.20 426.60 427.62 428.53 433.70 437.93 458.07
363.59 359.87 351.75 345.48 336.24 327.67 315.28 304.89 286.41 277.64 273.76 264.52 258.11 252.70 255.64 263.94 269.18 265.84 261.86 262.51 272.20 278.64 278.46 272.02 274.51 280.87 289.38 296.00 306.12 316.44 328.49 332.16 339.14 343.77 355.38 373.59 381.51 394.44 409.02 418.55 421.76 419.33 428.25 431.75 434.42 439.71 443.50 440.84 426.37 417.80 407.50 403.42 401.12 389.72 385.30 385.43 387.52 395.89 410.01 412.21 420.34 419.92 420.64 416.77 417.23 427.03 433.04 432.53 459.63 475.73
344.34 338.41 338.05 332.48 317.61 309.38 297.33 287.24 276.90 269.12 258.81 251.91 245.91 243.39 243.87 250.16 256.37 250.58 254.15 256.28 257.34 253.91 256.60 259.88 259.88 259.18 261.86 270.24 275.65 279.78 292.95 309.70 321.65 330.00 337.13 360.76 380.45 394.51 404.93 404.61 408.04 409.84 407.92 422.84 419.19 423.34 430.18 416.85 408.27 400.76 392.29 389.99 381.51 381.15 378.12 375.51 383.77 400.72 413.24 412.74 420.06 420.07 420.86 424.44 432.38 444.62 446.46 449.59 461.53 473.80
310.45 312.36 322.18 320.93 299.01 283.01 276.65 268.27 259.33 246.60 237.40 235.65 231.29 229.25 233.75 243.05 247.09 239.25 237.31 235.80 235.89 239.01 244.82 246.53 248.31 245.03 248.42 255.41 258.48 258.74 263.53 282.87 300.18 311.69 327.19 356.58 378.74 390.10 397.20 397.97 400.28 406.98 411.48 416.15 412.44 406.34 397.07 393.54 385.04 382.86 383.46 379.71 375.99 382.41 379.68 376.47 388.41 396.39 400.51 403.65 419.60 424.79 434.51 442.43 449.21 454.89 456.01 458.13 462.93 471.87
278.48 270.17 281.78 288.65 277.39 264.01 252.52 245.57 236.74 222.92 218.07 215.65 214.76 210.90 211.64 212.93 213.60 213.32 215.30 219.64 223.21 228.72 231.11 236.66 239.89 242.18 243.39 247.42 252.34 252.83 257.54 277.61 295.17 309.85 323.05 348.03 368.77 378.23 378.15 386.10 387.71 386.89 389.90 396.57 397.70 395.53 385.34 384.02 381.03 375.15 374.78 374.65 374.14 374.50 381.11 384.29 388.68 390.21 394.06 392.65 407.25 432.11 437.20 450.26 455.03 455.55 458.73 469.27 482.00 485.02
242.44 240.56 256.08 253.60 247.34 240.37 230.01 219.45 211.00 204.35 204.58 202.83 196.68 193.46 190.95 192.26 195.09 195.32 196.60 198.65 203.00 211.00 222.68 239.59 234.64 234.61 240.26 245.06 254.67 260.15 270.59 283.25 298.24 312.11 319.82 335.55 354.16 357.62 358.84 372.27 366.76 377.72 380.87 387.80 384.20 382.24 382.39 380.12 376.89 370.87 363.90 362.28 362.76 365.35 373.98 373.20 378.08 384.79 385.02 385.46 404.07 417.88 425.89 440.63 455.80 464.39 475.78 485.83 492.13 506.46
218.29 223.72 227.00 228.40 222.37 207.76 189.73 170.60 175.32 179.10 177.15 180.07 182.92 182.52 180.03 179.53 182.74 183.98 179.93 170.46 182.99 194.06 203.79 212.40 216.92 219.66 222.11 238.15 246.50 254.37 263.59 276.31 295.11 308.87 310.01 311.15 332.51 347.84 362.00 365.67 368.96 370.10 373.62 376.35 377.37 375.81 371.33 366.85 356.60 357.86 357.82 356.25 356.94 358.26 358.43 376.37 384.09 382.41 380.50 386.66 399.49 410.55 419.67 429.83 456.76 478.57 484.34 491.21 500.54 520.66
223.56 201.98 193.89 193.99 192.19 185.32 179.49 170.66 167.86 165.49 166.18 165.97 165.21 168.96 174.09 174.04 175.09 172.95 172.28 171.78 178.03 185.45 191.22 196.45 200.63 205.50 209.35 222.07 236.50 242.29 249.14 260.82 275.65 292.32 303.22 320.23 348.47 354.81 359.58 361.18 365.55 374.00 380.52 385.07 395.34 394.24 374.05 359.63 352.40 348.51 343.56 344.47 352.34 357.62 363.80 376.50 381.23 383.24 376.17 377.73 397.70 411.97 421.62 437.21 464.61 475.21 482.79 489.94 502.73 535.75
212.93 195.26 194.23 190.93 186.17 180.50 171.42 172.03 167.09 164.83 164.70 162.91 156.23 152.22 156.39 164.41 169.87 168.45 170.43 174.14 179.71 185.10 189.80 194.22 196.65 201.80 208.85 217.60 231.99 240.89 255.97 263.64 272.67 289.84 312.20 338.60 354.04 367.81 364.12 364.50 372.22 372.02 370.58 373.23 385.55 382.95 366.11 356.29 342.47 336.26 336.76 336.53 341.04 351.85 358.38 369.93 369.45 376.34 381.43 384.94 398.01 420.91 434.31 453.77 473.44 480.37 487.55 491.51 491.49 502.77
203.96 196.80 191.47 186.28 180.27 167.07 159.94 159.85 156.53 153.29 155.15 147.99 142.53 144.84 147.46 151.04 160.69 163.80 170.23 175.70 180.50 181.71 186.25 192.01 199.34 206.42 211.71 219.61 237.34 247.62 261.64 270.06 281.73 312.62 336.43 351.37 371.49 388.94 374.69 365.73 357.87 354.60 350.24 350.21 350.95 348.23 346.76 336.91 328.20 328.27 333.38 336.41 339.99 342.00 343.57 351.55 362.98 369.71 377.29 386.12 397.03 407.24 437.26 456.29 469.74 479.19 482.73 480.47 482.67 488.99
204.21 187.35 184.04 179.38 165.54 162.11 154.82 150.00 149.02 145.93 141.07 135.81 133.73 140.27 149.82 152.11 152.15 154.79 167.81 179.86 183.26 184.01 186.42 193.68 202.03 209.13 216.85 229.88 243.17 252.84 259.67 267.89 286.51 309.56 337.32 353.81 363.63 365.06 356.08 346.49 339.41 331.85 330.81 330.16 329.07 329.10 326.43 326.91 316.80 317.46 325.01 332.18 337.49 340.88 341.33 338.37 349.14 363.03 372.07 380.35 385.67 398.00 429.70 446.21 447.54 452.82 474.53 475.84 487.01 494.72
188.85 182.83 173.25 156.06 154.34 149.96 144.88 141.21 142.89 140.21 137.25 134.07 133.83 142.03 148.93 154.47 156.46 157.94 164.20 174.76 183.92 184.30 180.87 187.42 199.71 210.93 221.84 231.87 242.83 251.11 261.09 265.98 282.36 303.88 329.93 337.91 340.12 331.84 325.84 321.20 315.80 310.12 307.91 310.11 311.44 312.76 313.55 309.39 308.49 311.72 323.12 330.45 336.20 338.28 340.93 343.70 347.46 353.38 361.13 384.82 397.16 403.66 418.02 440.64 442.76 456.93 471.69 477.44 472.76 480.39
182.68 177.78 171.71 150.78 149.20 148.59 145.88 147.87 157.04 148.00 142.30 137.52 140.70 154.29 158.93 160.51 161.62 164.45 166.31 167.38 174.70 187.17 187.02 193.40 205.31 214.33 222.33 233.23 246.12 258.73 271.44 280.43 297.97 308.52 313.00 332.83 325.49 317.74 312.41 298.99 278.36 274.94 284.14 290.01 296.09 299.70 299.08 299.78 305.20 309.82 322.91 329.15 337.12 350.57 344.69 341.88 343.49 350.78 355.35 364.42 377.82 395.80 409.61 421.76 426.40 457.05 463.35 460.61 469.97 462.12
177.17 173.97 173.95 153.65 147.51 147.02 146.07 149.55 154.70 150.63 147.65 143.93 153.22 164.95 164.63 164.96 170.27 174.96 175.34 176.93 177.66 183.59 197.46 204.80 210.16 217.86 228.65 243.32 249.61 264.07 284.62 294.95 307.22 312.25 305.48 312.81 313.00 301.74 298.92 285.50 256.71 255.19 269.52 277.33 281.80 286.83 286.93 295.00 301.65 300.10 307.82 311.83 321.54 333.04 336.22 336.80 340.07 346.49 352.41 359.76 369.50 376.10 386.50 398.85 407.99 424.69 449.94 440.75 459.06 444.37
175.88 175.62 176.90 149.05 146.69 146.06 145.96 146.05 147.40 148.30 147.74 152.75 167.60 170.42 170.41 171.90 176.39 177.53 185.19 185.35 183.80 185.21 189.83 203.00 214.40 231.03 239.78 250.43 260.28 287.66 304.61 313.47 317.88 310.03 302.75 306.10 302.47 291.18 279.79 272.41 266.98 256.70 263.50 264.19 271.13 273.28 274.85 278.03 283.51 287.59 298.25 305.60 312.29 318.77 326.41 329.26 332.48 340.33 347.45 354.83 364.04 373.80 387.32 393.40 408.04 428.96 423.08 418.50 430.22 423.38
170.66 174.87 174.32 158.23 144.99 143.59 143.48 143.27 145.35 147.15 158.33 174.76 179.05 177.54 177.76 179.06 182.42 183.50 187.14 193.91 194.07 195.29 198.69 205.14 231.40 242.54 249.80 256.93 274.62 305.11 318.46 323.01 324.37 310.96 301.85 296.02 287.08 284.63 280.21 261.42 244.06 233.08 232.12 231.63 234.92 246.43 259.87 264.33 272.65 281.61 291.73 297.62 305.33 313.94 322.29 323.08 328.07 335.38 344.28 354.49 359.89 368.54 378.19 396.17 406.26 420.22 414.93 403.13 414.46 413.25
