arc/python_arcpy/Precipitation/APHRO_MA_025deg_1999.txt
ncols	360 
nrows	280 
xllcorner	60.125 
yllcorner	-14.875 
cellsize	0.25 
NODATA_value	-99.9 
[rows 62 to 92 of 280, columns 210 to 279 of 360]
292.84 291.03 305.67 320.74 310.49 288.92 280.43 276.06 270.61 264.01 255.72 265.33 274.38 275.98 264.58 261.41 251.48 237.74 236.42 254.89 274.83 286.87 292.66 295.17 307.29 306.60 300.93 311.53 -99.90 -99.90 -99.90 -99.90 -99.90 -99.90 -99.90 303.80 300.97 308.39 316.23 317.53 315.10 -99.90 361.77 -99.90 -99.90 -99.90 -99.90 -99.90 660.06 -99.90 -99.90 665.67 669.37 669.96 655.62 664.94 666.31 708.54 726.69 770.34 761.96 -99.90 -99.90 -99.90 -99.90 -99.90 -99.90 -99.90 -99.90 -99.90
295.51 298.38 316.71 362.12 405.89 325.59 292.21 286.73 282.55 267.04 255.69 258.05 263.65 264.98 260.27 272.45 251.68 259.06 265.76 223.51 282.27 292.38 285.75 284.17 284.52 294.15 298.28 -99.90 -99.90 -99.90 -99.90 -99.90 -99.90 -99.90 -99.90 278.31 279.67 291.67 295.02 297.27 294.97 315.58 321.43 -99.90 -99.90 -99.90 -99.90 -99.90 -99.90 -99.90 655.88 644.09 668.64 678.21 660.98 681.89 687.94 758.71 837.09 971.96 951.98 945.56 -99.90 -99.90 -99.90 -99.90 -99.90 -99.90 -99.90 -99.90
280.21 295.48 333.14 374.50 400.39 344.28 287.47 283.21 282.49 269.44 252.21 242.23 255.50 258.76 261.55 263.04 261.09 257.78 265.25 274.18 293.70 -99.90 -99.90 -99.90 -99.90 -99.90 -99.90 -99.90 -99.90 -99.90 -99.90 -99.90 -99.90 -99.90 278.26 274.03 267.03 276.15 -99.90 -99.90 -99.90 -99.90 -99.90 -99.90 -99.90 -99.90 -99.90 -99.90 -99.90 -99.90 563.23 612.60 655.49 679.27 684.13 708.23 773.91 864.07 951.54 1060.53 1113.79 1169.08 1198.29 -99.90 -99.90 -99.90 -99.90 -99.90 -99.90 -99.90
282.49 291.82 310.44 327.28 346.36 324.24 300.52 283.01 277.14 269.71 249.26 244.95 257.11 257.54 260.08 264.57 276.01 283.13 285.85 292.12 292.49 -99.90 -99.90 -99.90 -99.90 -99.90 -99.90 -99.90 -99.90 -99.90 -99.90 -99.90 -99.90 -99.90 276.02 -99.90 -99.90 -99.90 -99.90 -99.90 -99.90 -99.90 -99.90 -99.90 -99.90 -99.90 -99.90 -99.90 -99.90 511.09 523.00 554.18 626.21 669.44 687.08 704.75 797.50 905.62 1024.20 1151.31 1245.82 1309.98 1306.00 1222.97 -99.90 -99.90 -99.90 -99.90 -99.90 -99.90
285.19 294.73 308.98 318.13 322.32 311.26 302.51 290.25 276.58 261.77 247.53 244.34 263.18 261.23 257.51 270.95 289.56 308.74 309.43 311.44 294.60 293.14 -99.90 -99.90 -99.90 -99.90 -99.90 -99.90 -99.90 -99.90 -99.90 -99.90 -99.90 274.13 -99.90 -99.90 -99.90 -99.90 -99.90 -99.90 -99.90 -99.90 -99.90 -99.90 -99.90 -99.90 -99.90 -99.90 -99.90 504.64 526.92 575.51 666.26 735.08 771.12 803.95 892.87 1040.98 1150.84 1196.19 1241.57 1239.62 1227.46 1334.03 1483.25 -99.90 -99.90 -99.90 -99.90 -99.90
281.26 296.46 308.41 322.14 336.16 330.31 334.40 319.66 286.40 259.76 239.79 239.06 257.64 256.35 253.05 278.26 311.83 327.38 325.48 322.33 320.05 319.12 314.83 310.77 319.48 322.08 -99.90 -99.90 -99.90 -99.90 -99.90 -99.90 -99.90 -99.90 -99.90 -99.90 -99.90 -99.90 -99.90 -99.90 -99.90 -99.90 -99.90 -99.90 -99.90 -99.90 -99.90 -99.90 411.48 487.16 543.55 610.79 732.85 838.72 925.83 982.54 1140.18 1259.53 1372.12 1394.00 1278.65 1185.71 1250.52 1396.93 1427.07 -99.90 -99.90 -99.90 -99.90 -99.90
279.44 290.69 296.49 339.65 371.95 340.84 345.90 325.08 286.63 260.49 240.95 241.11 245.09 252.73 257.32 276.57 307.70 325.48 336.14 338.41 345.84 342.62 344.50 345.66 350.31 342.67 337.56 -99.90 -99.90 -99.90 -99.90 -99.90 278.82 280.21 -99.90 -99.90 -99.90 -99.90 -99.90 -99.90 -99.90 -99.90 -99.90 -99.90 -99.90 -99.90 -99.90 -99.90 346.71 488.67 536.07 618.65 771.57 929.46 1025.84 1155.28 1237.05 1347.28 1538.46 1485.73 1379.65 1230.18 1197.29 1263.72 1514.42 1501.80 -99.90 -99.90 -99.90 -99.90
280.16 287.69 307.88 338.03 345.28 346.41 336.62 308.68 283.23 264.07 251.08 245.32 245.70 257.14 272.02 299.99 314.64 326.68 346.87 363.49 368.28 356.86 356.17 358.81 365.52 357.47 357.63 -99.90 -99.90 -99.90 340.70 333.84 315.39 308.56 313.46 326.83 -99.90 -99.90 340.42 -99.90 -99.90 -99.90 -99.90 -99.90 -99.90 -99.90 -99.90 -99.90 -99.90 -99.90 -99.90 719.87 809.28 -99.90 1147.32 1303.01 1284.68 1319.34 1501.30 1488.70 1423.40 1432.54 1297.95 1513.73 1690.35 1683.69 1514.12 -99.90 -99.90 -99.90
302.48 314.22 337.58 357.74 362.98 352.07 323.88 293.32 276.83 270.30 260.74 240.59 252.64 268.93 298.26 323.90 332.11 345.75 363.29 374.27 380.45 370.05 367.01 368.61 366.23 365.55 371.17 -99.90 -99.90 355.81 348.23 348.29 344.50 338.75 337.43 337.02 328.43 330.47 346.76 363.11 368.03 -99.90 -99.90 -99.90 -99.90 -99.90 -99.90 -99.90 -99.90 -99.90 -99.90 -99.90 -99.90 -99.90 -99.90 1158.82 1203.00 1200.01 1169.72 1394.86 1353.60 1389.64 1434.08 1508.45 1547.99 1622.14 1489.94 1443.55 -99.90 -99.90
328.38 333.70 353.29 363.36 368.71 337.14 312.08 275.04 253.38 261.69 265.84 264.71 265.18 280.42 315.68 341.83 353.15 359.29 379.93 389.28 400.70 395.61 395.11 399.17 396.47 395.44 392.11 383.83 375.81 373.64 368.99 364.28 367.75 364.68 355.13 348.09 340.99 347.50 363.27 372.56 369.62 -99.90 -99.90 -99.90 -99.90 -99.90 -99.90 -99.90 -99.90 -99.90 -99.90 -99.90 -99.90 1025.86 1071.26 1092.65 1106.24 1185.77 1209.76 1288.46 1350.40 1367.72 1434.62 1390.72 1443.84 1493.39 1514.50 1396.51 -99.90 -99.90
338.47 349.63 360.64 361.58 361.76 347.58 317.75 280.17 266.73 265.08 263.11 263.88 276.06 294.35 324.22 351.33 369.58 381.41 414.36 434.33 440.21 425.89 425.06 439.01 439.05 432.61 441.47 427.05 403.26 392.86 393.07 383.45 387.87 387.44 381.62 363.91 359.22 365.69 371.85 392.22 377.74 -99.90 -99.90 -99.90 -99.90 -99.90 -99.90 -99.90 -99.90 -99.90 -99.90 -99.90 -99.90 -99.90 1050.23 1055.13 1169.58 1181.08 1210.53 1188.60 1205.79 1271.93 1393.05 1510.03 1430.22 1440.07 1482.44 1378.97 -99.90 -99.90
362.07 365.35 365.51 368.64 361.28 351.63 322.57 292.65 282.90 274.69 266.93 272.23 288.73 317.00 340.88 373.71 406.29 454.83 505.86 502.67 498.42 489.43 487.86 488.48 480.51 473.77 471.68 462.59 445.09 429.49 412.31 407.89 391.83 389.71 381.07 371.32 -99.90 -99.90 -99.90 -99.90 -99.90 -99.90 -99.90 -99.90 -99.90 -99.90 -99.90 -99.90 -99.90 -99.90 -99.90 -99.90 -99.90 -99.90 979.14 1007.14 1146.96 1245.75 1247.84 1166.21 1185.64 1214.56 1273.18 1143.20 1262.51 1324.84 1399.24 1352.50 -99.90 -99.90
392.45 385.90 379.48 378.59 387.19 365.04 325.58 309.90 295.17 288.61 283.21 278.53 291.81 330.29 358.12 397.51 450.83 513.43 597.82 548.72 524.82 520.10 517.71 503.73 503.71 495.65 484.94 481.67 469.15 457.53 444.96 436.24 424.05 406.03 -99.90 -99.90 -99.90 -99.90 -99.90 -99.90 -99.90 -99.90 -99.90 -99.90 -99.90 -99.90 -99.90 -99.90 -99.90 -99.90 -99.90 -99.90 -99.90 -99.90 -99.90 993.44 1167.12 1279.42 1282.55 1274.15 1213.55 1158.28 1066.67 1084.42 1142.13 1284.52 1337.31 1299.45 -99.90 -99.90
430.00 420.73 429.15 434.34 420.47 361.96 344.24 339.06 317.71 309.32 303.52 301.90 314.83 344.68 383.64 414.04 460.98 505.01 541.32 538.55 536.72 524.91 514.12 524.20 538.01 522.09 514.27 512.13 501.15 487.15 481.35 467.71 459.48 -99.90 -99.90 -99.90 -99.90 -99.90 -99.90 -99.90 -99.90 -99.90 -99.90 -99.90 -99.90 -99.90 -99.90 -99.90 -99.90 -99.90 -99.90 -99.90 -99.90 -99.90 -99.90 -99.90 1109.73 1216.20 1251.54 1273.90 1190.03 1191.66 1113.82 1107.45 1134.53 1254.89 1298.72 1270.23 1248.54 -99.90
448.15 453.57 458.20 461.37 425.96 379.42 360.93 345.02 335.29 330.48 328.45 334.78 350.72 363.27 389.46 412.75 452.01 481.60 501.75 518.34 530.14 531.68 528.75 549.01 558.26 562.22 553.50 550.80 536.71 520.69 518.48 502.83 -99.90 -99.90 -99.90 -99.90 -99.90 -99.90 -99.90 -99.90 -99.90 -99.90 -99.90 -99.90 -99.90 -99.90 -99.90 -99.90 -99.90 -99.90 -99.90 -99.90 -99.90 -99.90 -99.90 1152.32 1147.70 1195.41 1238.55 1323.51 1347.33 1365.02 1308.88 1173.55 1169.73 1294.78 1359.18 1304.62 1310.70 -99.90
453.31 455.71 462.08 467.50 434.80 413.40 389.35 369.56 352.18 352.57 357.76 365.75 371.87 388.10 404.83 417.22 439.30 467.16 483.65 508.40 522.96 526.79 530.81 552.82 585.59 626.02 605.29 585.39 568.18 545.17 -99.90 -99.90 -99.90 -99.90 -99.90 -99.90 -99.90 -99.90 -99.90 -99.90 -99.90 -99.90 -99.90 -99.90 -99.90 -99.90 -99.90 -99.90 -99.90 -99.90 -99.90 -99.90 -99.90 -99.90 -99.90 1142.61 1210.37 1296.84 1336.53 1417.97 1540.67 1538.56 1481.41 1456.81 1521.25 1527.43 1542.49 1503.08 -99.90 -99.90
457.02 461.12 460.52 441.79 427.57 427.94 419.12 409.59 399.60 396.29 394.97 396.38 400.93 413.68 426.84 433.41 446.61 460.19 474.40 498.51 509.02 510.04 536.00 560.03 584.12 613.81 619.49 620.48 609.12 -99.90 -99.90 -99.90 -99.90 -99.90 -99.90 -99.90 -99.90 -99.90 -99.90 -99.90 -99.90 -99.90 -99.90 -99.90 -99.90 -99.90 -99.90 -99.90 -99.90 -99.90 -99.90 -99.90 -99.90 -99.90 1197.23 1195.60 1195.71 1283.55 1398.94 1511.33 1722.76 1716.10 1707.24 1757.93 1802.78 1734.30 1702.69 1606.53 -99.90 -99.90
448.12 454.56 448.11 444.21 444.55 449.37 448.74 440.06 437.84 430.27 421.62 428.28 428.13 431.22 441.65 443.91 463.43 471.92 472.51 491.61 508.60 513.89 540.07 566.00 589.48 623.41 648.50 639.23 -99.90 -99.90 -99.90 -99.90 -99.90 -99.90 -99.90 -99.90 -99.90 -99.90 -99.90 -99.90 -99.90 -99.90 -99.90 -99.90 -99.90 -99.90 -99.90 -99.90 -99.90 -99.90 -99.90 -99.90 -99.90 -99.90 1228.63 1242.54 1222.86 1240.99 1528.44 1689.80 1795.71 1784.10 1767.10 2001.29 2110.55 1737.55 1841.22 -99.90 -99.90 -99.90
467.29 468.03 466.41 467.39 466.94 474.16 482.27 496.08 478.34 466.74 463.79 463.67 458.75 458.85 458.10 463.40 467.56 468.86 471.40 492.40 502.46 508.45 531.75 557.33 592.99 646.92 695.22 645.70 -99.90 -99.90 -99.90 -99.90 -99.90 -99.90 -99.90 -99.90 -99.90 -99.90 -99.90 -99.90 -99.90 -99.90 -99.90 -99.90 -99.90 -99.90 -99.90 -99.90 -99.90 -99.90 -99.90 -99.90 -99.90 1406.28 1331.23 1398.01 1430.31 1517.44 1665.89 1819.30 1856.91 2042.41 2007.45 2131.44 2411.51 -99.90 -99.90 -99.90 -99.90 -99.90
487.70 504.41 526.64 511.11 498.12 501.36 512.20 518.48 500.43 491.64 494.69 492.09 488.85 485.74 487.04 497.48 483.57 475.75 478.93 505.56 506.02 507.47 525.53 551.03 568.61 605.87 632.06 570.58 560.00 -99.90 -99.90 -99.90 -99.90 -99.90 -99.90 -99.90 -99.90 -99.90 -99.90 -99.90 -99.90 -99.90 -99.90 -99.90 -99.90 -99.90 -99.90 -99.90 -99.90 -99.90 -99.90 1363.79 -99.90 1399.07 1396.14 1516.28 1664.97 1870.90 1871.01 1899.53 1874.52 1987.06 2087.21 2199.04 2295.87 -99.90 -99.90 2215.18 -99.90 -99.90
536.92 556.35 553.79 552.43 559.28 548.25 535.79 528.09 520.12 520.35 520.14 519.44 516.48 506.85 509.15 510.16 510.80 515.83 536.28 528.59 521.35 513.84 517.10 520.16 542.77 557.73 552.65 540.45 533.00 548.03 578.19 610.34 -99.90 -99.90 -99.90 -99.90 -99.90 -99.90 -99.90 -99.90 -99.90 -99.90 -99.90 -99.90 -99.90 -99.90 -99.90 -99.90 -99.90 -99.90 -99.90 -99.90 -99.90 -99.90 1562.53 1755.21 1979.49 2026.81 1941.76 1962.19 1990.57 2013.83 -99.90 -99.90 -99.90 -99.90 2426.59 2147.55 -99.90 -99.90
563.40 565.27 577.66 571.77 586.75 612.91 584.56 568.66 549.95 543.22 529.64 525.44 516.19 514.50 514.50 508.16 514.46 522.76 534.60 527.82 538.75 533.67 528.18 550.01 569.40 576.78 555.36 537.22 525.93 545.44 566.78 615.07 -99.90 -99.90 -99.90 -99.90 -99.90 -99.90 -99.90 -99.90 -99.90 -99.90 -99.90 -99.90 -99.90 -99.90 -99.90 -99.90 -99.90 -99.90 1625.78 -99.90 -99.90 -99.90 1804.17 -99.90 2016.70 2054.96 -99.90 1944.61 -99.90 -99.90 -99.90 -99.90 -99.90 -99.90 2382.99 2287.36 -99.90 -99.90
578.67 576.87 588.84 596.13 606.21 623.62 610.28 616.63 595.58 558.69 543.75 532.12 520.03 524.07 519.04 520.77 523.97 518.71 503.54 516.34 539.64 572.20 568.07 587.80 608.46 591.54 531.09 555.75 553.74 561.32 588.10 659.02 -99.90 -99.90 -99.90 -99.90 -99.90 -99.90 -99.90 -99.90 -99.90 -99.90 -99.90 -99.90 -99.90 -99.90 -99.90 -99.90 -99.90 -99.90 -99.90 -99.90 -99.90 -99.90 -99.90 2044.99 -99.90 -99.90 -99.90 -99.90 -99.90 -99.90 -99.90 -99.90 -99.90 -99.90 -99.90 -99.90 1972.60 1652.87
589.33 581.51 582.73 596.70 602.22 600.56 595.46 602.98 606.54 580.13 568.47 550.51 533.25 546.88 542.58 542.31 535.36 540.83 508.20 529.66 567.52 611.13 627.03 627.95 649.92 688.86 680.00 627.63 610.79 627.02 688.06 735.98 756.95 -99.90 -99.90 -99.90 -99.90 -99.90 -99.90 -99.90 -99.90 -99.90 -99.90 -99.90 -99.90 -99.90 -99.90 -99.90 -99.90 -99.90 -99.90 -99.90 -99.90 -99.90 -99.90 -99.90 2161.71 2263.51 -99.90 -99.90 -99.90 -99.90 -99.90 -99.90 -99.90 -99.90 -99.90 -99.90 1941.03 1733.07
572.98 581.43 586.08 583.76 597.85 590.87 576.54 572.92 571.63 573.87 571.28 551.78 548.08 559.17 560.39 565.91 571.06 570.26 556.73 577.24 610.27 638.38 651.32 660.32 702.33 727.59 734.55 711.83 702.44 733.57 773.96 799.99 816.99 -99.90 -99.90 -99.90 -99.90 -99.90 -99.90 -99.90 -99.90 -99.90 -99.90 -99.90 -99.90 -99.90 -99.90 -99.90 -99.90 -99.90 -99.90 -99.90 -99.90 -99.90 1917.60 2047.59 2497.97 2446.04 -99.90 -99.90 -99.90 -99.90 -99.90 -99.90 -99.90 -99.90 2337.48 2330.22 2350.05 2279.36
560.45 572.32 584.03 591.11 601.25 596.16 561.02 545.35 560.35 574.24 577.87 570.18 560.82 564.75 566.71 571.95 580.20 595.08 611.11 626.10 641.06 664.17 681.21 677.64 704.61 735.23 765.14 786.24 790.44 804.47 815.25 830.12 860.02 912.82 -99.90 -99.90 -99.90 -99.90 -99.90 -99.90 -99.90 -99.90 -99.90 -99.90 -99.90 -99.90 -99.90 -99.90 -99.90 -99.90 -99.90 -99.90 -99.90 -99.90 1930.52 2009.43 2319.91 -99.90 -99.90 -99.90 -99.90 -99.90 -99.90 -99.90 -99.90 -99.90 2543.92 2415.77 2287.56 2379.22
538.40 553.82 568.42 589.16 605.60 615.43 578.55 563.35 579.24 591.73 600.10 583.87 568.79 594.54 595.43 598.03 606.10 632.75 651.96 660.53 693.32 711.47 714.93 727.12 745.30 777.77 815.09 831.55 836.70 851.12 858.29 903.38 942.65 973.15 -99.90 -99.90 -99.90 -99.90 -99.90 -99.90 -99.90 -99.90 -99.90 -99.90 -99.90 -99.90 -99.90 -99.90 -99.90 -99.90 -99.90 -99.90 -99.90 -99.90 -99.90 -99.90 -99.90 -99.90 -99.90 -99.90 -99.90 -99.90 -99.90 -99.90 2601.00 2678.88 2528.07 -99.90 2161.61 2414.57
532.98 544.50 562.83 588.99 622.92 638.29 605.58 599.80 610.73 611.36 619.23 614.00 620.99 643.68 644.70 639.74 652.86 678.65 680.38 691.47 734.51 756.02 784.18 810.22 823.21 847.88 879.11 897.63 900.66 904.73 930.85 965.04 997.73 1027.11 1048.28 -99.90 -99.90 -99.90 -99.90 -99.90 -99.90 -99.90 -99.90 -99.90 -99.90 -99.90 -99.90 -99.90 -99.90 -99.90 -99.90 -99.90 -99.90 -99.90 -99.90 -99.90 -99.90 -99.90 -99.90 -99.90 -99.90 -99.90 -99.90 -99.90 2575.75 2627.04 -99.90 -99.90 -99.90 2070.66
524.54 534.47 565.57 606.48 628.71 637.38 628.74 626.72 632.53 656.77 653.19 660.66 666.00 694.86 699.15 697.92 704.63 724.21 723.12 718.09 766.80 815.51 854.31 884.61 916.65 944.57 940.58 948.98 962.85 987.30 1036.95 1065.65 1076.14 1081.44 1089.51 1117.93 -99.90 -99.90 -99.90 -99.90 -99.90 -99.90 -99.90 -99.90 -99.90 -99.90 -99.90 -99.90 -99.90 -99.90 -99.90 -99.90 -99.90 -99.90 -99.90 -99.90 -99.90 -99.90 -99.90 -99.90 -99.90 -99.90 -99.90 -99.90 -99.90 -99.90 -99.90 -99.90 -99.90 2040.86
520.49 543.83 585.22 620.45 656.74 673.07 679.86 673.20 674.79 692.58 706.26 720.10 709.98 750.55 768.44 766.07 760.58 769.62 789.05 786.57 793.48 837.95 915.77 976.25 1007.50 1031.65 1033.22 1025.36 1046.54 1091.16 1125.91 1151.13 1146.34 1151.36 1179.43 1206.81 1232.70 -99.90 -99.90 -99.90 -99.90 -99.90 -99.90 -99.90 -99.90 -99.90 -99.90 -99.90 -99.90 -99.90 -99.90 -99.90 -99.90 -99.90 -99.90 -99.90 -99.90 -99.90 -99.90 -99.90 -99.90 -99.90 -99.90 -99.90 -99.90 -99.90 -99.90 -99.90 -99.90 -99.90
575.43 590.16 618.33 651.50 678.34 709.98 731.49 727.12 734.55 752.55 778.70 799.92 825.90 843.89 857.59 860.74 858.97 838.90 845.07 823.93 881.14 932.26 1004.02 1047.08 1089.36 1105.36 1088.41 1111.18 1129.54 1180.13 1213.21 1228.79 1226.75 1248.57 1256.63 1258.26 1267.20 1252.47 -99.90 -99.90 -99.90 -99.90 -99.90 -99.90 -99.90 -99.90 -99.90 -99.90 -99.90 -99.90 -99.90 -99.90 -99.90 -99.90 -99.90 -99.90 -99.90 -99.90 -99.90 -99.90 -99.90 -99.90 -99.90 -99.90 -99.90 -99.90 -99.90 -99.90 -99.90 2350.54
