arc/python_arcpy/Precipitation/APHRO_MA_025deg_2003.txt
ncols	360 
nrows	280 
xllcorner	60.125 
yllcorner	-14.875 
cellsize	0.25 
NODATA_value	-99.9 
[rows 124 to 154 of 280, columns 140 to 209 of 360]
554.97 469.32 477.57 408.42 307.49 303.11 368.30 459.31 513.20 702.42 803.62 854.75 849.79 819.00 795.47 854.38 825.96 803.83 800.29 762.71 758.53 753.73 800.35 795.91 794.15 764.03 761.69 732.96 771.04 781.94 798.89 827.21 822.52 804.43 828.55 890.81 870.21 829.51 896.38 938.11 974.70 1013.42 1065.70 1080.00 1057.00 1089.12 1060.46 1064.41 1114.80 1142.46 1173.10 1192.16 1209.01 1243.60 1247.10 1187.28 1125.35 1066.28 1061.15 1119.44 1149.43 1129.60 1118.27 1087.02 1072.24 1070.65 1073.28 1113.95 1169.26 1228.70
438.58 434.94 399.38 334.00 283.35 301.86 336.55 417.12 519.71 650.19 739.77 767.24 790.06 790.44 796.65 835.76 864.96 906.90 889.84 849.55 846.76 826.46 844.98 854.61 842.00 849.41 874.27 806.78 803.39 834.99 858.49 856.53 846.87 881.29 1016.49 1019.64 911.71 882.13 944.52 1003.01 1056.62 1080.86 1116.27 1138.98 1148.06 1157.47 1132.14 1089.71 1069.33 1126.81 1157.95 1178.71 1247.29 1271.12 1270.27 1199.36 1153.99 1077.81 1032.56 1114.06 1152.44 1143.29 1103.59 1052.20 1002.95 1017.97 1032.72 1088.53 1137.35 1218.64
348.14 325.06 310.42 291.02 275.37 280.62 297.79 405.87 588.72 644.37 628.81 691.31 727.04 764.22 777.72 814.89 877.51 942.98 951.09 944.25 931.48 915.75 902.25 902.42 926.26 951.06 964.83 1003.99 995.73 953.73 981.79 989.70 1040.45 910.35 1116.11 1211.97 1028.97 974.94 1045.65 1135.70 1137.37 1159.71 1196.53 1214.94 1221.62 1238.42 1185.24 1111.29 1091.77 1126.19 1141.37 1162.93 1242.69 1261.04 1250.67 1208.47 1165.72 1112.26 1084.44 1166.65 1220.23 1163.93 1113.50 1021.38 980.23 985.33 1000.48 1058.66 1108.26 1185.40
264.06 231.92 218.37 219.76 264.63 309.05 336.31 410.10 567.93 541.95 539.95 576.81 669.85 697.97 742.45 785.46 880.48 936.76 960.52 993.00 1010.44 993.26 959.66 984.75 1031.42 1034.50 1072.26 1172.83 1247.32 1266.98 1167.72 1142.52 1172.69 1161.42 1233.00 1241.41 1259.92 1214.22 1249.48 1321.78 1309.36 1304.23 1294.85 1263.00 1296.02 1389.17 1277.11 1181.94 1157.63 1168.56 1140.37 1133.41 1147.72 1183.17 1216.20 1205.12 1193.50 1176.11 1160.81 1194.64 1193.90 1154.13 1119.45 1033.56 1000.04 976.10 993.78 1034.89 1110.49 1202.18
206.61 164.76 151.59 184.80 279.02 409.19 460.30 465.26 501.62 450.67 426.58 470.95 592.12 670.29 713.16 796.69 840.24 904.79 986.60 1088.29 1100.11 1043.51 1028.95 1054.72 1099.83 1152.74 1302.31 1361.65 1426.36 1453.33 1425.80 1379.77 1418.11 1431.60 1451.63 1416.52 1470.22 1503.19 1495.96 1890.80 1787.62 1514.21 1396.91 1338.03 1264.50 1328.77 1261.81 1195.49 1189.51 1189.75 1160.06 1129.11 1115.00 1108.77 1158.75 1211.32 1202.04 1226.51 1193.83 1143.46 1144.69 1138.21 1102.59 1032.66 1004.07 994.11 981.40 1056.36 1158.11 1208.84
165.65 143.97 138.53 161.20 197.97 302.36 395.02 395.28 405.50 376.47 417.41 495.54 606.95 673.32 722.92 792.78 807.96 884.37 1007.12 1244.34 1173.13 1069.56 1038.01 1065.57 1100.25 1159.17 1390.03 1605.82 1542.93 1566.23 1667.31 1678.40 1637.61 1811.36 1783.86 1547.49 1498.86 1613.00 1670.86 1900.45 1823.92 1604.86 1473.24 1383.37 1233.69 1223.80 1196.32 1165.29 1160.43 1187.06 1206.82 1213.45 1169.40 1147.46 1230.83 1290.96 1298.95 1293.06 1202.57 1104.38 1087.77 1124.33 1113.51 1082.78 1052.23 1023.30 1019.18 1120.70 1197.34 1218.73
136.98 134.37 123.44 129.39 156.39 230.98 332.19 357.25 386.26 383.57 461.32 515.39 620.87 710.14 730.89 787.64 773.53 845.73 971.13 1112.23 1106.68 1039.44 954.25 993.61 1006.83 1101.82 1271.13 1465.22 1584.06 1614.71 1723.81 1851.36 1905.16 1977.92 2128.13 2053.51 1608.81 1580.31 1692.49 1806.83 1771.18 1650.42 1518.76 1391.77 1323.23 1276.79 1167.04 1113.10 1143.77 1188.48 1299.87 1395.67 1411.89 1410.71 1404.49 1400.88 1403.43 1380.87 1227.12 1112.21 1075.90 1111.66 1121.61 1123.70 1090.50 1091.46 1139.60 1196.96 1263.97 1260.35
126.34 130.15 127.53 126.48 140.11 247.85 304.40 335.96 343.56 407.98 532.31 570.94 595.96 689.03 736.70 750.37 728.19 814.77 896.91 984.31 1014.38 989.58 981.27 930.99 937.53 999.90 1122.60 1267.40 1405.05 1541.01 1674.21 1823.86 2023.44 1950.33 1920.40 1924.08 1670.82 1528.09 1620.70 1683.42 1685.97 1625.28 1531.76 1358.30 1299.00 1226.72 1045.27 1067.23 1181.02 1302.96 1481.30 1606.87 1650.19 1674.76 1688.06 1528.38 1430.47 1313.54 1188.92 1100.05 1092.88 1082.83 1098.26 1100.15 1107.07 1137.95 1229.01 1291.64 1325.50 1306.07
152.54 123.14 122.50 123.41 137.07 215.65 273.91 332.62 386.79 473.93 602.73 645.82 644.70 668.34 716.72 752.93 736.97 791.67 836.63 875.63 930.60 939.11 956.08 862.10 890.47 940.78 1045.20 1170.65 1280.67 1369.95 1499.53 1652.14 1797.65 1769.25 1635.66 1605.20 1791.70 1619.38 1609.17 1711.32 1650.01 1612.75 1600.04 1507.11 1340.21 1223.24 1078.89 1083.84 1192.76 1369.41 1593.79 1778.26 1881.35 2000.03 1893.96 1589.80 1409.05 1278.63 1158.08 1094.29 1074.69 1052.96 1074.01 1086.73 1097.37 1163.64 1240.20 1380.98 1440.71 1385.64
111.14 101.75 114.83 120.91 123.33 184.28 312.09 396.44 427.61 548.22 636.85 718.82 693.43 675.95 696.13 733.41 780.73 791.29 794.16 779.01 813.96 896.43 882.78 884.04 932.53 974.96 1059.30 1128.37 1180.59 1270.10 1372.60 1513.44 1540.66 1511.36 1453.90 1367.24 1516.37 1609.62 1588.57 1708.76 1599.50 1567.60 1657.31 1717.98 1447.17 1255.44 1178.36 1148.20 1232.93 1450.58 1742.98 2165.70 2121.49 1914.41 1701.13 1529.59 1332.08 1220.24 1113.79 1050.92 1028.33 1051.01 1052.81 1023.65 1032.23 1131.37 1245.38 1356.36 1336.16 1326.49
102.95 99.91 111.04 117.24 129.17 209.49 348.26 467.64 482.74 563.87 602.77 702.65 705.96 694.70 740.09 744.64 730.55 752.02 634.01 754.74 799.11 842.03 871.85 915.56 953.45 983.15 1047.54 1038.49 1081.93 1178.71 1280.80 1374.30 1386.65 1346.53 1274.41 1171.71 1203.34 1451.22 1513.92 1526.03 1571.99 1564.18 1620.34 1650.26 1492.41 1314.99 1295.14 1319.17 1460.23 1758.27 1960.74 2043.39 1903.16 -99.90 -99.90 -99.90 1220.34 1161.16 1100.18 1025.07 1021.29 1104.31 1078.35 1035.09 1022.68 1109.35 -99.90 -99.90 -99.90 -99.90
116.72 110.63 113.37 118.69 146.30 269.48 437.24 534.62 517.42 570.24 621.03 701.44 717.24 730.21 783.35 787.43 797.59 759.66 735.28 828.65 876.91 886.04 903.19 963.55 971.07 981.40 976.28 989.18 1024.32 1069.18 1155.10 1175.48 1201.30 1236.61 1132.73 1129.03 1192.96 1211.28 1286.78 1463.30 1539.32 1590.86 1654.18 1535.53 1476.70 1366.21 1410.68 1482.00 1687.01 1833.10 1753.61 1687.91 -99.90 -99.90 -99.90 -99.90 1074.10 -99.90 1034.76 982.43 998.00 1124.59 1082.55 -99.90 -99.90 -99.90 -99.90 -99.90 -99.90 -99.90
145.50 141.38 131.37 116.56 155.20 266.13 448.30 515.01 544.27 576.84 644.91 681.68 686.99 773.53 846.45 881.65 856.48 854.12 852.18 886.40 934.37 1005.50 1013.15 1017.91 990.00 921.95 904.01 913.41 942.96 1014.68 1026.26 1082.31 1109.65 1166.00 1134.54 1116.47 1188.62 1243.12 1368.24 1522.18 1695.68 1805.85 1684.15 1559.74 1477.66 1424.52 1413.32 1443.74 1675.51 1640.82 1583.14 1529.72 -99.90 -99.90 -99.90 -99.90 -99.90 -99.90 984.55 907.31 962.81 1052.23 1069.12 -99.90 -99.90 -99.90 -99.90 -99.90 -99.90 -99.90
159.94 161.43 170.80 179.88 196.68 320.28 477.16 539.00 586.52 625.89 683.60 696.97 759.92 823.51 863.16 858.20 851.45 885.52 906.68 1001.49 1061.91 1075.42 1070.42 1062.75 969.62 922.21 901.45 898.46 925.97 951.77 952.04 1029.53 1087.45 1098.62 1130.72 1131.67 1218.84 1241.93 1377.63 1563.18 1744.54 1844.80 1737.95 1636.49 1542.58 1504.85 1484.92 1487.20 1430.85 -99.90 -99.90 -99.90 -99.90 -99.90 -99.90 -99.90 -99.90 -99.90 -99.90 842.91 959.39 1055.63 -99.90 -99.90 -99.90 -99.90 -99.90 -99.90 -99.90 -99.90
188.68 193.01 207.08 233.95 270.80 373.20 512.02 604.64 651.06 693.93 761.95 781.28 862.12 868.86 856.32 868.79 907.35 945.69 1046.57 1161.65 1192.32 1189.35 1145.24 1076.39 963.88 935.35 889.36 933.23 946.73 955.02 1027.02 1055.03 1072.94 1086.76 1088.44 1140.66 1223.60 1257.94 1361.35 1531.11 1713.10 1754.47 1743.89 1659.93 1540.16 1628.93 1552.22 -99.90 -99.90 -99.90 -99.90 -99.90 -99.90 -99.90 -99.90 -99.90 -99.90 -99.90 -99.90 939.12 1011.12 1136.13 1140.12 -99.90 -99.90 -99.90 -99.90 -99.90 -99.90 -99.90
214.37 211.64 237.94 266.50 299.87 405.12 514.00 650.44 697.97 764.21 854.52 871.60 891.40 888.61 868.16 890.70 896.97 1019.35 1133.57 1277.77 1259.88 1242.20 1158.60 1041.23 992.55 978.46 943.51 956.14 991.40 1009.59 1052.11 1046.93 1066.01 1098.17 1044.59 1106.48 1149.41 1182.77 1294.86 1441.30 1546.28 1634.07 1628.74 1625.55 1605.15 1552.66 -99.90 -99.90 -99.90 -99.90 -99.90 -99.90 -99.90 -99.90 -99.90 -99.90 -99.90 -99.90 -99.90 -99.90 1162.04 1191.12 1215.82 1198.52 -99.90 -99.90 -99.90 -99.90 -99.90 -99.90
253.79 242.51 265.98 308.72 361.09 458.14 544.87 663.03 726.19 833.49 923.50 974.48 1005.52 978.62 932.81 914.75 950.99 1002.49 1200.79 1341.66 1193.99 1077.70 1121.31 1056.23 1050.26 1044.61 962.57 992.08 1107.09 1129.13 1147.69 1128.04 1104.75 1101.81 1098.12 1068.33 1164.37 1173.95 1231.97 1366.44 1433.09 1593.78 1510.01 1474.08 1535.32 -99.90 -99.90 -99.90 -99.90 -99.90 -99.90 -99.90 -99.90 -99.90 -99.90 -99.90 1044.48 907.40 730.64 844.45 1095.34 1263.99 1320.52 1363.93 -99.90 -99.90 -99.90 -99.90 -99.90 -99.90
306.21 289.11 296.78 338.42 420.88 517.33 607.44 686.09 755.92 869.42 979.79 990.90 1017.16 1013.41 994.38 992.03 957.52 946.16 1037.03 1138.87 1118.50 1061.87 1089.78 1081.30 1083.29 1069.27 1000.65 989.09 1157.52 1266.52 1282.34 1237.82 1221.59 1117.42 1080.79 1078.71 1047.36 1042.57 1214.98 1241.01 1330.70 1475.11 1468.23 1386.05 -99.90 -99.90 -99.90 -99.90 -99.90 -99.90 -99.90 -99.90 -99.90 -99.90 -99.90 1049.83 996.48 992.64 1112.50 1138.86 1247.75 1391.13 1472.19 1438.80 1293.49 -99.90 -99.90 -99.90 -99.90 -99.90
380.52 344.14 331.04 381.40 485.48 599.25 662.06 720.85 819.43 893.87 993.43 1079.67 996.88 979.93 965.94 999.75 966.72 884.31 904.03 958.77 966.50 1002.28 1076.72 1159.36 1109.41 1083.55 997.41 1067.49 1197.28 1274.19 1258.40 1256.47 1135.08 1071.60 1080.46 1052.91 1000.01 989.10 1046.00 1131.33 1229.37 1320.57 1416.47 1448.29 -99.90 -99.90 -99.90 -99.90 -99.90 -99.90 -99.90 -99.90 -99.90 -99.90 987.66 950.89 1070.25 1273.83 1432.75 1421.74 1476.32 1566.82 1558.06 1449.50 -99.90 -99.90 -99.90 -99.90 -99.90 -99.90
462.37 406.97 393.86 473.24 608.72 728.64 774.67 872.44 916.50 959.79 942.72 960.07 904.82 913.48 923.67 953.96 915.80 862.50 893.23 925.12 932.54 951.83 1044.78 1092.47 1047.74 1027.02 991.87 1107.40 1328.94 1527.70 1455.27 1355.78 1178.39 1278.70 1213.53 1224.60 1195.66 1135.82 1167.14 1197.73 1215.76 1233.14 1310.03 -99.90 -99.90 -99.90 -99.90 -99.90 -99.90 -99.90 -99.90 -99.90 -99.90 -99.90 918.94 984.64 1202.06 1384.75 1552.03 1601.22 1581.97 1625.84 1554.91 -99.90 -99.90 -99.90 -99.90 -99.90 -99.90 -99.90
550.54 478.64 506.86 595.14 754.42 921.53 1065.05 944.92 913.33 1044.74 824.82 778.55 835.76 836.99 856.58 892.56 832.96 811.51 883.90 878.69 936.29 985.14 1032.36 1066.10 994.78 967.62 991.02 1136.12 1435.62 2029.12 1924.16 1722.79 1297.00 1620.71 1943.72 1730.93 1441.54 1347.63 1294.50 1279.40 1272.45 1292.46 1339.46 -99.90 -99.90 -99.90 -99.90 -99.90 -99.90 -99.90 -99.90 -99.90 -99.90 -99.90 987.92 1085.58 1223.86 1365.56 1520.81 1551.32 1526.86 1518.05 1473.59 -99.90 -99.90 -99.90 -99.90 -99.90 -99.90 -99.90
685.71 597.00 651.92 807.53 964.57 1277.89 1410.18 1068.73 956.63 1059.41 823.72 763.87 754.85 756.38 760.69 793.01 777.70 829.80 881.05 910.57 960.83 977.99 997.38 998.72 951.77 954.06 1001.62 1139.74 1386.43 1571.12 1850.01 1860.95 1972.15 1994.19 2537.37 2406.09 1867.32 1641.08 1451.76 1365.16 1294.23 1259.14 1371.40 1524.58 -99.90 -99.90 -99.90 -99.90 -99.90 -99.90 -99.90 -99.90 -99.90 -99.90 1049.89 1121.45 1160.37 1323.55 1361.02 1339.42 1364.05 1394.81 -99.90 -99.90 -99.90 -99.90 -99.90 -99.90 -99.90 -99.90
862.94 737.54 821.85 934.48 1206.55 1519.91 1773.44 1433.30 1065.27 1134.25 969.41 812.81 759.20 754.84 747.53 759.45 839.07 928.10 900.28 883.79 907.49 952.28 922.28 913.96 915.25 954.30 998.69 1075.76 1263.78 1481.74 1668.52 1763.41 2080.87 2402.88 2721.90 2534.02 2135.87 1864.40 1658.91 1426.04 1248.79 1294.63 1423.20 1739.96 1728.37 -99.90 -99.90 -99.90 -99.90 -99.90 -99.90 -99.90 -99.90 -99.90 -99.90 1091.33 1131.77 1225.89 1285.26 1250.66 1271.04 -99.90 -99.90 -99.90 -99.90 -99.90 -99.90 -99.90 -99.90 -99.90
1055.56 927.10 968.37 1132.67 1360.45 1676.30 1930.54 1986.73 1343.48 1354.14 1111.52 925.89 804.28 785.64 762.10 742.09 827.67 885.99 870.75 884.34 908.01 921.57 909.50 898.71 918.82 938.96 976.88 1063.01 1206.88 1393.59 1516.32 1627.28 1779.48 1961.98 2188.75 2221.73 2224.88 2143.61 1966.17 1525.61 1342.68 1398.72 1555.95 1763.07 2025.66 1919.02 -99.90 -99.90 -99.90 -99.90 -99.90 -99.90 -99.90 -99.90 -99.90 -99.90 -99.90 1180.37 1251.10 -99.90 -99.90 -99.90 -99.90 -99.90 -99.90 -99.90 -99.90 -99.90 -99.90 -99.90
1168.58 1122.43 1223.29 1375.92 1613.11 1908.65 2151.40 2277.98 1767.18 1870.39 1325.45 1055.58 856.23 780.65 762.88 758.89 786.62 833.81 921.80 938.37 980.26 985.38 929.62 893.61 904.73 959.78 982.36 1061.40 1145.36 1250.94 1300.07 1395.48 1516.85 1627.08 1727.25 1838.59 1964.17 2098.60 2033.25 1722.29 1531.66 1485.49 1490.62 1601.54 1690.10 1668.11 -99.90 -99.90 -99.90 -99.90 -99.90 -99.90 -99.90 -99.90 -99.90 -99.90 -99.90 -99.90 -99.90 -99.90 -99.90 -99.90 -99.90 -99.90 -99.90 -99.90 -99.90 -99.90 -99.90 -99.90
1363.43 1348.08 1438.48 1588.00 1826.60 2151.19 2453.85 2573.94 2191.81 2023.01 1593.00 1225.41 987.46 841.39 788.84 774.48 805.79 822.19 900.69 911.79 1056.01 983.00 926.70 842.57 869.10 900.04 959.48 1032.36 1100.47 1168.66 1216.29 1316.61 1372.22 1350.94 1408.05 1494.19 1587.92 1657.75 1717.20 1815.33 1753.98 1614.03 1489.44 1462.60 1406.31 1456.02 1459.26 -99.90 -99.90 -99.90 -99.90 -99.90 -99.90 -99.90 -99.90 -99.90 -99.90 -99.90 -99.90 -99.90 -99.90 -99.90 -99.90 -99.90 -99.90 -99.90 -99.90 -99.90 -99.90 -99.90
1580.20 1630.82 1636.89 1756.68 1960.20 2313.82 2693.37 3036.39 2832.78 2262.90 1726.99 1423.88 1195.17 955.51 823.57 771.53 787.41 829.16 871.94 861.48 917.61 973.49 952.16 907.35 865.79 875.28 961.28 962.50 1023.43 1137.85 1212.33 1273.81 1236.53 1211.14 1208.78 1258.89 1307.60 1415.76 1599.97 1729.40 1786.99 1614.53 1414.90 1321.18 1279.01 1308.86 1284.09 1383.05 -99.90 -99.90 -99.90 -99.90 -99.90 -99.90 -99.90 -99.90 -99.90 -99.90 -99.90 -99.90 -99.90 -99.90 -99.90 -99.90 -99.90 -99.90 -99.90 -99.90 -99.90 -99.90
1804.50 1741.75 1709.59 1767.20 1924.81 2182.30 2641.76 2949.87 3146.63 2874.64 2005.21 1838.91 1489.48 1236.29 910.61 795.22 794.92 815.83 869.78 906.97 914.51 989.08 1017.04 969.83 855.31 855.53 911.79 945.29 975.30 1051.31 1108.92 1144.34 1121.44 1122.04 1138.53 1112.27 1174.43 1225.03 1284.39 1298.16 1447.18 1412.02 1327.92 1185.63 1160.92 1185.73 1152.25 1290.02 1483.12 -99.90 -99.90 -99.90 -99.90 -99.90 -99.90 -99.90 -99.90 -99.90 -99.90 -99.90 -99.90 -99.90 -99.90 -99.90 -99.90 -99.90 -99.90 -99.90 -99.90 -99.90
1883.69 1793.01 1763.17 1684.27 1794.57 2068.17 2512.21 2876.93 3163.59 3845.15 3071.15 2578.71 2011.82 1451.06 1093.59 956.29 895.29 869.39 888.14 947.83 926.10 990.83 983.78 907.30 818.45 838.18 913.32 984.63 980.32 975.89 1020.11 1059.72 1058.16 1060.39 1100.64 1096.49 1104.91 1113.66 1125.70 1180.75 1187.86 1192.77 1247.01 1169.17 1159.50 1174.36 1234.50 1299.05 1684.39 1712.26 -99.90 -99.90 -99.90 -99.90 -99.90 -99.90 -99.90 -99.90 -99.90 -99.90 -99.90 -99.90 -99.90 -99.90 -99.90 -99.90 -99.90 -99.90 -99.90 -99.90
1900.82 1844.16 1788.61 1558.63 1786.94 2156.26 2551.74 2734.67 -99.90 3763.45 3684.14 3310.85 2986.70 1715.83 1190.73 1033.41 1003.57 977.84 973.03 928.00 910.93 956.62 977.80 872.21 922.31 881.12 898.62 940.32 935.75 939.58 1037.34 1077.21 1080.91 1085.85 1104.78 1110.60 1111.52 1123.03 1135.42 1200.39 1229.59 1233.48 1160.74 1179.81 1303.45 1186.89 1241.58 1312.49 1447.49 1750.96 1879.63 -99.90 -99.90 -99.90 -99.90 -99.90 -99.90 -99.90 -99.90 -99.90 -99.90 -99.90 -99.90 -99.90 -99.90 -99.90 -99.90 -99.90 -99.90 -99.90
1896.63 1837.87 1810.84 1766.89 1957.09 2365.95 -99.90 -99.90 -99.90 3341.78 3842.70 3506.20 3027.65 1819.26 1257.47 1081.32 1036.96 1041.71 971.64 889.99 874.23 913.19 945.81 929.83 1049.04 937.08 892.70 909.95 900.91 932.00 1031.39 1126.62 1083.78 1107.59 1128.72 1111.78 1129.85 1215.56 1210.46 1290.41 1422.63 1233.74 1219.08 1239.66 1260.12 1369.80 1422.55 1522.00 1523.96 1731.69 2047.37 1969.92 1792.58 -99.90 -99.90 -99.90 -99.90 -99.90 -99.90 -99.90 -99.90 -99.90 -99.90 -99.90 -99.90 -99.90 -99.90 -99.90 -99.90 -99.90
