arc/python_arcpy/Precipitation/APHRO_MA_025deg_2000.txt
ncols	360 
nrows	280 
xllcorner	60.125 
yllcorner	-14.875 
cellsize	0.25 
NODATA_value	-99.9 
[rows 0 to 30 of 280, columns 70 to 139 of 360]
387.70 394.45 402.88 425.74 435.74 438.75 433.82 431.54 423.82 423.17 422.29 433.32 439.17 448.44 462.53 478.88 508.55 549.24 552.47 596.66 612.69 612.78 608.78 607.33 599.50 597.50 588.16 588.03 585.16 569.76 551.89 557.53 550.83 551.69 565.67 619.60 680.88 706.54 736.87 878.49 925.46 992.12 1064.39 1078.10 1167.01 1207.05 968.36 823.43 673.09 573.56 530.44 511.47 444.17 382.50 366.75 389.75 408.32 447.60 461.77 485.88 521.70 579.25 605.55 635.60 659.59 680.86 684.05 688.44 704.60 673.70
390.70 402.33 410.10 420.34 429.66 428.07 430.29 427.46 427.22 440.71 442.99 450.66 459.05 456.28 461.48 487.17 528.26 590.61 598.52 605.21 605.89 604.66 603.69 608.31 601.37 604.10 611.70 620.09 589.66 579.66 565.89 563.54 560.25 553.80 556.59 583.22 627.02 698.24 732.46 842.34 921.15 978.92 1013.09 1057.70 1122.02 1080.33 933.29 761.31 611.30 482.42 454.87 450.34 399.84 351.90 347.45 369.13 381.47 408.27 444.54 472.04 503.19 550.83 597.15 651.51 683.98 726.14 722.36 718.46 732.75 725.76
393.42 397.22 427.54 425.65 422.64 430.15 426.41 421.87 415.13 438.40 447.50 461.32 474.02 484.21 493.34 501.91 512.86 581.16 607.14 617.88 620.31 622.17 619.80 605.60 609.72 598.40 596.48 584.71 575.76 577.74 582.48 574.28 562.61 511.47 512.68 555.15 574.21 646.92 734.08 742.61 875.14 929.72 971.06 1014.38 992.21 918.60 890.79 782.24 627.27 504.56 444.45 376.54 358.96 312.55 317.52 330.29 361.29 383.08 404.08 431.83 458.02 528.71 584.68 618.37 640.75 669.53 711.81 743.51 742.41 747.78
391.80 402.05 402.76 402.02 400.50 403.58 427.91 426.37 427.17 434.79 441.45 452.49 472.21 487.62 497.50 515.60 524.01 547.09 579.39 601.62 615.72 602.62 601.33 599.93 604.94 600.36 592.16 582.13 567.81 573.29 580.74 576.30 573.31 563.14 556.87 567.81 577.83 622.43 661.81 666.98 762.35 883.28 879.10 882.95 818.49 817.68 807.56 749.80 625.81 533.21 446.52 398.17 376.18 338.98 330.34 337.53 362.03 386.02 393.09 409.59 436.16 461.58 532.19 581.35 608.59 629.78 660.64 682.92 694.02 688.98
389.91 398.93 405.11 403.90 402.83 399.47 412.74 420.35 435.59 446.29 456.87 463.06 467.44 478.25 479.60 483.37 511.51 565.24 568.39 580.26 591.51 582.56 587.47 602.03 652.82 631.39 600.63 581.39 589.08 581.99 566.23 571.50 578.03 581.39 594.12 602.98 611.14 625.96 659.40 682.54 746.18 781.15 740.49 750.23 784.01 763.37 735.69 658.36 557.94 477.70 406.88 359.57 350.44 339.06 345.97 342.71 368.31 378.89 387.57 394.36 421.13 448.91 507.95 575.85 601.17 618.28 643.58 673.88 668.89 657.97
381.06 394.74 408.00 405.70 404.56 401.19 398.32 402.82 402.32 418.97 456.09 463.56 465.01 469.98 469.18 469.58 473.48 525.88 563.53 550.54 562.08 568.99 571.27 577.46 589.70 597.39 601.32 615.30 620.96 603.60 596.03 588.29 615.04 647.78 636.15 639.32 665.88 674.37 691.40 736.43 774.07 772.09 740.35 716.06 704.94 656.76 633.03 584.72 530.68 497.05 408.14 348.98 348.41 364.79 365.04 366.33 374.19 394.53 415.51 440.09 464.04 508.40 574.61 618.76 651.01 696.55 680.85 693.30 717.61 697.00
368.73 371.77 384.47 396.05 405.74 406.17 404.12 417.20 421.26 429.60 431.65 440.86 458.24 470.98 455.03 449.21 515.90 563.68 565.98 542.09 525.67 554.75 561.75 555.46 551.76 567.11 603.17 619.31 628.57 639.94 637.33 625.61 644.55 625.92 675.41 720.42 731.83 725.36 735.95 763.26 771.30 763.94 748.22 711.15 700.22 657.79 613.42 560.21 532.07 478.53 422.81 409.77 397.47 395.04 392.27 397.55 397.81 404.97 448.00 504.62 533.23 563.64 593.79 615.00 651.61 675.03 696.19 684.06 690.13 663.99
357.07 365.73 380.83 395.96 412.27 410.44 401.44 413.27 417.61 422.26 433.77 443.31 452.63 457.21 448.91 447.01 545.42 573.66 577.40 585.36 573.70 572.41 567.16 562.94 560.97 598.67 610.04 633.28 656.16 667.44 667.61 666.16 684.28 706.84 736.00 748.19 755.93 767.67 795.95 807.61 799.05 796.13 769.57 699.05 680.79 651.82 598.72 559.50 529.37 475.44 434.39 422.26 424.48 442.73 431.54 417.08 417.00 431.08 480.33 529.18 560.28 598.24 637.70 655.59 700.48 736.93 696.11 669.58 651.42 595.10
360.15 368.59 375.99 389.20 397.99 400.14 390.82 405.26 418.67 426.05 430.63 437.85 442.61 437.93 449.75 502.34 570.46 573.42 586.52 597.73 592.11 584.37 575.43 583.51 594.85 613.32 627.17 659.25 667.50 673.56 669.16 708.16 737.39 755.55 774.40 810.86 825.21 842.86 869.76 880.25 860.94 815.38 761.78 682.85 653.78 633.38 585.16 536.91 510.63 487.48 459.61 440.95 447.66 454.73 453.19 447.12 464.07 500.91 539.69 563.10 606.21 695.23 846.96 840.85 801.27 781.71 726.19 645.81 599.79 554.00
358.10 359.27 363.91 366.81 375.01 381.39 390.96 398.84 408.66 421.44 426.25 429.04 432.85 441.18 519.22 558.25 577.43 579.66 596.55 602.51 619.59 620.08 596.42 615.01 622.96 634.40 649.43 664.01 661.99 664.71 648.12 694.86 758.74 764.79 772.94 789.66 830.38 861.24 888.33 890.33 863.76 823.16 772.50 715.79 668.99 651.08 622.25 551.49 508.00 479.20 458.75 433.19 433.39 432.37 429.30 440.04 443.00 458.21 485.08 531.99 575.84 653.08 730.37 706.39 649.66 654.20 661.48 599.67 530.14 480.93
333.35 347.60 356.65 361.46 364.93 376.63 386.65 395.11 402.23 410.57 419.40 430.04 437.02 437.95 504.69 556.38 594.53 592.77 594.36 586.12 600.23 612.70 595.65 613.26 608.67 610.14 638.60 638.25 637.91 629.44 649.64 662.48 695.30 718.60 740.24 769.39 802.32 833.83 871.01 867.78 847.56 799.05 784.95 734.23 670.97 655.50 637.43 600.47 538.05 456.22 443.53 435.15 419.12 406.67 406.73 429.18 440.27 457.15 439.17 423.94 454.46 489.42 491.79 512.23 536.53 521.40 490.91 500.43 467.80 456.71
335.69 344.66 349.70 358.33 354.91 367.51 381.33 393.05 402.15 408.70 427.25 455.14 448.92 472.99 529.37 547.75 566.67 589.00 596.48 602.03 603.48 597.10 628.91 624.52 613.27 602.38 590.96 597.23 591.34 599.54 651.94 653.19 663.76 674.32 710.15 728.77 747.93 767.86 784.81 788.76 784.14 780.90 766.90 729.81 672.59 653.59 616.26 559.80 498.98 441.44 413.38 397.96 375.39 367.12 371.53 393.61 398.75 391.97 356.89 354.60 376.09 366.12 383.38 391.38 361.70 328.86 349.82 375.75 396.29 403.25
348.60 348.43 353.32 349.37 344.72 355.28 376.84 386.55 396.24 402.77 411.74 426.42 428.59 482.16 505.06 536.43 572.13 587.16 627.39 638.76 608.64 601.46 611.60 618.00 612.89 603.94 592.36 595.16 589.29 581.72 619.84 610.37 613.86 630.28 672.92 700.02 729.31 751.28 766.48 786.31 790.91 772.99 731.56 693.33 637.89 600.30 554.81 533.07 460.47 417.80 378.78 356.47 321.91 324.94 311.33 314.43 320.66 320.50 319.10 345.07 362.19 356.74 353.39 346.76 342.08 326.25 326.44 304.94 315.84 331.87
341.70 329.69 347.86 349.87 349.52 356.03 376.32 379.61 388.34 387.50 391.26 392.57 431.50 473.93 472.92 501.26 549.43 601.29 637.40 643.86 608.45 592.67 597.23 600.31 600.52 592.60 577.63 563.62 558.65 555.27 573.22 580.41 581.11 608.04 654.62 684.06 685.99 695.76 711.18 723.59 718.45 692.51 658.85 628.03 543.93 531.92 496.33 433.42 394.34 367.29 313.90 296.75 284.53 277.37 275.16 274.90 270.45 273.48 276.87 277.37 290.52 294.51 295.00 292.32 289.24 296.16 288.05 271.65 269.42 269.87
338.63 328.59 328.85 336.22 347.57 357.04 367.84 367.41 367.66 372.27 375.92 375.23 384.97 433.34 454.39 503.17 554.48 624.62 671.74 662.70 644.54 633.41 616.58 601.44 605.39 605.06 602.82 571.72 549.30 554.91 555.29 567.07 572.43 585.15 600.59 625.01 638.60 631.87 632.00 626.56 622.61 620.58 553.97 480.98 417.91 399.05 378.24 335.15 320.46 298.46 281.83 275.97 269.46 251.64 236.34 225.16 238.78 262.19 266.40 265.58 271.60 270.57 274.98 269.68 269.60 252.07 232.24 238.85 222.91 222.19
338.51 323.76 315.83 310.70 310.15 313.50 320.85 344.95 352.82 358.60 356.73 356.61 357.69 390.74 437.91 468.07 538.55 601.72 729.27 728.75 658.43 645.70 631.30 617.72 609.32 591.01 580.97 532.02 526.07 486.48 487.34 500.02 511.49 513.80 503.76 508.56 528.23 553.71 547.34 549.18 508.97 448.32 385.66 362.08 337.64 301.47 271.06 275.37 267.91 257.74 240.26 215.23 200.17 205.33 209.98 214.65 221.23 249.51 259.20 261.85 258.25 253.15 248.79 239.50 231.74 236.86 243.31 228.06 210.44 208.58
344.03 335.36 305.98 299.31 302.93 308.88 308.99 312.02 311.45 310.39 324.55 338.37 337.56 367.34 408.70 437.71 509.79 550.84 624.90 658.83 631.37 607.19 616.36 605.40 597.85 581.34 562.30 538.15 501.15 436.98 454.09 463.47 451.30 456.66 465.60 465.20 476.82 486.34 481.01 458.35 413.80 368.37 346.23 281.80 261.50 256.47 246.43 239.46 228.34 201.45 185.88 182.68 180.08 185.25 194.77 199.96 205.93 214.97 216.05 222.86 219.07 226.71 227.71 234.28 239.92 239.89 234.58 241.40 243.53 231.72
320.88 309.87 276.99 273.32 273.53 286.36 296.61 292.93 283.08 290.11 287.13 286.47 294.29 310.48 371.21 412.25 472.98 509.25 572.83 612.42 605.83 598.75 599.12 605.97 565.12 561.78 552.26 524.69 508.59 496.17 498.50 485.18 482.72 483.00 462.75 448.58 458.31 465.30 444.47 372.63 350.65 312.95 288.66 252.83 233.54 225.21 217.27 200.76 194.33 186.48 168.14 171.66 163.34 166.65 170.51 164.17 158.86 165.16 156.89 162.66 166.54 173.14 180.37 187.86 190.35 194.88 195.37 199.82 210.58 220.84
291.39 276.79 255.69 252.85 251.64 249.96 249.12 244.91 243.77 247.40 261.21 263.39 259.16 266.53 308.44 366.38 413.29 457.90 499.47 541.79 592.38 559.10 565.98 570.06 575.54 568.80 549.50 527.83 510.40 502.12 485.60 488.22 503.32 498.68 521.54 487.89 464.81 448.16 414.45 350.22 324.56 278.43 246.75 232.54 191.05 174.95 165.21 153.01 146.32 143.64 149.96 143.76 143.69 151.46 157.12 152.36 149.35 151.87 154.69 157.43 162.01 162.47 163.05 172.14 178.98 188.90 193.02 199.90 203.13 202.63
277.97 264.86 244.91 243.24 241.29 239.30 233.01 220.71 229.28 237.04 237.11 240.25 246.14 250.36 257.99 344.96 385.73 398.53 456.51 502.68 531.98 533.84 552.25 544.65 554.72 575.35 547.45 524.85 509.13 517.54 506.82 479.57 491.70 480.74 480.76 503.57 494.30 443.99 391.81 337.30 302.48 249.84 231.85 207.05 183.20 147.30 143.81 141.00 134.09 131.03 135.90 134.88 138.67 138.56 140.52 146.97 151.53 153.10 155.63 156.88 159.19 158.92 161.48 164.15 173.04 190.20 193.72 198.70 200.88 204.56
258.12 237.43 232.43 231.00 225.77 215.55 213.22 214.78 217.50 222.48 229.04 231.56 232.87 236.11 243.62 312.86 360.96 383.15 432.90 473.11 497.43 501.91 512.26 519.52 535.34 533.34 525.55 528.60 502.09 496.85 540.21 524.63 528.85 545.30 562.49 582.25 544.90 455.62 360.66 329.95 303.19 240.12 225.29 185.07 147.56 132.50 136.08 130.96 130.68 133.38 125.12 126.94 132.62 135.93 145.56 148.34 151.62 157.82 159.04 156.15 153.83 153.80 158.28 163.45 167.14 184.44 197.37 207.47 209.78 207.17
230.10 220.64 221.29 215.33 204.99 205.68 206.53 208.79 211.10 215.42 221.90 224.66 228.47 234.62 254.35 294.50 322.15 360.67 391.41 447.09 474.99 492.48 490.15 475.17 469.09 493.58 510.73 519.51 484.33 467.45 507.03 506.61 511.57 526.39 524.32 515.16 500.03 417.93 344.89 300.36 251.48 237.29 226.61 185.13 153.12 144.07 135.49 125.32 122.25 123.30 116.27 114.74 118.74 132.10 140.79 169.07 151.55 149.23 151.04 147.27 145.12 148.67 149.06 171.10 179.97 191.16 199.24 213.53 211.83 205.11
200.28 203.33 203.20 196.04 196.23 196.56 198.27 201.04 200.22 203.91 213.67 220.21 225.72 235.72 239.69 260.92 304.96 330.80 350.76 407.90 456.98 479.45 479.54 469.66 448.33 441.37 442.27 445.26 439.32 446.34 451.34 453.64 450.82 474.89 499.10 463.61 453.30 388.60 332.28 292.52 249.12 235.96 210.74 168.82 155.96 143.30 126.44 126.73 119.73 117.87 123.24 112.71 116.31 123.98 130.71 141.67 141.37 138.68 136.09 134.56 128.84 126.77 128.90 138.32 159.96 174.15 190.98 197.40 221.07 213.92
173.71 182.16 182.28 185.84 188.97 187.12 185.04 188.21 194.22 200.44 208.71 218.26 259.97 258.56 266.44 281.19 304.48 307.93 311.88 334.93 395.69 366.57 365.31 391.29 397.49 381.46 390.16 410.48 425.02 461.94 482.93 470.72 447.94 465.97 485.06 507.05 460.58 394.35 349.79 291.67 263.94 241.43 192.70 163.85 160.73 141.84 120.07 111.77 110.35 113.45 120.61 113.68 123.24 124.66 126.69 132.04 136.79 132.75 126.38 112.49 108.60 106.72 105.50 109.98 124.10 139.06 152.79 175.62 178.82 185.08
171.57 175.18 176.71 176.33 176.69 177.69 171.55 177.75 188.74 196.58 204.28 238.66 264.78 289.45 285.91 275.47 280.41 278.01 287.85 276.93 266.96 277.49 281.40 280.00 292.24 347.13 388.51 403.89 401.35 436.33 472.50 496.61 498.71 537.29 526.68 471.16 400.89 346.39 311.91 273.51 249.64 233.55 189.96 166.70 154.51 142.65 120.16 118.49 111.79 111.09 112.38 124.47 123.92 121.46 110.70 114.15 128.14 123.62 109.93 103.29 100.93 96.01 89.38 97.71 107.46 128.43 137.07 141.80 157.59 169.25
158.66 161.82 168.12 172.94 174.50 174.82 179.79 187.49 191.30 196.20 203.35 237.70 258.85 268.81 283.20 271.40 254.41 244.37 232.82 227.03 222.35 224.05 226.12 231.93 236.78 237.67 241.28 247.34 303.71 400.27 436.10 457.80 487.12 523.43 505.75 416.94 337.35 335.54 282.70 251.83 237.38 229.54 170.89 164.58 163.04 150.33 133.53 125.24 115.44 114.78 125.18 127.25 120.89 123.48 110.77 96.95 102.13 107.94 99.03 95.95 93.92 92.01 88.43 90.16 94.67 108.17 122.64 131.37 146.99 164.93
147.50 148.92 151.45 158.83 172.80 184.41 183.46 187.47 199.39 200.28 204.62 215.35 246.50 257.19 257.89 255.25 244.98 232.06 219.37 216.61 215.04 216.22 220.67 218.65 215.30 219.61 228.35 231.81 241.93 258.05 270.09 292.06 322.70 326.91 321.00 330.66 306.53 303.22 271.04 244.12 234.56 193.75 178.59 173.27 161.74 149.51 138.85 130.97 125.23 128.61 121.66 116.92 118.04 106.46 95.34 89.42 88.25 89.81 91.71 91.60 89.36 87.06 87.17 87.86 88.25 98.22 114.49 127.20 131.65 139.31
145.47 147.43 151.06 157.79 175.17 182.74 179.57 182.43 196.57 200.71 202.87 206.34 220.83 246.05 246.57 258.66 254.90 235.83 215.86 213.68 214.61 215.83 213.27 206.94 211.35 215.17 217.81 224.47 231.66 238.20 243.71 246.40 251.75 254.40 255.97 257.98 248.21 242.79 228.32 229.39 221.71 211.67 184.22 176.02 166.40 156.95 141.94 143.10 134.82 130.91 132.38 119.71 119.41 118.88 103.41 89.42 83.62 83.17 84.14 87.03 83.53 82.51 83.29 84.27 85.53 89.81 98.59 121.87 127.44 143.85
141.24 142.62 146.26 151.95 157.98 160.75 165.05 167.36 175.60 182.80 190.73 207.24 232.35 222.15 260.17 274.71 255.65 241.90 225.51 213.60 202.51 210.03 217.24 215.79 214.50 212.40 207.83 215.17 229.48 235.82 238.66 242.19 243.46 245.78 244.65 240.68 231.37 222.53 214.81 214.32 217.92 216.74 198.04 184.24 171.80 165.38 145.94 145.78 148.69 144.49 140.97 129.77 122.56 125.77 108.35 92.58 85.76 83.21 81.95 84.19 83.23 80.18 78.65 77.17 77.88 82.18 85.61 101.41 111.40 114.65
133.22 136.04 140.98 145.80 150.34 154.63 163.65 171.21 173.39 176.64 186.00 199.96 228.25 244.63 263.47 292.04 299.93 265.17 246.18 238.82 221.37 220.21 223.80 230.61 234.36 234.46 226.11 231.95 242.02 258.10 248.77 240.10 239.86 237.66 233.62 229.53 221.89 212.20 205.53 208.14 212.54 215.55 214.13 207.51 198.44 186.57 168.74 159.31 158.33 153.56 150.61 144.66 127.63 125.33 126.41 116.55 100.63 87.09 81.20 79.22 86.10 76.89 77.34 75.70 75.82 79.66 83.55 90.04 91.21 95.48
122.08 130.04 137.27 142.76 148.36 157.41 163.55 168.58 171.40 176.76 189.96 218.12 237.62 260.72 295.65 360.20 370.38 341.49 305.41 281.29 289.33 280.25 262.14 259.84 258.81 257.78 301.58 307.55 305.08 324.00 306.53 268.76 257.38 241.46 227.67 218.34 208.68 200.81 195.37 195.80 196.17 206.56 214.12 214.53 215.53 206.93 197.93 187.22 188.56 181.79 166.68 154.11 139.87 134.94 129.02 119.05 101.69 92.60 78.70 75.64 70.24 71.51 74.90 72.29 72.71 76.49 82.90 90.33 92.30 93.66
