arc/python_arcpy/Precipitation/APHRO_MA_025deg_1991.txt
ncols	360 
nrows	280 
xllcorner	60.125 
yllcorner	-14.875 
cellsize	0.25 
NODATA_value	-99.9 
[rows 0 to 30 of 280, columns 280 to 349 of 360]
365.65 347.82 339.77 352.88 360.75 373.84 376.52 381.68 393.96 401.39 404.33 414.65 411.18 409.57 429.85 446.72 446.38 450.34 465.65 488.08 521.83 539.47 -99.90 -99.90 -99.90 -99.90 499.01 488.05 488.31 476.10 478.83 473.81 491.68 -99.90 -99.90 -99.90 -99.90 -99.90 -99.90 -99.90 -99.90 -99.90 -99.90 -99.90 -99.90 -99.90 -99.90 -99.90 -99.90 -99.90 -99.90 -99.90 -99.90 -99.90 -99.90 -99.90 -99.90 -99.90 -99.90 -99.90 -99.90 -99.90 -99.90 -99.90 -99.90 -99.90 -99.90 -99.90 -99.90 -99.90
365.93 347.95 345.87 359.75 373.57 381.85 387.20 398.83 396.76 398.88 408.97 423.43 451.46 457.77 461.54 461.46 450.08 438.83 468.17 501.80 552.84 597.33 557.90 520.46 502.28 498.43 496.71 497.62 -99.90 -99.90 480.43 496.93 508.48 -99.90 -99.90 -99.90 -99.90 -99.90 -99.90 -99.90 -99.90 -99.90 -99.90 -99.90 -99.90 -99.90 -99.90 -99.90 -99.90 -99.90 -99.90 -99.90 -99.90 -99.90 -99.90 -99.90 -99.90 -99.90 -99.90 -99.90 -99.90 -99.90 -99.90 -99.90 -99.90 -99.90 -99.90 -99.90 -99.90 -99.90
375.41 371.02 375.21 382.42 389.86 397.71 421.55 427.37 431.01 411.93 405.73 419.23 441.51 446.59 446.94 449.65 451.37 457.92 481.22 508.63 541.22 556.52 557.62 533.18 513.86 504.01 488.25 485.85 -99.90 483.34 473.25 488.53 -99.90 -99.90 511.89 511.39 -99.90 -99.90 540.47 557.99 -99.90 -99.90 -99.90 -99.90 -99.90 -99.90 -99.90 -99.90 -99.90 652.35 680.46 675.75 -99.90 -99.90 -99.90 -99.90 -99.90 -99.90 -99.90 -99.90 -99.90 -99.90 -99.90 -99.90 -99.90 -99.90 -99.90 -99.90 -99.90 -99.90
393.69 395.57 399.75 394.39 398.92 416.05 421.22 420.04 418.06 410.22 404.35 423.48 447.60 451.17 457.62 472.70 485.52 498.35 505.32 527.85 547.89 566.94 584.78 566.98 541.70 528.98 511.71 476.26 470.88 467.69 487.45 -99.90 -99.90 -99.90 501.47 495.16 495.92 515.39 535.58 547.05 565.07 -99.90 -99.90 -99.90 -99.90 -99.90 -99.90 -99.90 -99.90 636.61 651.52 654.06 -99.90 -99.90 -99.90 -99.90 -99.90 -99.90 -99.90 -99.90 -99.90 -99.90 -99.90 -99.90 -99.90 -99.90 -99.90 -99.90 -99.90 -99.90
421.81 428.00 436.99 431.48 440.91 453.57 458.11 459.98 446.94 444.69 437.68 444.35 460.75 473.32 482.77 501.33 519.33 536.73 553.49 570.03 574.22 578.90 589.17 565.96 544.48 539.22 506.24 467.03 466.75 488.33 480.77 487.41 -99.90 495.07 491.92 491.88 492.35 496.48 504.62 528.66 535.90 555.90 -99.90 -99.90 -99.90 -99.90 -99.90 -99.90 -99.90 -99.90 607.51 608.94 -99.90 -99.90 -99.90 -99.90 -99.90 -99.90 -99.90 -99.90 -99.90 -99.90 -99.90 -99.90 -99.90 -99.90 -99.90 -99.90 -99.90 -99.90
412.03 436.72 446.13 454.16 481.62 503.41 514.66 515.33 515.67 503.85 477.11 451.07 467.05 488.85 504.70 511.62 525.98 551.34 577.15 571.03 569.77 586.80 587.19 581.71 569.56 559.41 518.04 496.34 479.66 474.57 468.96 474.72 481.80 486.67 481.24 479.04 478.72 469.32 463.97 485.81 504.97 519.88 540.96 550.79 -99.90 -99.90 -99.90 -99.90 606.58 596.24 574.84 589.08 603.39 -99.90 -99.90 -99.90 -99.90 -99.90 -99.90 -99.90 -99.90 -99.90 -99.90 -99.90 -99.90 -99.90 -99.90 -99.90 -99.90 -99.90
421.02 469.00 496.98 502.57 519.01 533.38 542.10 543.94 539.22 528.00 525.43 520.78 519.94 523.07 526.77 526.51 536.50 559.22 579.82 595.73 589.98 582.07 592.93 589.82 572.61 549.66 529.39 512.17 486.79 477.47 474.18 461.42 480.10 490.90 472.25 466.74 470.86 469.72 471.41 490.75 519.55 555.00 590.71 584.27 550.20 539.84 559.79 559.94 566.43 589.58 600.91 604.79 607.48 -99.90 -99.90 -99.90 -99.90 -99.90 -99.90 -99.90 -99.90 -99.90 -99.90 -99.90 -99.90 -99.90 -99.90 -99.90 -99.90 -99.90
410.74 478.39 503.65 525.73 553.20 556.39 562.51 576.45 585.54 578.15 581.84 597.72 573.27 556.85 542.92 520.08 524.65 574.36 602.31 630.80 616.25 597.01 589.58 600.88 591.40 558.74 555.53 544.29 514.34 488.74 478.55 485.39 476.17 466.70 465.59 475.22 475.17 476.24 486.74 507.05 518.18 569.06 626.37 633.89 586.88 559.65 -99.90 539.35 548.48 597.74 612.62 615.73 618.30 617.47 -99.90 -99.90 -99.90 -99.90 -99.90 -99.90 -99.90 -99.90 -99.90 -99.90 -99.90 -99.90 -99.90 -99.90 -99.90 -99.90
444.75 488.73 511.71 528.90 561.47 578.77 583.53 589.38 595.55 601.62 586.65 597.23 593.56 586.26 575.99 581.05 581.56 613.38 644.93 624.31 635.81 634.57 621.72 602.96 592.76 557.27 540.00 526.81 521.28 502.15 479.68 474.25 461.99 459.10 461.85 470.84 488.42 483.54 489.98 516.21 532.98 562.85 600.99 599.14 575.49 -99.90 -99.90 551.77 564.34 607.29 611.55 617.47 631.87 633.82 -99.90 -99.90 -99.90 -99.90 -99.90 -99.90 -99.90 -99.90 -99.90 -99.90 -99.90 -99.90 -99.90 -99.90 -99.90 -99.90
476.09 503.43 525.37 544.45 582.20 588.30 596.19 590.79 611.91 621.56 634.72 621.94 638.66 634.09 641.36 640.03 647.84 646.25 664.81 656.13 649.65 630.30 626.43 610.93 578.45 549.52 532.85 535.21 527.34 502.22 492.06 488.11 477.79 460.04 474.14 503.21 510.04 505.00 520.25 522.00 513.26 526.14 556.81 593.88 623.22 631.52 -99.90 556.18 582.66 606.85 613.37 628.19 642.58 629.68 -99.90 -99.90 -99.90 -99.90 -99.90 -99.90 -99.90 -99.90 -99.90 -99.90 -99.90 -99.90 -99.90 -99.90 -99.90 -99.90
495.67 508.84 533.76 549.76 569.03 580.70 591.85 606.11 634.45 668.67 706.55 686.69 651.14 654.26 665.19 698.96 707.68 693.34 676.05 670.95 651.71 635.29 630.47 620.46 582.01 548.80 520.90 532.43 536.24 545.83 554.23 529.50 508.65 473.92 474.39 497.11 529.26 530.76 526.52 524.34 511.81 480.34 508.63 552.01 597.43 614.02 575.66 570.56 581.98 588.80 623.50 639.38 643.75 628.77 -99.90 -99.90 -99.90 -99.90 -99.90 -99.90 -99.90 -99.90 -99.90 -99.90 -99.90 -99.90 -99.90 -99.90 -99.90 -99.90
502.63 513.23 533.76 548.92 556.05 568.76 595.98 636.28 657.75 669.84 692.55 704.63 688.94 678.17 672.68 692.23 691.79 686.62 686.69 689.25 666.82 648.01 643.22 618.13 587.97 569.71 553.17 549.81 556.02 553.78 555.00 539.81 528.68 526.49 526.48 544.44 553.47 530.09 522.82 513.01 506.88 498.51 531.65 567.06 563.79 561.79 544.06 559.50 595.84 635.00 648.16 651.86 653.84 -99.90 -99.90 -99.90 -99.90 -99.90 -99.90 -99.90 -99.90 -99.90 -99.90 -99.90 -99.90 -99.90 -99.90 -99.90 -99.90 -99.90
509.04 523.82 536.47 552.09 555.45 584.24 618.02 640.28 661.44 659.66 688.91 701.56 703.41 690.19 680.66 689.11 706.31 678.23 681.74 691.08 671.81 647.97 658.62 634.48 607.73 589.15 575.85 565.91 557.53 550.97 550.42 554.63 565.70 539.71 531.89 529.48 525.39 519.50 518.62 518.02 518.67 530.97 559.43 569.09 565.42 568.73 577.88 603.50 638.01 653.27 658.35 664.55 664.69 653.98 -99.90 -99.90 -99.90 -99.90 -99.90 -99.90 -99.90 -99.90 -99.90 -99.90 -99.90 -99.90 -99.90 -99.90 -99.90 -99.90
511.62 523.69 532.12 550.57 584.69 617.01 641.61 656.89 661.18 669.19 673.47 683.44 691.32 704.87 700.28 695.08 676.91 676.08 674.91 681.77 653.80 647.31 646.93 649.27 626.98 599.45 588.64 584.51 571.66 555.68 558.01 550.03 564.05 556.61 543.49 531.69 528.16 526.69 525.38 523.52 523.12 548.79 580.57 582.28 579.29 -99.90 646.91 636.22 646.04 643.16 651.07 658.40 660.17 650.36 -99.90 -99.90 -99.90 -99.90 -99.90 -99.90 -99.90 -99.90 -99.90 -99.90 -99.90 -99.90 -99.90 -99.90 -99.90 -99.90
513.28 520.52 535.00 574.84 613.50 630.86 649.64 661.87 674.24 679.74 678.43 684.14 689.72 697.15 701.12 699.28 701.41 696.62 654.48 623.08 611.11 624.88 630.14 625.71 618.46 607.92 611.52 612.44 584.97 570.71 569.64 590.52 561.92 545.75 549.45 550.54 541.11 535.97 550.25 557.16 539.85 567.51 593.40 602.83 -99.90 -99.90 -99.90 -99.90 661.63 663.52 667.46 674.17 657.60 646.57 -99.90 -99.90 -99.90 -99.90 -99.90 -99.90 -99.90 -99.90 -99.90 -99.90 -99.90 -99.90 -99.90 -99.90 -99.90 -99.90
529.76 544.37 572.06 606.03 644.62 649.29 676.43 689.72 705.03 698.92 684.59 684.14 679.52 693.57 705.09 707.97 682.37 640.55 598.54 620.58 624.30 623.55 637.22 634.03 618.06 615.76 619.08 616.94 587.47 571.27 576.14 575.18 570.55 541.01 549.08 568.02 586.94 589.67 582.43 587.20 581.85 561.05 589.78 -99.90 -99.90 -99.90 -99.90 -99.90 677.57 682.65 702.68 701.77 679.12 648.72 605.79 -99.90 -99.90 -99.90 -99.90 -99.90 -99.90 -99.90 -99.90 -99.90 -99.90 -99.90 -99.90 -99.90 -99.90 -99.90
555.21 571.48 607.56 650.13 665.33 672.66 677.16 698.86 712.16 688.91 688.05 691.03 691.99 696.66 672.82 634.75 605.28 598.76 614.00 617.25 624.90 606.14 613.67 604.29 618.24 654.66 635.34 608.37 589.65 577.02 569.89 559.46 550.23 565.33 600.61 621.71 613.92 609.74 599.86 601.40 599.31 594.71 593.86 -99.90 -99.90 -99.90 -99.90 -99.90 658.30 693.82 695.71 718.39 720.29 670.94 636.91 -99.90 -99.90 -99.90 -99.90 -99.90 -99.90 -99.90 -99.90 -99.90 -99.90 -99.90 -99.90 -99.90 -99.90 -99.90
587.38 604.06 638.96 668.78 689.59 687.09 686.38 693.55 712.10 712.72 711.50 718.67 697.78 680.32 640.84 614.99 626.29 651.10 659.27 636.20 635.17 594.85 590.72 605.89 644.81 681.54 642.64 590.37 563.10 572.34 578.17 584.41 615.12 624.13 611.27 621.82 603.69 599.53 610.47 597.60 597.81 580.90 -99.90 -99.90 -99.90 -99.90 -99.90 -99.90 650.02 685.38 692.53 695.86 717.08 695.47 658.17 -99.90 -99.90 -99.90 -99.90 -99.90 -99.90 -99.90 -99.90 -99.90 -99.90 -99.90 -99.90 -99.90 -99.90 -99.90
636.93 642.89 661.48 699.78 711.76 701.50 697.17 707.59 720.85 722.21 724.07 715.56 688.84 663.33 653.69 690.01 677.41 657.27 631.40 633.75 626.39 631.39 633.54 633.40 639.30 619.42 606.30 598.12 587.99 587.46 601.67 621.43 644.83 627.18 634.47 653.22 654.74 653.15 644.99 612.34 597.56 598.22 602.04 -99.90 -99.90 -99.90 -99.90 -99.90 653.01 679.74 666.72 653.12 683.18 674.61 641.24 647.29 -99.90 -99.90 -99.90 -99.90 -99.90 -99.90 -99.90 -99.90 -99.90 -99.90 -99.90 -99.90 -99.90 -99.90
666.85 684.43 702.01 699.79 714.03 718.44 710.76 709.88 700.13 720.26 743.89 730.34 677.19 669.80 662.35 666.04 658.24 615.14 585.95 599.30 622.00 634.80 644.06 650.21 638.46 626.75 619.63 637.04 645.57 634.74 641.25 650.59 684.31 669.75 659.82 675.21 674.20 653.53 637.41 621.88 605.14 604.62 603.18 -99.90 -99.90 -99.90 -99.90 -99.90 660.17 695.79 692.35 656.42 667.06 674.75 652.89 641.61 -99.90 -99.90 -99.90 -99.90 -99.90 -99.90 -99.90 -99.90 -99.90 -99.90 -99.90 -99.90 -99.90 -99.90
686.96 713.08 709.50 703.88 717.69 722.31 734.62 750.56 750.43 771.39 793.57 785.32 746.84 727.59 723.07 711.76 684.05 624.08 555.05 624.19 641.49 632.78 632.73 638.88 655.12 664.57 682.26 702.79 692.95 690.95 700.74 722.93 711.90 706.08 690.92 670.19 662.98 655.81 636.58 610.09 593.48 588.79 609.90 -99.90 -99.90 -99.90 -99.90 -99.90 651.95 676.59 676.15 653.86 661.72 680.55 685.18 653.03 611.23 -99.90 -99.90 -99.90 -99.90 -99.90 -99.90 -99.90 -99.90 -99.90 -99.90 -99.90 -99.90 -99.90
708.64 719.03 717.26 725.32 724.89 732.48 763.15 787.69 825.48 850.44 866.92 867.33 817.61 790.76 785.80 773.28 765.37 713.79 723.37 712.66 689.58 670.30 671.32 673.53 685.22 721.18 747.50 747.79 750.04 780.02 803.75 807.30 790.30 752.59 749.78 722.60 685.10 660.89 638.97 607.66 571.13 595.42 612.04 -99.90 -99.90 -99.90 -99.90 -99.90 682.16 699.50 699.51 667.02 659.99 666.53 660.67 632.29 614.30 -99.90 -99.90 -99.90 -99.90 -99.90 -99.90 -99.90 -99.90 -99.90 -99.90 -99.90 -99.90 -99.90
720.96 717.12 723.37 742.48 745.74 773.14 807.46 849.38 878.44 934.89 937.62 928.49 926.19 856.20 816.92 822.31 782.36 766.18 770.57 757.77 730.26 713.03 718.99 731.11 763.84 789.58 806.79 814.36 821.89 834.39 830.65 862.09 887.68 866.27 833.54 783.61 729.70 683.12 634.83 609.44 598.96 605.70 -99.90 -99.90 -99.90 -99.90 -99.90 -99.90 688.78 706.04 753.54 696.34 684.37 657.21 628.29 607.34 592.97 612.99 -99.90 -99.90 -99.90 -99.90 -99.90 -99.90 -99.90 -99.90 -99.90 -99.90 -99.90 -99.90
690.88 703.72 719.48 735.50 779.57 808.77 802.73 842.77 882.59 958.72 986.75 951.51 913.61 862.88 839.16 818.70 792.59 770.10 762.47 761.20 746.27 746.29 769.36 789.04 801.85 819.06 849.14 872.37 890.86 906.02 908.65 902.89 884.43 862.20 847.49 788.32 722.88 700.36 665.95 646.54 633.67 634.02 -99.90 -99.90 -99.90 -99.90 -99.90 -99.90 690.55 733.80 753.60 730.20 719.98 -99.90 -99.90 -99.90 599.76 580.94 -99.90 -99.90 -99.90 -99.90 -99.90 -99.90 -99.90 -99.90 -99.90 -99.90 -99.90 -99.90
685.03 690.06 703.97 730.45 765.75 792.26 808.55 846.27 871.70 936.09 961.32 919.44 893.91 890.59 882.02 866.73 829.43 800.66 771.87 750.61 748.71 781.19 823.92 846.61 850.42 872.46 912.55 953.75 1001.62 992.21 973.24 943.83 896.96 856.54 815.93 771.00 715.89 705.93 679.76 633.33 630.34 632.08 -99.90 -99.90 -99.90 -99.90 -99.90 693.01 702.88 733.80 752.41 725.09 -99.90 -99.90 -99.90 -99.90 -99.90 566.22 540.54 -99.90 -99.90 -99.90 -99.90 -99.90 -99.90 -99.90 -99.90 -99.90 -99.90 -99.90
692.77 674.21 682.12 716.36 763.13 798.86 811.23 815.32 834.65 866.36 897.75 881.57 870.80 874.20 881.38 877.15 852.72 829.54 822.08 803.34 809.79 827.49 860.55 886.46 905.71 930.26 978.95 1030.39 1062.31 1029.42 968.33 902.22 871.21 811.33 757.24 658.77 621.33 638.47 628.52 621.68 608.56 -99.90 -99.90 -99.90 -99.90 -99.90 -99.90 709.70 717.93 741.53 737.62 788.44 -99.90 -99.90 -99.90 -99.90 -99.90 -99.90 510.58 -99.90 -99.90 -99.90 -99.90 -99.90 -99.90 -99.90 -99.90 -99.90 -99.90 -99.90
676.31 679.14 680.55 694.76 748.70 793.44 783.38 790.79 809.88 833.18 850.39 854.60 852.53 856.57 852.26 833.76 824.85 823.08 819.12 824.30 834.86 842.22 869.62 901.37 941.85 977.40 1025.16 1066.47 1056.60 1029.46 976.56 875.13 834.40 779.42 740.71 667.06 644.95 627.60 616.30 613.87 612.77 -99.90 -99.90 -99.90 -99.90 -99.90 -99.90 -99.90 709.17 732.45 722.68 -99.90 -99.90 -99.90 -99.90 -99.90 -99.90 -99.90 -99.90 -99.90 -99.90 -99.90 -99.90 -99.90 -99.90 -99.90 -99.90 -99.90 -99.90 -99.90
671.02 676.89 684.92 712.48 715.63 718.88 728.34 754.79 783.12 809.39 831.03 821.12 826.19 827.76 813.87 813.03 812.60 814.32 812.83 832.73 836.56 846.42 875.83 925.79 966.05 1022.00 1075.99 1066.38 1034.00 975.69 911.17 830.78 757.46 738.02 729.04 674.01 640.79 619.32 607.40 605.69 -99.90 -99.90 -99.90 -99.90 -99.90 -99.90 -99.90 -99.90 703.78 716.62 726.09 -99.90 -99.90 -99.90 -99.90 -99.90 -99.90 -99.90 -99.90 -99.90 -99.90 -99.90 -99.90 -99.90 -99.90 -99.90 -99.90 -99.90 -99.90 -99.90
654.98 669.28 691.13 699.26 698.74 689.41 696.95 709.34 735.37 770.02 792.37 798.64 789.86 793.37 796.49 797.94 799.87 800.44 801.18 822.56 835.31 853.14 897.19 963.82 1034.54 1102.93 1090.10 1051.85 993.73 962.56 904.22 802.83 730.51 698.72 675.00 661.43 631.67 616.49 612.66 -99.90 -99.90 -99.90 -99.90 -99.90 -99.90 -99.90 -99.90 -99.90 692.49 709.39 723.24 -99.90 -99.90 -99.90 -99.90 -99.90 -99.90 -99.90 -99.90 -99.90 -99.90 -99.90 -99.90 -99.90 -99.90 -99.90 -99.90 -99.90 -99.90 -99.90
643.47 660.19 669.10 685.88 682.66 663.20 664.94 675.64 691.60 724.74 739.82 749.12 760.40 771.39 775.55 782.55 785.19 787.96 797.40 836.14 849.42 885.30 909.81 965.48 1017.53 1054.31 1042.93 1032.65 987.02 925.59 895.69 839.10 711.04 626.36 641.83 632.26 615.51 -99.90 -99.90 -99.90 -99.90 -99.90 -99.90 -99.90 -99.90 -99.90 -99.90 705.04 716.16 738.53 736.15 -99.90 -99.90 -99.90 -99.90 -99.90 -99.90 -99.90 -99.90 -99.90 -99.90 -99.90 -99.90 -99.90 -99.90 -99.90 -99.90 -99.90 -99.90 -99.90
633.96 651.93 638.94 636.90 638.01 636.72 640.33 637.37 649.07 675.73 704.17 714.06 733.93 745.62 753.80 768.54 778.49 794.46 824.37 842.19 858.95 902.94 898.67 943.24 959.31 994.21 992.39 987.59 932.84 869.19 853.76 799.42 702.36 633.95 629.65 637.21 659.57 -99.90 -99.90 -99.90 -99.90 -99.90 -99.90 -99.90 -99.90 -99.90 -99.90 691.51 701.40 736.33 757.06 769.51 -99.90 -99.90 -99.90 -99.90 -99.90 -99.90 -99.90 -99.90 -99.90 -99.90 -99.90 -99.90 -99.90 -99.90 -99.90 -99.90 -99.90 -99.90
