arc/python_arcpy/Precipitation/APHRO_MA_025deg_1995.txt
ncols	360 
nrows	280 
xllcorner	60.125 
yllcorner	-14.875 
cellsize	0.25 
NODATA_value	-99.9 
[rows 124 to 154 of 280, columns 70 to 139 of 360]
721.98 829.70 866.98 873.87 843.73 814.65 788.62 879.84 872.24 879.01 898.39 914.43 948.34 985.63 986.79 1003.02 1006.15 1004.74 979.45 967.94 974.85 988.36 990.76 1000.61 1012.72 995.84 959.14 1008.23 1047.68 1056.67 1080.42 1140.04 1154.51 1167.44 1249.12 1286.36 1332.33 1374.84 1428.98 1418.09 1414.49 1443.08 1422.13 1366.44 1320.75 1286.63 1245.21 1284.48 1404.66 1544.92 1594.55 1599.75 1669.51 1686.98 1814.99 1960.88 1960.94 2113.99 2159.44 2204.84 1991.50 1793.97 1671.46 1641.84 1702.92 1796.42 1914.70 1930.89 1821.62 1699.40
759.11 847.75 879.77 895.49 846.72 826.89 826.90 859.37 876.05 931.39 980.62 1007.30 1024.46 1038.84 993.91 975.27 1010.14 1043.48 1026.72 1030.27 1047.81 1056.07 1060.08 1068.10 1067.48 1060.50 1138.17 1180.33 1070.18 1098.55 1148.70 1176.85 1271.12 1287.35 1282.57 1292.49 1304.92 1327.62 1339.60 1361.83 1457.11 1403.55 1331.06 1299.93 1304.40 1335.11 1337.33 1364.77 1484.63 1663.69 1640.98 1587.07 1647.49 1725.53 1886.55 1986.88 1971.88 2076.67 2130.17 2169.85 2041.96 1881.93 1788.11 1773.04 1746.50 1723.42 1697.33 1665.00 1607.17 1515.32
832.98 889.28 853.93 823.68 807.06 816.35 828.65 830.96 864.09 955.93 1049.31 1113.23 1135.80 1090.14 1012.24 964.51 1013.04 1068.53 1093.65 1098.08 1110.37 1122.32 1143.63 1148.69 1120.81 1109.90 1151.58 1196.34 1092.08 1169.91 1280.87 1333.90 1307.19 1313.98 1361.53 1410.76 1303.29 1271.05 1320.85 1275.41 1348.29 1367.38 1310.07 1244.04 1268.66 1306.87 1357.27 1418.65 1549.37 1685.81 1715.40 1696.48 1747.76 1859.99 1981.14 2033.31 1981.87 2039.79 2099.60 2174.44 2238.85 2119.10 1870.02 1776.17 1741.14 1623.18 1577.10 1490.78 1400.51 1351.31
855.05 860.99 844.11 792.55 770.74 792.43 815.32 815.92 857.40 994.29 1114.62 1245.05 1250.84 1164.74 1074.50 1025.17 1049.33 1067.52 1081.64 1114.30 1154.10 1175.52 1217.07 1247.44 1196.81 1179.86 1196.30 1214.56 1222.45 1257.66 1312.50 1312.85 1240.56 1322.07 1419.60 1376.50 1283.86 1221.49 1328.00 1249.63 1229.61 1300.76 1365.84 1286.98 1304.52 1350.55 1425.34 1513.72 1627.26 1707.76 1846.03 1831.48 1915.44 2106.52 2253.86 2294.45 2065.33 1994.41 2040.79 2142.07 2334.51 2214.44 1966.02 1788.10 1688.03 1574.62 1435.84 1301.67 1204.95 1134.45
853.98 866.34 889.19 873.77 806.30 781.54 810.05 826.13 862.02 966.65 1113.28 1233.23 1247.80 1185.21 1092.97 1063.59 1130.00 1150.34 1088.97 1095.39 1175.41 1208.62 1211.40 1263.87 1309.28 1307.97 1303.38 1335.98 1350.05 1274.70 1258.84 1318.56 1333.67 1368.44 1440.42 1338.71 1298.11 1284.95 1327.79 1271.60 1221.94 1264.90 1489.90 1520.11 1531.79 1498.39 1554.25 1647.87 1755.71 1823.59 1899.67 1977.77 2082.80 2272.60 2539.10 2420.37 2221.49 2113.84 2143.12 2246.19 2350.22 2371.65 2129.22 1894.10 1735.79 1474.04 1356.62 1185.82 1049.73 938.16
837.55 876.49 953.35 991.57 898.60 877.15 819.70 825.65 852.70 956.11 1123.23 1216.98 1238.01 1172.61 1090.06 1066.36 1079.57 1110.44 1103.20 1136.02 1231.29 1223.27 1230.78 1257.77 1280.20 1246.61 1222.49 1306.01 1343.88 1264.11 1249.59 1321.05 1335.02 1271.22 1255.73 1236.75 1277.70 1327.42 1326.13 1317.08 1299.75 1435.27 1656.40 1803.44 1633.61 1595.14 1647.34 1699.79 1782.24 1897.44 2024.11 2159.65 2173.96 2362.20 2451.94 2372.89 2320.14 2234.17 2230.97 2245.76 2349.10 2374.80 2202.61 2026.89 1932.10 1429.08 1207.37 1059.82 885.11 791.40
879.50 865.58 939.69 1126.50 1076.90 991.71 847.85 838.36 905.13 1051.32 1214.42 1261.24 1257.92 1209.79 1108.63 1030.85 1033.89 1051.24 1078.29 1160.95 1251.43 1241.50 1210.16 1213.29 1228.54 1191.98 1189.75 1256.59 1299.42 1320.74 1322.30 1320.76 1326.33 1316.91 1278.04 1255.83 1241.71 1268.02 1317.65 1359.43 1300.43 1471.74 1542.78 1609.80 1667.39 1670.50 1709.73 1755.77 1800.51 1949.67 2226.00 2493.25 2372.40 2437.18 2504.41 2360.40 2335.19 2239.73 2140.07 2236.41 2316.93 2276.51 2197.49 2034.38 1803.20 1343.28 1099.19 960.75 808.41 722.49
863.60 843.51 873.70 974.06 987.54 930.26 856.43 909.58 1027.51 1149.12 1301.01 1320.50 1291.26 1197.92 1087.04 995.25 994.99 1019.99 1043.84 1089.91 1158.87 1203.35 1211.84 1241.25 1262.68 1227.11 1252.11 1302.11 1370.05 1377.15 1351.62 1323.21 1340.71 1364.32 1332.10 1342.56 1359.64 1366.62 1335.14 1326.29 1356.35 1444.85 1483.03 1550.00 1673.53 1710.55 1766.35 1831.61 1914.20 2085.77 2351.55 2506.64 2443.53 2440.29 2493.33 -99.90 -99.90 2144.21 2107.49 2283.18 2344.52 2278.11 2157.74 1943.47 1747.78 1279.55 1051.16 933.58 736.80 696.68
807.73 899.26 844.63 790.54 810.68 853.81 855.50 929.01 1014.63 1110.65 1357.66 1379.94 1295.46 1150.30 1038.40 983.70 1005.79 1013.63 1035.62 1037.20 1085.58 1133.11 1176.44 1322.98 1349.45 1335.54 1377.42 1380.71 1409.54 1458.94 1369.75 1312.25 1343.00 1364.27 1403.59 1429.02 1490.12 1504.84 1406.96 1373.31 1492.91 1639.18 1696.48 1655.84 1707.50 1753.59 1792.40 1907.23 2016.92 2128.59 2367.04 2367.80 2366.06 -99.90 -99.90 -99.90 -99.90 2518.20 2372.91 2450.29 2498.40 2359.94 2172.08 1970.78 1719.77 1270.96 1022.68 867.01 685.04 665.40
821.95 722.51 721.73 732.69 748.39 772.59 830.63 866.66 942.55 1071.72 1298.14 1539.62 1427.61 1120.89 1009.35 1010.41 1034.43 1042.49 1086.27 1050.58 1058.21 1086.85 1126.75 1220.87 1321.13 1404.65 1413.87 1411.45 1427.18 1436.98 1378.42 1347.24 1390.31 1397.50 1440.74 1477.34 1521.86 1531.57 1464.69 1461.26 1550.11 1727.87 1822.65 1695.56 1697.27 1764.44 1789.17 1901.84 1947.95 -99.90 -99.90 -99.90 -99.90 -99.90 -99.90 -99.90 -99.90 2750.90 2740.65 2719.48 2683.99 2553.74 2266.98 1949.46 1886.58 1486.60 1076.98 860.39 688.59 629.68
742.33 664.15 693.67 776.14 802.65 908.11 854.31 879.96 978.64 1112.53 1250.36 1500.61 1393.62 1085.60 1002.57 1030.06 1047.14 1076.49 1160.34 1143.59 1138.17 1144.24 1136.63 1143.72 1260.05 1383.19 1420.08 1382.29 1399.72 1387.09 1376.76 1372.46 1400.75 1436.81 1480.18 1519.25 1551.69 1559.50 1534.87 -99.90 -99.90 -99.90 -99.90 -99.90 -99.90 -99.90 -99.90 -99.90 -99.90 -99.90 -99.90 -99.90 -99.90 -99.90 -99.90 -99.90 -99.90 2880.03 3074.63 3133.67 3137.52 3062.19 2543.61 2067.95 1822.10 1684.70 1089.37 841.80 665.47 579.27
629.51 654.86 743.10 821.95 856.34 921.48 965.08 965.95 1052.62 1158.72 1313.27 1408.13 1246.66 1171.03 1160.64 1078.58 1056.27 1121.69 1211.13 1224.20 1234.86 1219.13 1184.42 1167.24 1241.07 1318.19 1350.41 1344.25 1358.78 1336.36 1348.79 1398.24 1465.97 1502.62 1530.73 1568.68 1591.69 1583.13 -99.90 -99.90 -99.90 -99.90 -99.90 -99.90 -99.90 -99.90 -99.90 -99.90 -99.90 -99.90 -99.90 -99.90 -99.90 -99.90 -99.90 -99.90 -99.90 -99.90 3335.15 3547.77 3563.14 3375.25 2871.41 2295.92 1929.41 1816.34 1215.57 873.64 657.59 573.78
639.25 685.93 788.55 864.75 890.53 951.23 992.60 999.58 1050.77 1147.49 1322.29 1388.19 1310.95 1237.09 1177.50 1076.89 1045.99 1164.11 1241.39 1242.84 1239.50 1255.99 1222.83 1245.19 1282.58 1312.35 1310.62 1340.99 1336.47 1300.94 1333.20 1431.73 1529.61 1624.36 1641.60 1638.91 1625.37 1588.65 -99.90 -99.90 -99.90 -99.90 -99.90 -99.90 -99.90 -99.90 -99.90 -99.90 -99.90 -99.90 -99.90 -99.90 -99.90 -99.90 -99.90 -99.90 -99.90 -99.90 3433.72 3904.31 3911.21 3590.74 3267.43 2654.66 2028.26 1693.49 1237.15 876.50 673.54 590.07
675.18 703.07 813.19 881.98 923.53 1020.53 1046.98 1093.57 1144.09 1138.72 1303.96 1417.58 1391.35 1292.00 1214.07 1178.49 1162.69 1194.91 1262.85 1233.22 1214.09 1210.87 1224.51 1296.17 1334.78 1309.93 1306.37 1326.19 1363.21 1393.32 1430.72 1528.12 1646.57 1746.56 1733.41 1687.14 1668.55 1636.41 1624.81 -99.90 -99.90 -99.90 -99.90 -99.90 -99.90 -99.90 -99.90 -99.90 -99.90 -99.90 -99.90 -99.90 -99.90 -99.90 -99.90 -99.90 -99.90 -99.90 -99.90 3772.97 4026.34 3945.65 3696.36 3086.49 2342.94 1826.15 1379.69 975.40 753.59 667.99
738.71 777.88 882.66 941.72 970.27 1033.68 1097.13 1199.85 1262.10 1342.82 1532.51 1554.87 1485.55 1394.50 1294.94 1229.66 1172.98 1167.62 1264.06 1227.38 1164.75 1140.07 1192.27 1245.07 1285.96 1276.62 1278.42 1332.89 1386.49 1471.17 1525.77 1594.16 1727.59 1889.56 1770.85 1696.87 1668.81 1661.07 -99.90 -99.90 -99.90 -99.90 -99.90 -99.90 -99.90 -99.90 -99.90 -99.90 -99.90 -99.90 -99.90 -99.90 -99.90 -99.90 -99.90 -99.90 -99.90 -99.90 -99.90 -99.90 4041.35 4264.77 4167.00 3629.73 2786.82 2136.36 1574.99 1128.28 907.20 816.10
805.59 828.45 899.42 984.30 1023.84 1051.21 1114.22 1191.90 1290.28 1561.00 1746.03 1603.55 1543.67 1484.24 1439.85 1343.75 1289.75 1252.84 1241.74 1171.23 1074.64 1061.35 1119.53 1182.57 1218.75 1241.84 1274.42 1343.65 1396.20 1445.19 1539.31 1602.10 1699.67 1791.64 1745.62 1698.93 1686.72 -99.90 -99.90 -99.90 -99.90 -99.90 -99.90 -99.90 -99.90 -99.90 -99.90 -99.90 -99.90 -99.90 -99.90 -99.90 -99.90 -99.90 -99.90 -99.90 -99.90 -99.90 -99.90 -99.90 -99.90 4550.06 4464.13 4135.96 3356.69 2666.27 1826.11 1289.35 1032.13 1018.92
831.13 873.13 928.44 988.56 1012.20 1054.10 1076.55 1142.34 1258.25 1421.71 1539.81 1548.67 1515.07 1463.22 1415.01 1360.32 1314.73 1304.02 1287.76 1160.13 1039.72 1028.80 1079.64 1146.54 1184.32 1229.92 1276.91 1373.68 1424.70 1468.56 1535.22 1594.98 1673.43 1775.23 1736.15 1717.61 -99.90 -99.90 -99.90 -99.90 -99.90 -99.90 -99.90 -99.90 -99.90 -99.90 -99.90 -99.90 -99.90 -99.90 -99.90 -99.90 -99.90 -99.90 -99.90 -99.90 -99.90 -99.90 -99.90 -99.90 -99.90 4139.08 4211.24 3981.77 3988.91 3406.24 2389.90 1583.64 1146.88 931.88
972.57 969.11 1007.91 1040.72 1052.50 1088.95 1070.84 1061.67 1176.08 1389.28 1453.98 1513.12 1496.79 1412.47 1354.24 1334.61 1300.40 1300.14 1285.11 1237.69 1164.25 1112.85 1179.04 1194.48 1204.39 1273.05 1307.91 1390.01 1457.66 1522.05 1558.70 1604.12 1675.15 -99.90 -99.90 -99.90 -99.90 -99.90 -99.90 -99.90 -99.90 -99.90 -99.90 -99.90 -99.90 -99.90 -99.90 -99.90 -99.90 -99.90 -99.90 -99.90 -99.90 -99.90 -99.90 -99.90 -99.90 -99.90 -99.90 -99.90 -99.90 -99.90 -99.90 4148.49 4121.20 3752.56 2819.22 1847.24 1337.06 999.61
1015.17 1018.28 1016.02 1031.35 1064.65 1099.18 1037.19 993.00 1085.77 1276.26 1417.82 1526.84 1508.01 1404.66 1325.98 1301.24 1291.21 1305.68 1276.55 1267.22 1241.22 1221.01 1251.70 1230.52 1270.23 1320.76 1344.50 1408.18 1491.26 1629.82 1603.36 -99.90 -99.90 -99.90 -99.90 -99.90 -99.90 -99.90 -99.90 -99.90 -99.90 -99.90 -99.90 -99.90 -99.90 -99.90 -99.90 -99.90 -99.90 -99.90 -99.90 -99.90 -99.90 -99.90 -99.90 -99.90 -99.90 -99.90 -99.90 -99.90 -99.90 -99.90 -99.90 4100.75 4331.59 3979.91 3245.57 2161.55 1541.26 1155.16
1051.48 1066.62 1054.60 1037.84 1007.85 1015.82 1033.22 1018.50 1085.95 1238.70 1406.69 1515.28 1516.91 1451.90 1352.07 1306.53 1323.48 1336.86 1335.84 1312.72 1321.03 1335.74 1319.94 1321.57 1352.56 1340.74 1327.72 1400.92 1486.34 1599.23 -99.90 -99.90 -99.90 -99.90 -99.90 -99.90 -99.90 -99.90 -99.90 -99.90 -99.90 -99.90 -99.90 -99.90 -99.90 -99.90 -99.90 -99.90 -99.90 -99.90 -99.90 -99.90 -99.90 -99.90 -99.90 -99.90 -99.90 -99.90 -99.90 -99.90 -99.90 -99.90 -99.90 -99.90 4341.67 4245.91 3737.47 2551.91 1787.57 1393.49
1128.69 1184.40 1199.25 1056.73 995.26 968.03 986.96 1048.93 1068.65 1194.15 1325.00 1490.57 1505.73 1446.02 1369.34 1319.06 1338.15 1360.93 1349.11 1348.62 1393.29 1362.76 1331.50 1355.30 1359.33 1325.18 1281.61 1355.21 1419.16 -99.90 -99.90 -99.90 -99.90 -99.90 -99.90 -99.90 -99.90 -99.90 -99.90 -99.90 -99.90 -99.90 -99.90 -99.90 -99.90 -99.90 -99.90 -99.90 -99.90 -99.90 -99.90 -99.90 -99.90 -99.90 -99.90 -99.90 -99.90 -99.90 -99.90 -99.90 -99.90 -99.90 -99.90 -99.90 4318.78 4157.61 4009.98 3064.68 2099.81 1670.47
1148.15 1297.61 1259.66 1134.42 1000.18 944.49 992.81 1027.19 1010.69 1053.57 1091.17 1206.73 1359.40 1439.73 1464.07 1417.36 1380.43 1397.03 1361.52 1345.04 1346.74 1304.09 1294.82 1259.69 1297.06 1288.47 1280.60 1297.20 -99.90 -99.90 -99.90 -99.90 -99.90 -99.90 -99.90 -99.90 -99.90 -99.90 -99.90 -99.90 -99.90 -99.90 -99.90 -99.90 -99.90 -99.90 -99.90 -99.90 -99.90 -99.90 -99.90 -99.90 -99.90 -99.90 -99.90 -99.90 -99.90 -99.90 -99.90 -99.90 -99.90 -99.90 -99.90 -99.90 4098.95 3952.48 3510.53 2960.66 2507.47 1969.99
1131.48 1293.81 1227.24 1108.23 1008.20 917.82 942.73 1001.56 1045.81 1031.03 944.59 954.27 1263.52 1455.64 1480.57 1402.98 1372.00 1418.03 1342.82 1283.53 1273.51 1268.53 1235.03 1190.13 1219.55 1201.41 1238.30 1287.12 -99.90 -99.90 -99.90 -99.90 -99.90 -99.90 -99.90 -99.90 -99.90 -99.90 -99.90 -99.90 -99.90 -99.90 -99.90 -99.90 -99.90 -99.90 -99.90 -99.90 -99.90 -99.90 -99.90 -99.90 -99.90 -99.90 -99.90 -99.90 -99.90 -99.90 -99.90 -99.90 -99.90 -99.90 -99.90 -99.90 -99.90 -99.90 -99.90 4295.78 2961.93 2128.28
1075.49 1191.21 1180.04 1156.62 1018.51 908.57 934.81 984.99 1085.09 1116.20 953.50 1000.02 1225.36 1336.60 1355.98 1366.34 1356.27 1344.72 1295.47 1244.41 1243.05 1277.74 1223.19 1210.67 1212.85 1200.50 -99.90 -99.90 -99.90 -99.90 -99.90 -99.90 -99.90 -99.90 -99.90 -99.90 -99.90 -99.90 -99.90 -99.90 -99.90 -99.90 -99.90 -99.90 -99.90 -99.90 -99.90 -99.90 -99.90 -99.90 -99.90 -99.90 -99.90 -99.90 -99.90 -99.90 -99.90 -99.90 -99.90 -99.90 -99.90 -99.90 -99.90 -99.90 -99.90 -99.90 -99.90 3715.97 3016.47 2229.40
1036.84 1041.95 1078.62 1084.08 1001.23 984.01 948.04 1001.46 1054.69 1129.83 1071.40 1048.40 1112.18 1144.14 1197.92 1267.24 1276.41 1254.89 1232.09 1215.83 1318.70 1304.40 1198.15 1158.00 1196.01 -99.90 -99.90 -99.90 -99.90 -99.90 -99.90 -99.90 -99.90 -99.90 -99.90 -99.90 -99.90 -99.90 -99.90 -99.90 -99.90 -99.90 -99.90 -99.90 -99.90 -99.90 -99.90 -99.90 -99.90 -99.90 -99.90 -99.90 -99.90 -99.90 -99.90 -99.90 -99.90 -99.90 -99.90 -99.90 -99.90 -99.90 -99.90 -99.90 -99.90 -99.90 -99.90 3361.69 3047.34 2429.79
1030.37 1050.14 1046.11 984.56 922.16 883.68 837.21 882.46 974.13 1043.15 1059.52 1070.43 1036.71 1023.40 1123.68 1215.99 1231.45 1242.09 1265.79 1301.44 1238.44 1138.60 1143.66 1176.83 -99.90 -99.90 -99.90 -99.90 -99.90 -99.90 -99.90 -99.90 -99.90 -99.90 -99.90 -99.90 -99.90 -99.90 -99.90 -99.90 -99.90 -99.90 -99.90 -99.90 -99.90 -99.90 -99.90 -99.90 -99.90 -99.90 -99.90 -99.90 -99.90 -99.90 -99.90 -99.90 -99.90 -99.90 -99.90 -99.90 -99.90 -99.90 -99.90 -99.90 -99.90 -99.90 -99.90 -99.90 3009.28 2548.80
1006.39 1041.08 966.29 958.55 849.97 839.57 776.35 752.01 855.19 931.23 982.52 1022.41 1017.99 1038.48 1113.73 1214.25 1220.92 1206.36 1205.22 1164.81 1118.67 1101.26 -99.90 -99.90 -99.90 -99.90 -99.90 -99.90 -99.90 -99.90 -99.90 -99.90 -99.90 -99.90 -99.90 -99.90 -99.90 -99.90 -99.90 -99.90 -99.90 -99.90 -99.90 -99.90 -99.90 -99.90 -99.90 -99.90 -99.90 -99.90 -99.90 -99.90 -99.90 -99.90 -99.90 -99.90 -99.90 -99.90 -99.90 -99.90 -99.90 -99.90 -99.90 -99.90 -99.90 -99.90 -99.90 -99.90 2918.71 2607.13
983.30 1008.75 834.53 814.20 761.76 783.00 776.89 778.99 864.49 869.34 928.70 970.17 994.08 1017.11 1108.44 1200.80 1180.58 1127.50 1179.11 1128.84 1120.17 -99.90 -99.90 -99.90 -99.90 -99.90 -99.90 -99.90 -99.90 -99.90 -99.90 -99.90 -99.90 -99.90 -99.90 -99.90 -99.90 -99.90 -99.90 -99.90 -99.90 -99.90 -99.90 -99.90 -99.90 -99.90 -99.90 -99.90 -99.90 -99.90 -99.90 -99.90 -99.90 -99.90 -99.90 -99.90 -99.90 -99.90 -99.90 -99.90 -99.90 -99.90 -99.90 -99.90 -99.90 -99.90 -99.90 3032.66 2858.85 2547.34
921.39 982.06 902.14 804.39 756.51 750.38 744.64 773.39 785.99 796.27 874.53 930.66 967.78 969.48 998.21 1055.83 1067.25 1123.86 1247.60 1172.37 -99.90 -99.90 -99.90 -99.90 -99.90 -99.90 -99.90 -99.90 -99.90 -99.90 -99.90 -99.90 -99.90 -99.90 -99.90 -99.90 -99.90 -99.90 -99.90 -99.90 -99.90 -99.90 -99.90 -99.90 -99.90 -99.90 -99.90 -99.90 -99.90 -99.90 -99.90 -99.90 -99.90 -99.90 -99.90 -99.90 -99.90 -99.90 -99.90 -99.90 -99.90 -99.90 -99.90 -99.90 -99.90 -99.90 -99.90 2972.72 2793.78 2564.02
788.66 878.86 864.79 775.35 765.58 735.94 697.45 686.09 710.89 733.31 765.52 878.24 962.71 973.11 927.17 1015.30 1082.99 1196.10 1233.31 1201.16 -99.90 -99.90 -99.90 -99.90 -99.90 -99.90 -99.90 -99.90 -99.90 -99.90 -99.90 -99.90 -99.90 -99.90 -99.90 -99.90 -99.90 -99.90 -99.90 -99.90 -99.90 -99.90 -99.90 -99.90 -99.90 -99.90 -99.90 -99.90 -99.90 -99.90 -99.90 -99.90 -99.90 -99.90 -99.90 -99.90 -99.90 -99.90 -99.90 -99.90 -99.90 -99.90 -99.90 -99.90 -99.90 -99.90 -99.90 2829.51 2792.16 2550.40
714.94 764.90 749.20 733.44 731.77 710.53 674.93 669.66 692.79 733.33 790.29 845.41 940.85 1037.72 1037.52 1035.43 1124.51 1202.63 1211.21 -99.90 -99.90 -99.90 -99.90 -99.90 -99.90 -99.90 -99.90 -99.90 -99.90 -99.90 -99.90 -99.90 -99.90 -99.90 -99.90 -99.90 -99.90 -99.90 -99.90 -99.90 -99.90 -99.90 -99.90 -99.90 -99.90 -99.90 -99.90 -99.90 -99.90 -99.90 -99.90 -99.90 -99.90 -99.90 -99.90 -99.90 -99.90 -99.90 -99.90 -99.90 -99.90 -99.90 -99.90 -99.90 -99.90 -99.90 2643.19 2828.72 2733.81 2536.06
